source	target	source_genesymbol	target_genesymbol	is_directed	is_stimulation	is_inhibition	consensus_direction	consensus_stimulation	consensus_inhibition	dorothea_level
P02340	P10417	Tp53	Bcl2	True	False	True	True	False	True	A
Q3V157	P15314	Q3V157	Irf1	True	True	False	True	True	False	A
F6Y2T6	P00860	F6Y2T6	Odc1	True	True	False	True	True	False	A
P70671	Q80SU4	Irf3	Ifna13	True	True	False	True	True	False	A
P70671	B1AYH7	Irf3	B1AYH7	True	True	False	True	True	False	A
P70671	P09235	Irf3	Ifna9	True	True	False	True	True	False	A
P70671	Q810G2	Irf3	Q810G2	True	True	False	True	True	False	A
P70671	P01572	Irf3	Ifna1	True	True	False	True	True	False	A
P70671	Q61718	Irf3	Q61718	True	True	False	True	True	False	A
P70671	L7MTU6	Irf3	L7MTU6	True	True	False	True	True	False	A
P70671	Q810G3	Irf3	Q810G3	True	True	False	True	True	False	A
P70671	Q61716	Irf3	Ifna11	True	True	False	True	True	False	A
P70671	Q80SS5	Irf3	Ifna12	True	True	False	True	True	False	A
P70671	Q810G5	Irf3	Q810G5	True	True	False	True	True	False	A
P70671	P07351	Irf3	Ifna4	True	True	False	True	True	False	A
P70671	Q1WWN2	Irf3	Q1WWN2	True	True	False	True	True	False	A
P70671	Q810G6	Irf3	Q810G6	True	True	False	True	True	False	A
P02340	P23804	Tp53	Mdm2	True	True	False	True	True	False	A
P42230	P05017	Stat5a	Igf1	True	True	False	True	True	False	A
P27577	P12032	Ets1	Timp1	True	True	True	True	True	False	A
P53762	Q64429	Arnt	Cyp1b1	True	True	False	True	True	False	A
Q3U5D9	Q64429	Q3U5D9	Cyp1b1	True	True	False	True	True	False	A
P02340	P24860	Tp53	Ccnb1	True	False	True	True	False	True	A
P42230	P25322	Stat5a	Ccnd1	True	True	False	True	True	False	A
P31266	P35428	Rbpj	Hes1	True	True	False	True	True	False	A
P16951	P25322	Atf2	Ccnd1	True	True	False	True	True	False	A
P05627	P25322	Jun	Ccnd1	True	True	True	True	True	False	A
Q60591	P07750	Nfatc2	Il4	True	True	False	True	True	False	A
P49698	Q3UWA6	Hnf4a	Gucy2c	True	True	False	True	True	False	A
P11416	P50405	Rara	Sftpb	True	True	False	True	True	False	A
P05627	P39689	Jun	Cdkn1a	True	True	True	True	True	False	A
P05627	P02340	Jun	Tp53	True	False	True	True	False	True	A
A0A979HLR9	P41047	A0A979HLR9	Faslg	True	True	False	True	True	False	A
P19091	P15948	Ar	Klk1b22	True	True	True	True	True	False	A;D
P19091	P00755	Ar	Klk1b1	True	True	True	True	True	False	A;D
P19091	Q61754	Ar	Klk1b24	True	True	True	True	True	False	A;D
P19091	P04071	Ar	Klk1b16	True	True	True	True	True	False	A;D
P19091	Q61759	Ar	Klk1b21	True	True	True	True	True	False	A;D
P19091	P15949	Ar	Klk1b9	True	True	True	True	True	False	A;D
P19091	P15947	Ar	Klk1	True	True	True	True	True	False	A;D
P19091	Q9JM71	Ar	Klk1b27	True	True	True	True	True	False	A;D
P19091	P00756	Ar	Klk1b3	True	True	True	True	True	False	A;D
P19091	P15945	Ar	Klk1b5	True	True	True	True	True	False	A;D
P19091	P07628	Ar	Klk1b8	True	True	True	True	True	False	A;D
P19091	P36369	Ar	Klk1b26	True	True	True	True	True	False	A;D
P19091	P15946	Ar	Klk1b11	True	True	True	True	True	False	A;D
P19091	P00757	Ar	Klk1b4	True	True	True	True	True	False	A;D
P81269	P26361	Atf1	Cftr	True	True	False	True	True	False	A
A0A979HLR9	P48757	A0A979HLR9	Gast	True	True	False	True	True	False	A
Q08369	P05125	Gata4	Nppa	True	True	False	True	True	False	A
P18911	P22605	Rarg	Rarb	True	True	False	True	True	False	A
P22605	P18911	Rarb	Rarg	True	False	True	False	False	False	A
Q04207	P27512	Rela	Cd40	True	True	False	True	True	False	A
Q04207	P01580	Rela	Ifng	True	True	False	True	True	False	A
O08537	P11416	Esr2	Rara	True	True	False	True	True	False	A
P19785	P11416	Esr1	Rara	True	True	False	True	True	False	A
P63015	Z4YJD9	Pax6	Z4YJD9	True	True	False	True	True	False	A
P70314	G3X9G6	Pitx1	G3X9G6	True	True	False	True	True	False	C
P08046	G3X9G6	Egr1	G3X9G6	True	True	False	True	True	False	A;D
P01101	P02340	Fos	Tp53	True	True	False	False	False	False	A
P02340	P01101	Tp53	Fos	True	False	True	True	False	True	A
A0A979HLR9	P01101	A0A979HLR9	Fos	True	True	False	True	True	False	A
A0A979HLR9	P08046	A0A979HLR9	Egr1	True	True	False	True	True	False	A
P08046	Q32NY6	Egr1	Q32NY6	True	False	False	False	False	False	C
P01108	P17182	Myc	Eno1	True	True	False	False	False	False	A
P02340	P25322	Tp53	Ccnd1	True	False	True	True	False	True	A
Q01147	Q9Z2V4	Creb1	Pck1	True	True	False	True	True	False	A
Q04207	P29477	Rela	Nos2	True	True	False	True	True	False	A
P25799	P29477	Nfkb1	Nos2	True	True	False	True	True	False	A
Q06507	A0A2R8VHR8	Atf4	Ddit3	True	True	False	True	True	False	A
Q06507	P35639	Atf4	Ddit3	True	True	False	True	True	False	A
Q06507	Q60765	Atf4	Atf3	True	True	False	True	True	False	A
Q60765	A0A2R8VHR8	Atf3	Ddit3	True	True	False	True	True	False	A
Q60765	P35639	Atf3	Ddit3	True	True	False	True	True	False	A
P97471	G5E899	Smad4	G5E899	True	True	False	True	True	False	A
Q8BUN5	G5E899	Smad3	G5E899	True	True	False	True	True	False	A
A0A087WSP5	P23611	A0A087WSP5	Irf8	True	True	False	True	True	False	A
P63015	P55095	Pax6	Gcg	True	True	False	True	True	False	C
P02340	Q07813	Tp53	Bax	True	True	False	True	True	False	A
P02340	P51945	Tp53	Ccng1	True	True	False	True	True	False	A
P02340	P48316	Tp53	Gadd45a	True	True	True	True	True	False	A
Q3V157	P01580	Q3V157	Ifng	True	True	False	True	True	False	A
P33242	P27786	Nr5a1	Cyp17a1	True	True	False	True	True	False	A
P01101	A0A087WR05	Fos	A0A087WR05	True	False	False	False	False	False	B
Q9WVH4	P41047	Foxo3	Faslg	True	True	False	True	True	False	A
Q61069	P19096	Usf1	Fasn	True	True	False	True	True	False	A
P41969	P08228	Elk1	Sod1	True	True	False	True	True	False	A
P26323	O88186	Fli1	Gp9	True	True	False	True	True	False	A
P26323	Q9QUM0	Fli1	Itga2b	True	True	False	True	True	False	A
P08046	P41969	Egr1	Elk1	True	True	False	False	False	False	A
P41969	P08046	Elk1	Egr1	True	True	False	True	True	False	A
P41158	P08046	Elk4	Egr1	True	True	False	True	True	False	C
P53566	P07724	Cebpa	Alb	True	True	False	True	True	False	A
P15314	Q4VK74	Irf1	Ifnl2	True	True	False	True	True	False	C
P15314	Q8CGK6	Irf1	Ifnl3	True	True	False	True	True	False	C
P70671	Q4VK74	Irf3	Ifnl2	True	True	False	True	True	False	C
P70671	Q8CGK6	Irf3	Ifnl3	True	True	False	True	True	False	C
Q01147	P25322	Creb1	Ccnd1	True	True	False	True	True	False	A
A0A087WSP5	P01580	A0A087WSP5	Ifng	True	True	True	True	True	False	A
P05627	P08505	Jun	Il6	True	True	False	True	True	False	A
Q61221	P07321	Hif1a	Epo	True	True	False	True	True	False	A
P01108	P48964	Myc	Cdc25a	True	True	False	True	True	False	A
Q9JJP2	P02340	Tp73	Tp53	True	True	False	True	True	False	C
P53762	P07321	Arnt	Epo	True	True	False	True	True	False	A
Q9JJP2	P23804	Tp73	Mdm2	True	True	False	True	True	False	A
P02340	Q9JJP2	Tp53	Tp73	True	True	False	False	False	False	A
Q9JJP2	P39689	Tp73	Cdkn1a	True	True	False	True	True	False	A
Q8R0K9	Q61501	E2f4	E2f1	True	False	True	True	False	True	A
P01101	P07903	Fos	Ercc1	True	True	False	True	True	False	A
A0A979HLR9	P39689	A0A979HLR9	Cdkn1a	True	True	True	True	True	False	A
P15037	P04401	Ets2	Il5	True	True	False	True	True	False	A
P23772	P04401	Gata3	Il5	True	True	False	True	True	False	A
P27577	P04401	Ets1	Il5	True	True	False	True	True	False	A
A0A979HLR9	P04202	A0A979HLR9	Tgfb1	True	True	False	True	True	False	A
P05627	P97926	Jun	Oxtr	True	True	False	True	True	False	A
A4QPD3	P01590	A4QPD3	Il2ra	True	True	False	True	True	False	A
A0A979HLR9	P35951	A0A979HLR9	Ldlr	True	True	False	True	True	False	A
Q00899	P35951	Yy1	Ldlr	True	False	True	True	False	True	A
P53566	Q9Z2V4	Cebpa	Pck1	True	True	False	True	True	False	A
F6Y2T6	P39689	F6Y2T6	Cdkn1a	True	True	False	True	True	False	A
Q00899	A0A0R4J0N8	Yy1	A0A0R4J0N8	True	False	True	True	False	True	A
P01108	A0A0R4J0N8	Myc	A0A0R4J0N8	True	True	False	True	True	False	A
Q61069	A0A0R4J0N8	Usf1	A0A0R4J0N8	True	True	False	True	True	False	A
P33242	G3X9G6	Nr5a1	G3X9G6	True	True	True	True	True	False	A
P16951	P06804	Atf2	Tnf	True	True	False	True	True	False	A
P05627	P06804	Jun	Tnf	True	True	False	True	True	False	A
P27782	P25322	Lef1	Ccnd1	True	True	False	True	True	False	A
P28033	P51557	Cebpb	Star	True	True	False	True	True	False	A
P33242	P51557	Nr5a1	Star	True	True	True	True	True	False	A
Q9JM73	P01101	Srf	Fos	True	True	False	True	True	False	A
P01108	P39689	Myc	Cdkn1a	True	True	True	True	False	True	A
P05627	P04351	Jun	Il2	True	True	True	True	True	False	A
Q04887	D6RFS9	Sox9	D6RFS9	True	True	False	True	True	False	A
Q04887	Q61865	Sox9	Mia	True	True	False	True	True	False	A
P15314	Q80SU4	Irf1	Ifna13	True	True	False	True	True	False	A;D
P15314	B1AYH7	Irf1	B1AYH7	True	True	False	True	True	False	A;D
P15314	P09235	Irf1	Ifna9	True	True	False	True	True	False	A;D
P15314	Q810G2	Irf1	Q810G2	True	True	False	True	True	False	A;D
P15314	P01572	Irf1	Ifna1	True	True	False	True	True	False	A;D
P15314	Q61718	Irf1	Q61718	True	True	False	True	True	False	A;D
P15314	L7MTU6	Irf1	L7MTU6	True	True	False	True	True	False	A;D
P15314	Q810G3	Irf1	Q810G3	True	True	False	True	True	False	A;D
P15314	Q61716	Irf1	Ifna11	True	True	False	True	True	False	A;D
P15314	Q80SS5	Irf1	Ifna12	True	True	False	True	True	False	A;D
P15314	Q810G5	Irf1	Q810G5	True	True	False	True	True	False	A;D
P15314	P07351	Irf1	Ifna4	True	True	False	True	True	False	A;D
P15314	Q1WWN2	Irf1	Q1WWN2	True	True	False	True	True	False	A;D
P15314	Q810G6	Irf1	Q810G6	True	True	False	True	True	False	A;D
P15314	P23906	Irf1	Irf2	True	True	False	True	True	False	A
P02340	Q9JLJ0	Tp53	Litaf	True	True	False	True	True	False	A
P02340	Q04211	Tp53	Btg2	True	True	False	True	True	False	A
O70494	P39689	Sp3	Cdkn1a	True	True	True	True	True	False	A
P02340	P17918	Tp53	Pcna	True	True	False	True	True	False	A
A0A087WSP5	P01575	A0A087WSP5	Ifnb1	True	False	True	True	False	True	A
P16951	P05627	Atf2	Jun	True	True	False	True	True	False	A
P08046	A0A0R4J088	Egr1	A0A0R4J088	True	True	False	True	True	False	A
Q9JM73	P08046	Srf	Egr1	True	True	False	True	True	False	A
P49698	A0A0R4J0X5	Hnf4a	A0A0R4J0X5	True	True	False	True	True	False	A
P49698	P07758	Hnf4a	Serpina1a	True	True	False	True	True	False	A
P49698	Q00897	Hnf4a	Serpina1d	True	True	False	True	True	False	A
P49698	P22599	Hnf4a	Serpina1b	True	True	False	True	True	False	A
P49698	Q00898	Hnf4a	Serpina1e	True	True	False	True	True	False	A
P05627	P01587	Jun	Csf2	True	True	False	True	True	False	A
Q60591	P01587	Nfatc2	Csf2	True	True	False	True	True	False	A
Q60929	P05627	Mef2a	Jun	True	True	False	True	True	False	A
Q08775	P33435	Runx2	Mmp13	True	True	False	True	True	False	A
P62960	P33435	Ybx1	Mmp13	True	False	True	True	False	True	A
P52946	P01325	Pdx1	Ins1	True	True	False	True	True	False	A
P52946	P01326	Pdx1	Ins2	True	True	False	True	True	False	A
P48377	P17918	Rfx1	Pcna	True	False	True	True	False	True	A
Q61501	P00375	E2f1	Dhfr	True	True	False	True	True	False	A
F6Y2T6	Q80YQ1	F6Y2T6	Q80YQ1	True	True	True	True	True	False	A
A0A979HLR9	P47879	A0A979HLR9	Igfbp4	True	True	False	True	True	False	A
P01108	P02340	Myc	Tp53	True	True	False	True	True	False	A
P02340	P01108	Tp53	Myc	True	False	True	False	False	False	A
P25799	P02340	Nfkb1	Tp53	True	True	False	True	True	False	A
P02340	Q04207	Tp53	Rela	True	True	False	False	False	False	A
Q04207	P02340	Rela	Tp53	True	True	False	True	True	False	A
Q9R1E0	P47876	Foxo1	Igfbp1	True	True	True	True	True	False	A
P42230	P10598	Stat5a	Csn2	True	True	False	True	True	False	A
P17433	A0A1W2P8G5	Spi1	A0A1W2P8G5	True	True	False	True	True	False	B
Q3U5D9	P00184	Q3U5D9	Cyp1a1	True	True	True	True	True	False	A
A0A0A6YWQ4	Q64505	A0A0A6YWQ4	Cyp7a1	True	False	True	True	False	True	C
A0A087WSP5	O35718	A0A087WSP5	Socs3	True	True	False	True	True	False	A
A0A0R4J1Z4	P04401	A0A0R4J1Z4	Il5	True	True	False	True	True	False	A
Q00899	P04401	Yy1	Il5	True	True	False	True	True	False	A
P11416	P06869	Rara	Plau	True	True	False	True	True	False	A
A0A979HLR9	P06869	A0A979HLR9	Plau	True	True	False	True	True	False	A
P27782	Q3UN27	Lef1	Q3UN27	True	True	False	True	True	False	A
P17433	P35991	Spi1	Btk	True	True	False	True	True	False	A
A0A979HLR9	P35991	A0A979HLR9	Btk	True	True	False	True	True	False	A
O70494	P35991	Sp3	Btk	True	True	False	True	True	False	A
A0A979HLR9	O70494	A0A979HLR9	Sp3	True	True	False	True	True	False	A
P08046	P20033	Egr1	Pdgfa	True	True	False	True	True	False	A
P05627	P21447	Jun	Abcb1a	True	True	True	True	False	True	A
Q04207	P27548	Rela	Cd40lg	True	True	False	True	True	False	A
P53566	A0A979HLR9	Cebpa	A0A979HLR9	True	False	False	False	False	False	A
A0A979HLR9	P00860	A0A979HLR9	Odc1	True	True	False	True	True	False	A
P01108	P48754	Myc	Brca1	True	True	False	True	True	False	A
P33242	P28649	Nr5a1	Cyp19a1	True	True	True	True	True	False	A
P19785	Q8CBD1	Esr1	Nrip1	True	True	False	True	True	False	C
P01108	P00860	Myc	Odc1	True	True	False	True	True	False	A
P01108	P26350	Myc	Ptma	True	True	False	True	True	False	A
P03966	Q62433	Mycn	Ndrg1	True	True	True	True	False	True	A
P01108	Q62433	Myc	Ndrg1	True	False	True	True	False	True	A
O88898	P39689	Tp63	Cdkn1a	True	True	False	True	True	False	A
A0A979HLR9	Q9QZ82	A0A979HLR9	Cyp11a1	True	True	False	True	True	False	A
A0A0U1RNL9	P01108	A0A0U1RNL9	Myc	True	True	False	True	True	False	A
Q00286	P06880	Pou1f1	Gh1	True	True	False	True	True	False	A
P08046	P81269	Egr1	Atf1	True	False	False	False	False	False	C
P81269	P08046	Atf1	Egr1	True	True	False	True	True	False	C
P08046	Q01147	Egr1	Creb1	True	False	False	False	False	False	C
Q01147	P08046	Creb1	Egr1	True	True	False	True	True	False	A
P08046	P21447	Egr1	Abcb1a	True	True	False	True	True	False	A
F6Y2T6	P21447	F6Y2T6	Abcb1a	True	True	False	True	True	False	A
A0A087WSP5	P27512	A0A087WSP5	Cd40	True	True	False	True	True	False	A
O54915	Q64459	Nr1i2	Cyp3a11	True	True	False	True	True	False	A
O54915	Q9JMA7	Nr1i2	Cyp3a41a; Cyp3a41b	True	True	False	True	True	False	A
O54915	Q64464	Nr1i2	Cyp3a13	True	True	False	True	True	False	A
F6Y2T6	P10417	F6Y2T6	Bcl2	True	True	False	True	True	False	A
P01101	Q06890	Fos	Clu	True	False	True	True	False	True	A
P48755	Q06890	Fosl1	Clu	True	True	False	True	True	False	A
P09450	Q06890	Junb	Clu	True	True	False	True	True	False	A
Q01147	P24529	Creb1	Th	True	True	False	True	True	False	A
O08537	P35454	Esr2	Oxt	True	True	False	True	True	False	A
A0A979HLR9	P21447	A0A979HLR9	Abcb1a	True	True	False	True	True	False	A
P05627	P17433	Jun	Spi1	True	True	False	True	True	False	A
P97471	P39689	Smad4	Cdkn1a	True	True	False	True	True	False	A
P19785	P01027	Esr1	C3	True	True	False	True	True	False	A
P08046	P06804	Egr1	Tnf	True	True	False	True	True	False	A
P42230	P53347	Stat5a	Osm	True	True	False	True	True	False	A
A0A979HLR9	P11276	A0A979HLR9	Fn1	True	True	False	True	True	False	A
P08046	P53690	Egr1	Mmp14	True	True	False	True	True	False	A
P42230	Q64373	Stat5a	Bcl2l1	True	True	False	True	True	False	A
A0A979HLR9	P41160	A0A979HLR9	Lep	True	True	False	True	True	False	A
A0A087WSP5	Q05769	A0A087WSP5	Ptgs2	True	True	False	True	True	False	A
P28033	P08505	Cebpb	Il6	True	True	True	True	False	True	A
Q02650	P11911	Pax5	Cd79a	True	True	False	True	True	False	A
P27577	A0A0A6YX03	Ets1	A0A0A6YX03	True	True	True	True	True	False	A
A0A0R4J1Z4	A0A494B9M4	A0A0R4J1Z4	A0A494B9M4	True	False	True	True	False	True	A
P27577	Q8R4G6	Ets1	Mgat5	True	True	False	True	True	False	A
A0A087WSP5	P07901	A0A087WSP5	Hsp90aa1	True	False	True	True	False	True	A
P38532	P07901	Hsf1	Hsp90aa1	True	True	False	True	True	False	C
P38532	Q3U2G2	Hsf1	Q3U2G2	True	True	False	True	True	False	A
P28033	Q61646	Cebpb	Hp	True	True	False	True	True	False	A
Q61221	Q62351	Hif1a	Tfrc	True	True	False	True	True	False	A
P01108	Q3U2G2	Myc	Q3U2G2	True	True	False	True	True	False	A
A0A979HLR9	P49769	A0A979HLR9	Psen1	True	True	False	True	True	False	A
P33242	Q61066	Nr5a1	Nr0b1	True	True	False	True	True	False	A
Q61066	P33242	Nr0b1	Nr5a1	True	False	True	False	False	False	A
A0A979HLR9	P51881	A0A979HLR9	Slc25a5	True	True	False	True	True	False	A
P19785	Q61501	Esr1	E2f1	True	True	False	True	True	False	A
A0A979HLR9	Q61501	A0A979HLR9	E2f1	True	True	False	True	True	False	A
A0A979HLR9	P17433	A0A979HLR9	Spi1	True	True	False	True	True	False	A
P17433	P10749	Spi1	Il1b	True	True	False	True	True	False	A
Q02650	P16277	Pax5	Blk	True	True	True	True	True	False	A
Q3U1N2	P35951	Srebf2	Ldlr	True	True	False	True	True	False	A
Q00175	P47876	Pgr	Igfbp1	True	True	False	True	True	False	A
P33242	Q9QZ82	Nr5a1	Cyp11a1	True	True	False	True	True	False	A
P25799	P25322	Nfkb1	Ccnd1	True	True	True	True	True	False	A
Q04207	P25322	Rela	Ccnd1	True	True	True	True	True	False	A
P28033	P10749	Cebpb	Il1b	True	True	False	True	True	False	A
Q04207	P06869	Rela	Plau	True	True	False	True	True	False	A
A0A6I8MWY6	A8DUK4	A0A6I8MWY6	A8DUK4	True	True	False	True	True	False	B
A4QPD3	Q62401	A4QPD3	Ccl12	True	True	False	True	True	False	A
Q04207	Q62401	Rela	Ccl12	True	True	False	True	True	False	A
P02340	A0A087WQP2	Tp53	A0A087WQP2	True	True	False	True	True	False	A
Q9JJP2	A0A087WQP2	Tp73	A0A087WQP2	True	True	False	True	True	False	C
F6Y2T6	P03966	F6Y2T6	Mycn	True	False	True	True	False	True	A
Q01147	P05627	Creb1	Jun	True	False	True	True	False	True	A
A0A979HLR9	P52927	A0A979HLR9	Hmga2	True	True	False	True	True	False	A
O70494	P52927	Sp3	Hmga2	True	True	False	True	True	False	A
Q8BRF1	Q08874	Q8BRF1	Mitf	True	True	True	True	True	False	A
Q04207	P06804	Rela	Tnf	True	True	False	True	True	False	A
P25799	P06804	Nfkb1	Tnf	True	True	False	True	True	False	A
P70255	P00184	Nfic	Cyp1a1	True	False	True	True	False	True	A
Q61501	P13405	E2f1	Rb1	True	True	False	True	True	False	A
A0A979HLR9	P30730	A0A979HLR9	Lhcgr	True	True	False	True	True	False	A
O08580	P28649	Esrra	Cyp19a1	True	True	False	True	True	False	A
Q61069	D3Z2C4	Usf1	D3Z2C4	True	True	False	True	True	False	A
A0A979HLR9	P25322	A0A979HLR9	Ccnd1	True	True	False	True	True	False	A
P19785	Q61312	Esr1	Tfap2c	True	True	False	False	False	False	A
Q61312	P19785	Tfap2c	Esr1	True	True	False	True	True	False	A
P19785	P25322	Esr1	Ccnd1	True	True	False	True	True	False	A
Q00288	O08710	Pax8	Tg	True	True	True	True	True	False	A
F6Y2T6	E9QNX9	F6Y2T6	E9QNX9	True	False	True	True	False	True	A
A0A979HLR9	P43406	A0A979HLR9	Itgav	True	True	True	True	True	False	A
O70494	P43406	Sp3	Itgav	True	True	False	True	True	False	A
Q61501	Q61457	E2f1	Ccne1	True	True	False	True	True	False	A
Q61501	P25322	E2f1	Ccnd1	True	True	False	True	True	False	A
Q00899	P02340	Yy1	Tp53	True	True	True	True	True	False	A
A0A979HLR9	P33434	A0A979HLR9	Mmp2	True	True	False	True	True	False	A
O70494	P33434	Sp3	Mmp2	True	True	False	True	True	False	A
A2A5C3	P33434	A2A5C3	Mmp2	True	True	False	True	True	False	A
P16951	P39689	Atf2	Cdkn1a	True	True	False	True	True	False	A
P01108	P30280	Myc	Ccnd2	True	True	False	True	True	False	A
P08046	P25446	Egr1	Fas	True	False	True	True	False	True	A
P26323	Q62312	Fli1	Tgfbr2	True	True	True	True	True	False	A
A0A979HLR9	Q07813	A0A979HLR9	Bax	True	True	False	True	True	False	A
P27577	P02340	Ets1	Tp53	True	True	False	True	True	False	A
P15037	P02340	Ets2	Tp53	True	True	False	True	True	False	A
P08046	Q61127	Egr1	Nab2	True	True	False	True	True	False	A
P02340	P11440	Tp53	Cdk1	True	False	True	True	False	True	A
Q60641	P51162	Nr1h4	Fabp6	True	True	False	True	True	False	A
P02340	P46414	Tp53	Cdkn1b	True	True	False	True	True	False	A
A0A0G2JEM8	P05627	A0A0G2JEM8	Jun	True	True	True	True	True	False	A
A0A087WSP5	P15314	A0A087WSP5	Irf1	True	True	True	True	True	False	A
P15314	A0A087WSP5	Irf1	A0A087WSP5	True	True	False	False	False	False	B
P23204	P12242	Ppara	Ucp1	True	True	True	True	True	False	A
P28033	P06880	Cebpb	Gh1	True	True	False	True	True	False	A
P01101	P28033	Fos	Cebpb	True	True	False	False	False	False	C
P28033	P01101	Cebpb	Fos	True	True	False	True	True	False	A
P81269	P18893	Atf1	Il10	True	True	False	True	True	False	A
Q01147	P18893	Creb1	Il10	True	True	False	True	True	False	A
Q04207	P08505	Rela	Il6	True	True	True	True	True	False	A
P17433	D3YYP8	Spi1	D3YYP8	True	True	False	True	True	False	A
Q61069	P24860	Usf1	Ccnb1	True	True	False	True	True	False	A
P19091	P01108	Ar	Myc	True	True	False	True	True	False	A
A0A979HLR9	A0A0R4J088	A0A979HLR9	A0A0R4J088	True	True	False	True	True	False	A
P25799	P13597	Nfkb1	Icam1	True	True	False	True	True	False	A
P27577	A0A0R4J0A4	Ets1	A0A0R4J0A4	True	True	False	True	True	False	A
P25799	Q3UPN1	Nfkb1	Q3UPN1	True	True	False	True	True	False	A
Q04207	P13597	Rela	Icam1	True	True	False	True	True	False	A
Q04207	Q3UPN1	Rela	Q3UPN1	True	True	False	True	True	False	A
P02340	Q9QXV3	Tp53	Ing1	True	True	False	True	True	False	A
Q6PZD9	P08071	Cebpe	Ltf	True	True	False	True	True	False	A
Q61069	P97929	Usf1	Brca2	True	True	False	True	True	False	A
Q60775	P97929	Elf1	Brca2	True	True	False	True	True	False	A
Q64705	P97929	Usf2	Brca2	True	True	False	True	True	False	A
A0A979HLR9	P06804	A0A979HLR9	Tnf	True	True	True	True	True	False	A
Q8BUN5	O35253	Smad3	Smad7	True	True	True	True	True	False	A
P97471	O35253	Smad4	Smad7	True	True	False	True	True	False	A
P48755	P54320	Fosl1	Eln	True	False	True	True	False	True	A
P05627	P54320	Jun	Eln	True	False	True	True	False	True	A
Q61221	P39689	Hif1a	Cdkn1a	True	True	False	True	True	False	A
F6VAN0	P20029	Atf6	Hspa5	True	True	False	True	True	False	A
P81269	P27090	Atf1	Tgfb2	True	True	False	True	True	False	A
P01108	B2RQC6	Myc	Cad	True	True	False	True	True	False	A
P23611	O70145	Irf8	Ncf2	True	True	False	True	True	False	A
P08046	Q9JJP2	Egr1	Tp73	True	True	False	True	True	False	A
P81270	P35330	Erg	Icam2	True	True	False	True	True	False	A
A0A979HLR9	P70313	A0A979HLR9	Nos3	True	True	False	True	True	False	A
Q61164	P12023	Ctcf	App	True	True	True	True	True	False	A
P25799	Q64373	Nfkb1	Bcl2l1	True	True	True	True	True	False	A
Q04207	Q64373	Rela	Bcl2l1	True	True	True	True	True	False	A
Q9WTN3	P19096	Srebf1	Fasn	True	True	False	True	True	False	A
P27699	P04351	Crem	Il2	True	True	True	True	True	False	A
Q08874	P11344	Mitf	Tyr	True	True	False	True	True	False	A
Q61221	G5E899	Hif1a	G5E899	True	True	False	True	True	False	A
A0A087WPA7	Q61456	A0A087WPA7	Ccna1	True	True	False	True	True	False	A
Q61501	P55271	E2f1	Cdkn2b	True	True	False	True	True	False	A;D
Q61501	P51943	E2f1	Ccna2	True	True	False	True	True	False	A
A0A087WR05	P97360	A0A087WR05	Etv6	True	True	False	True	True	False	B
P97360	A0A087WR05	Etv6	A0A087WR05	True	False	False	False	False	False	C
P02340	Q9QZM4	Tp53	Tnfrsf10b	True	True	False	True	True	False	A
P02340	P48754	Tp53	Brca1	True	False	True	True	False	True	A
P01108	P14901	Myc	Hmox1	True	True	False	True	True	False	A
Q8BUN5	P39689	Smad3	Cdkn1a	True	True	False	True	True	False	A
F6Y2T6	O70372	F6Y2T6	Tert	True	False	True	True	False	True	A
P01101	P04351	Fos	Il2	True	True	False	True	True	False	A
P19091	P39689	Ar	Cdkn1a	True	True	True	True	True	False	A
P02340	O88898	Tp53	Tp63	True	False	True	True	False	True	A
P08046	P09535	Egr1	Igf2	True	True	False	True	True	False	A
F6Y2T6	P09535	F6Y2T6	Igf2	True	False	True	True	False	True	A
P27577	Q924X4	Ets1	Q924X4	True	True	False	True	True	False	A
A0A979HLR9	E9QAS8	A0A979HLR9	E9QAS8	True	True	False	True	True	False	A
P02340	P04202	Tp53	Tgfb1	True	True	False	True	True	False	A
P02340	Q9Z0J7	Tp53	Gdf15	True	True	False	True	True	False	A
A0A979HLR9	P05480	A0A979HLR9	Src	True	True	False	True	True	False	A
P70340	D3Z4N2	Smad1	D3Z4N2	True	True	False	True	True	False	A
Q61164	P01108	Ctcf	Myc	True	True	True	True	False	True	A
P49698	Q64505	Hnf4a	Cyp7a1	True	False	True	True	False	True	A
P11416	P22605	Rara	Rarb	True	True	False	True	True	False	A
P28033	Q05769	Cebpb	Ptgs2	True	True	True	True	True	False	A
P23204	P11152	Ppara	Lpl	True	True	False	True	True	False	A
Q60867	P01325	Neurod1	Ins1	True	True	False	True	True	False	A
Q60867	P01326	Neurod1	Ins2	True	True	False	True	True	False	A
A0A979HLR9	Q62401	A0A979HLR9	Ccl12	True	True	False	True	True	False	A
Q04207	P11276	Rela	Fn1	True	True	True	True	True	False	A
P25799	P11276	Nfkb1	Fn1	True	True	True	True	True	False	A
Q00175	P01108	Pgr	Myc	True	False	True	True	False	True	A
P35583	P52946	Foxa2	Pdx1	True	True	False	True	True	False	A
Q02085	A0A0R4IZW5	Snai1	A0A0R4IZW5	True	False	True	True	False	True	A
A0A979HLR9	P18893	A0A979HLR9	Il10	True	True	False	True	True	False	A
P01101	A2APM2	Fos	A2APM2	True	True	False	True	True	False	B
P05627	A2APM2	Jun	A2APM2	True	True	False	True	True	False	A
P05627	Q05769	Jun	Ptgs2	True	True	False	True	True	False	A
P19091	Q61233	Ar	Lcp1	True	True	False	True	True	False	C
P08046	A0A0R4J0A4	Egr1	A0A0R4J0A4	True	True	False	True	True	False	A
A0A979HLR9	P09671	A0A979HLR9	Sod2	True	True	True	True	True	False	A
P43241	F8VPT3	Cdx2	F8VPT3	True	True	False	True	True	False	A
P17433	A0A0R4IZY6	Spi1	A0A0R4IZY6	True	True	False	True	True	False	A
P33242	A0A8Q0P8A2	Nr5a1	A0A8Q0P8A2	True	True	False	True	True	False	A
P48281	P86547	Vdr	Bglap2	True	True	False	True	True	False	A
P48281	P86546	Vdr	Bglap	True	True	False	True	True	False	A
P48281	P54615	Vdr	Bglap3	True	True	False	True	True	False	A
Q61221	P29477	Hif1a	Nos2	True	True	False	True	True	False	A
P02340	P49817	Tp53	Cav1	True	True	False	True	True	False	A
P01101	G5E8A9	Fos	G5E8A9	True	True	False	True	True	False	A
P01101	Q9EPL5	Fos	Mmp1a	True	True	False	True	True	False	A
A0A979HLR9	P35456	A0A979HLR9	Plaur	True	True	False	True	True	False	A
Q61501	G5E899	E2f1	G5E899	True	False	True	True	False	True	A
P02340	P70124	Tp53	Serpinb5	True	True	False	True	True	False	A
A0A087WPA7	P10417	A0A087WPA7	Bcl2	True	True	True	True	True	False	A
P33242	P20263	Nr5a1	Pou5f1	True	True	False	True	True	False	A
P11416	P20263	Rara	Pou5f1	True	True	False	True	True	False	C
P08046	P49582	Egr1	Chrna7	True	True	False	True	True	False	A
P01101	P0DP26	Fos	Calm1	True	True	False	True	True	False	C;D
Q00288	P35419	Pax8	Tpo	True	True	False	True	True	False	A
A0A979HLR9	P06880	A0A979HLR9	Gh1	True	True	False	True	True	False	A
P27577	P10605	Ets1	Ctsb	True	True	False	True	True	False	A
O70494	P10605	Sp3	Ctsb	True	True	False	True	True	False	A
P15314	P01575	Irf1	Ifnb1	True	True	False	True	True	False	A
Q3V157	P01108	Q3V157	Myc	True	True	False	True	True	False	A
P01108	P04351	Myc	Il2	True	True	False	True	True	False	A
A0A979HLR9	Q61696	A0A979HLR9	Hspa1a	True	True	False	True	True	False	A
A0A979HLR9	P17879	A0A979HLR9	Hspa1b	True	True	False	True	True	False	A
P53566	D3Z0J0	Cebpa	D3Z0J0	True	True	False	True	True	False	A;D
P53566	Q8C1N9	Cebpa	Q8C1N9	True	True	False	True	True	False	A;D
P53566	Q45VN2	Cebpa	Defa20	True	True	False	True	True	False	A;D
P53566	P28310	Cebpa	Defa3	True	True	False	True	True	False	A;D
P53566	Q5G865	Cebpa	Defa24	True	True	False	True	True	False	A;D
P53566	L7N230	Cebpa	L7N230	True	True	False	True	True	False	A;D
P53566	Q5G866	Cebpa	Defa23	True	True	False	True	True	False	A;D
A4QPD3	P13597	A4QPD3	Icam1	True	True	False	True	True	False	A
Q8BUN5	P04202	Smad3	Tgfb1	True	True	True	True	True	False	A
O09100	P70313	Gata2	Nos3	True	True	False	True	True	False	A
Q60636	P01108	Prdm1	Myc	True	False	True	True	False	True	A
Q00899	P01108	Yy1	Myc	True	True	True	True	False	True	A
A0A979HLR9	Q04207	A0A979HLR9	Rela	True	True	False	True	True	False	A
A0A979HLR9	E9QNX9	A0A979HLR9	E9QNX9	True	True	False	True	True	False	A
O70494	Q3V0T4	Sp3	Itgad	True	True	False	True	True	False	A
A0A979HLR9	Q3V0T4	A0A979HLR9	Itgad	True	True	False	True	True	False	A
P02340	Q9JK95	Tp53	Perp	True	True	True	True	True	False	A
P01108	P41047	Myc	Faslg	True	True	False	True	True	False	A
P17433	Q9QUK6	Spi1	Tlr4	True	True	False	True	True	False	A
P19785	P08071	Esr1	Ltf	True	True	False	True	True	False	A
F6Y2T6	A0A8Q0P8A2	F6Y2T6	A0A8Q0P8A2	True	True	False	True	True	False	A
P23204	Q64505	Ppara	Cyp7a1	True	False	True	True	False	True	A
P02340	P21447	Tp53	Abcb1a	True	False	True	True	False	True	A
P27782	Q08874	Lef1	Mitf	True	True	False	True	True	False	A
P02340	P32299	Tp53	Bdkrb2	True	True	False	True	True	False	A
P53566	P08505	Cebpa	Il6	True	True	False	True	True	False	A
Q00322	P08505	Cebpd	Il6	True	True	False	True	True	False	B
Q60793	P39689	Klf4	Cdkn1a	True	True	True	True	True	False	A
P19785	P05017	Esr1	Igf1	True	True	False	True	True	False	A
Q01147	P10417	Creb1	Bcl2	True	True	False	True	True	False	A
F6Y2T6	A0A0R4IZW5	F6Y2T6	A0A0R4IZW5	True	False	True	True	False	True	A
P28033	P06804	Cebpb	Tnf	True	True	False	True	True	False	A
P08152	P41047	Egr2	Faslg	True	False	True	True	False	True	A
Q08639	Q61457	Tfdp1	Ccne1	True	True	False	True	True	False	A
P70661	Q60867	Neurog3	Neurod1	True	True	False	True	True	False	A
Q9JKD8	P01580	Tbx21	Ifng	True	True	False	True	True	False	A
P15314	A0A0R4J256	Irf1	A0A0R4J256	True	True	False	True	True	False	A
A0A087WSP5	A0A0R4J256	A0A087WSP5	A0A0R4J256	True	True	False	True	True	False	A
A0A979HLR9	Q62312	A0A979HLR9	Tgfbr2	True	True	False	True	True	False	A
P35583	P43120	Foxa2	Hhex	True	True	False	True	True	False	A
P33242	Q64326	Nr5a1	Mc2r	True	True	False	True	True	False	A
A0A979HLR9	Q01149	A0A979HLR9	Col1a2	True	True	False	True	True	False	A
Q9JM73	P12813	Srf	Nr4a1	True	True	False	True	True	False	C
A0A087WSP5	P42082	A0A087WSP5	Cd86	True	True	False	True	True	False	A
A0A979HLR9	P19091	A0A979HLR9	Ar	True	True	False	True	True	False	A
Q00422	P48754	Gabpa	Brca1	True	True	False	True	True	False	A
Q3UPW2	O70557	Elf3	Sprr2f	True	True	False	True	True	False	A
Q3UPW2	G5E8D1	Elf3	G5E8D1	True	True	False	True	True	False	A
Q3UPW2	O70556	Elf3	Sprr2e	True	True	False	True	True	False	A
Q3UPW2	O70555	Elf3	Sprr2d	True	True	False	True	True	False	A
Q3UPW2	O70559	Elf3	Sprr2h	True	True	False	True	True	False	A
Q3UPW2	O70560	Elf3	Sprr2i	True	True	False	True	True	False	A
Q3UPW2	A9JTY7	Elf3	A9JTY7	True	True	False	True	True	False	A
Q3UPW2	Q9CQK8	Elf3	Sprr2a1	True	True	False	True	True	False	A
Q3UPW2	O70558	Elf3	Sprr2g	True	True	False	True	True	False	A
P02340	O54908	Tp53	Dkk1	True	True	False	True	True	False	A
Q61221	Q61147	Hif1a	Cp	True	True	False	True	True	False	A
P23204	P41216	Ppara	Acsl1	True	True	True	True	True	False	A
A0A979HLR9	P20152	A0A979HLR9	Vim	True	True	False	True	True	False	A
P02340	O70372	Tp53	Tert	True	False	True	True	False	True	A
A0A979HLR9	O70372	A0A979HLR9	Tert	True	True	False	True	True	False	A
A0A0R4J1Z4	E9PZ30	A0A0R4J1Z4	E9PZ30	True	True	False	True	True	False	A;D
A0A0R4J1Z4	Q8R084	A0A0R4J1Z4	Q8R084	True	True	False	True	True	False	A;D
P01101	P33435	Fos	Mmp13	True	True	False	True	True	False	C
P05627	P33435	Jun	Mmp13	True	True	False	True	True	False	A
P15066	P33435	Jund	Mmp13	True	True	False	True	True	False	A
P08046	P11276	Egr1	Fn1	True	True	False	True	True	False	A
P08046	G5E899	Egr1	G5E899	True	True	False	True	True	False	A
P08046	P04202	Egr1	Tgfb1	True	True	False	True	True	False	A
Q9WVH3	P46414	Foxo4	Cdkn1b	True	True	False	True	True	False	A
P49698	D3Z2C4	Hnf4a	D3Z2C4	True	True	False	True	True	False	A
P02340	O35379	Tp53	Abcc1	True	True	False	True	True	False	A
A0A979HLR9	Q60846	A0A979HLR9	Tnfrsf8	True	True	False	True	True	False	A
Q00322	P06804	Cebpd	Tnf	True	True	False	True	True	False	A
Q9WTN3	Q3V117	Srebf1	Q3V117	True	True	False	True	True	False	A
Q3U1N2	Q3V117	Srebf2	Q3V117	True	True	False	True	True	False	A
A0A979HLR9	Q61009	A0A979HLR9	Scarb1	True	True	False	True	True	False	B
P05627	Q01279	Jun	Egfr	True	True	False	True	True	False	A
P01101	Q01279	Fos	Egfr	True	True	False	True	True	False	B
P09450	Q01279	Junb	Egfr	True	True	False	True	True	False	A
O08537	O70372	Esr2	Tert	True	True	False	True	True	False	A
A0A087WSP5	P41245	A0A087WSP5	Mmp9	True	False	True	True	False	True	A
A0A087WSP5	P26151	A0A087WSP5	Fcgr1	True	True	False	True	True	False	A
P15314	O35716	Irf1	Socs1	True	True	False	True	True	False	A
A0A087WSP5	O35716	A0A087WSP5	Socs1	True	True	False	True	True	False	A
P17433	P27512	Spi1	Cd40	True	True	False	True	True	False	A
O35906	P27512	Spib	Cd40	True	True	False	True	True	False	A
A0A979HLR9	Q05769	A0A979HLR9	Ptgs2	True	True	True	True	True	False	A
P27577	P55284	Ets1	Cdh5	True	True	False	True	True	False	B
P02340	P40237	Tp53	Cd82	True	True	False	True	True	False	A
A0A087WSP5	P13597	A0A087WSP5	Icam1	True	True	False	True	True	False	A
A0A979HLR9	Q01279	A0A979HLR9	Egfr	True	False	True	True	False	True	A
Q04207	G5E899	Rela	G5E899	True	True	True	True	True	False	A
Q00322	Q05769	Cebpd	Ptgs2	True	True	False	True	True	False	A
P08046	P24529	Egr1	Th	True	True	False	True	True	False	A
P97471	P04202	Smad4	Tgfb1	True	True	False	True	True	False	A
A0A979HLR9	O35253	A0A979HLR9	Smad7	True	True	False	True	True	False	B
A0A979HLR9	P48281	A0A979HLR9	Vdr	True	True	False	True	True	False	A
A0A979HLR9	P08071	A0A979HLR9	Ltf	True	True	False	True	True	False	A
Q61221	P97297	Hif1a	Adm	True	True	False	True	True	False	A
A0A087WSP5	P29477	A0A087WSP5	Nos2	True	True	False	True	True	False	A
Q9WTL8	O35973	Bmal1	Per1	True	True	False	True	True	False	A
O08785	O35973	Clock	Per1	True	True	False	True	True	False	A
Q9WTL8	Q60925	Bmal1	Dbp	True	True	False	True	True	False	A
P16951	P01575	Atf2	Ifnb1	True	True	False	True	True	False	A
P70671	P01575	Irf3	Ifnb1	True	True	True	True	False	True	A
P05627	P01575	Jun	Ifnb1	True	True	False	True	True	False	A
P27577	Q60737	Ets1	Csnk2a1	True	True	False	True	True	False	A
A0A979HLR9	Q60737	A0A979HLR9	Csnk2a1	True	True	False	True	True	False	A
P02340	A0A2I3BPL3	Tp53	A0A2I3BPL3	True	True	False	True	True	False	A
P09450	P55271	Junb	Cdkn2b	True	True	False	True	True	False	A
Q9Z0Y9	P41233	Nr1h3	Abca1	True	True	False	True	True	False	A
P17433	Q9D154	Spi1	Serpinb1a	True	True	False	True	True	False	A
P23204	Q924X2	Ppara	Cpt1b	True	True	False	True	True	False	C
P08046	Q9Z0Z7	Egr1	Klf5	True	True	False	True	True	False	B
P17433	P33434	Spi1	Mmp2	True	False	True	True	False	True	A
P01108	Q80YQ1	Myc	Q80YQ1	True	False	True	True	False	True	A
A0A979HLR9	A0A1W2P8G5	A0A979HLR9	A0A1W2P8G5	True	True	False	True	True	False	A
Q8BRF1	Q64373	Q8BRF1	Bcl2l1	True	True	False	True	True	False	A
P09021	Q00175	Hoxa5	Pgr	True	True	False	True	True	False	A
P28033	P14847	Cebpb	Crp	True	True	False	True	True	False	A
A0A979HLR9	G5E899	A0A979HLR9	G5E899	True	True	False	True	True	False	A
P43241	Q3UWA6	Cdx2	Gucy2c	True	True	False	True	True	False	A
P01101	P39689	Fos	Cdkn1a	True	False	True	True	False	True	A
P02340	P70677	Tp53	Casp3	True	True	False	True	True	False	A
A0A979HLR9	Q00175	A0A979HLR9	Pgr	True	True	False	True	True	False	A
P19785	Q00175	Esr1	Pgr	True	True	False	True	True	False	A
Q00175	P19785	Pgr	Esr1	True	True	False	False	False	False	A
P19785	P01132	Esr1	Egf	True	True	False	True	True	False	A
P16951	P01325	Atf2	Ins1	True	True	False	True	True	False	A
P16951	P01326	Atf2	Ins2	True	True	False	True	True	False	A
Q01147	P01325	Creb1	Ins1	True	True	False	True	True	False	A
Q01147	P01326	Creb1	Ins2	True	True	False	True	True	False	A
P01108	P48316	Myc	Gadd45a	True	False	True	True	False	True	A
P41969	P06804	Elk1	Tnf	True	True	False	True	True	False	A
P48755	G5E8A9	Fosl1	G5E8A9	True	True	False	True	True	False	A
P48755	Q9EPL5	Fosl1	Mmp1a	True	True	False	True	True	False	A
P05627	G5E8A9	Jun	G5E8A9	True	True	False	True	True	False	A
P05627	Q9EPL5	Jun	Mmp1a	True	True	False	True	True	False	A
Q61501	P07607	E2f1	Tyms	True	True	False	True	True	False	A
Q61501	P23804	E2f1	Mdm2	True	False	True	True	False	True	A
P01108	P55271	Myc	Cdkn2b	True	True	True	True	True	False	A
P49698	P70424	Hnf4a	Erbb2	True	True	False	True	True	False	C
P49698	P05480	Hnf4a	Src	True	True	False	True	True	False	B
P05627	Q62266	Jun	Sprr1a	True	True	False	True	True	False	A
P05627	Q62401	Jun	Ccl12	True	True	False	True	True	False	A
A0A979HLR9	P51557	A0A979HLR9	Star	True	True	False	True	True	False	A
P25799	P07141	Nfkb1	Csf1	True	True	False	True	True	False	A
Q61221	O55003	Hif1a	Bnip3	True	True	False	True	True	False	A
P70434	Q80SU4	Irf7	Ifna13	True	True	False	True	True	False	A
Q04888	E9QK82	Sox10	E9QK82	True	True	False	True	True	False	A
P70434	B1AYH7	Irf7	B1AYH7	True	True	False	True	True	False	A
P70434	P09235	Irf7	Ifna9	True	True	False	True	True	False	A
P70434	Q810G2	Irf7	Q810G2	True	True	False	True	True	False	A
P70434	P01572	Irf7	Ifna1	True	True	False	True	True	False	A
P70434	Q61718	Irf7	Q61718	True	True	False	True	True	False	A
P70434	L7MTU6	Irf7	L7MTU6	True	True	False	True	True	False	A
P70434	Q810G3	Irf7	Q810G3	True	True	False	True	True	False	A
P70434	Q61716	Irf7	Ifna11	True	True	False	True	True	False	A
P70434	Q80SS5	Irf7	Ifna12	True	True	False	True	True	False	A
P70434	Q810G5	Irf7	Q810G5	True	True	False	True	True	False	A
P70434	P07351	Irf7	Ifna4	True	True	False	True	True	False	A
P70434	Q1WWN2	Irf7	Q1WWN2	True	True	False	True	True	False	A
P70434	Q810G6	Irf7	Q810G6	True	True	False	True	True	False	A
P01101	P41245	Fos	Mmp9	True	True	True	True	True	False	A
P17679	Q3UGX2	Gata1	Q3UGX2	True	True	False	True	True	False	B
P19785	P26350	Esr1	Ptma	True	False	True	True	False	True	A
Q04888	Q08874	Sox10	Mitf	True	True	True	True	True	False	A
P05627	A0A0R4J1N5	Jun	A0A0R4J1N5	True	True	False	True	True	False	A
P27577	P49769	Ets1	Psen1	True	True	False	True	True	False	A
Q64318	A0A0R4IZW5	Zeb1	A0A0R4IZW5	True	True	True	True	False	True	A
A0A979HLR9	A0A0R4J132	A0A979HLR9	A0A0R4J132	True	True	False	True	True	False	A
Q9R1E0	P35576	Foxo1	G6pc1	True	True	False	True	True	False	A
A0A979HLR9	P63089	A0A979HLR9	Ptn	True	True	False	True	True	False	A
Q60765	Q3U5F6	Atf3	Q3U5F6	True	False	True	True	False	True	A
Q04207	P22387	Rela	Edn1	True	True	False	True	True	False	A
A0A979HLR9	P39655	A0A979HLR9	Alox12	True	True	False	True	True	False	A
F6Y2T6	P29268	F6Y2T6	Ccn2	True	False	True	True	False	True	A
A0A087WSP5	P21958	A0A087WSP5	Tap1	True	True	False	True	True	False	A
P25799	P08505	Nfkb1	Il6	True	True	True	True	True	False	A
Q01147	O08710	Creb1	Tg	True	True	False	True	True	False	A
A0A979HLR9	A2APM2	A0A979HLR9	A2APM2	True	True	False	True	True	False	A
P05627	Q60765	Jun	Atf3	True	True	False	True	True	False	A
P16951	Q60765	Atf2	Atf3	True	True	False	True	True	False	A
P02340	Q6PEE3	Tp53	Rrm2b	True	True	False	True	True	False	A
P28033	P39689	Cebpb	Cdkn1a	True	True	False	True	True	False	A
P19785	E9QNX9	Esr1	E9QNX9	True	True	False	True	True	False	B
A0A979HLR9	P19785	A0A979HLR9	Esr1	True	True	False	True	True	False	A
P19785	A0A979HLR9	Esr1	A0A979HLR9	True	True	False	False	False	False	A
P08046	Q62312	Egr1	Tgfbr2	True	False	True	True	False	True	A
F8VPV3	Q61616	F8VPV3	Drd1	True	False	True	True	False	True	A
Q8BUN5	A0A0R4J1N3	Smad3	A0A0R4J1N3	True	True	False	True	True	False	A
P97471	A0A0R4J1N3	Smad4	A0A0R4J1N3	True	True	False	True	True	False	A
A0A0R4J1Z4	Q9JHF7	A0A0R4J1Z4	Hpgds	True	True	False	True	True	False	A
P19785	Q3TKT4	Esr1	Smarca4	True	True	False	True	True	False	C
P38532	P01900	Hsf1	H2-D1	True	True	False	True	True	False	C
P38532	A7VMS6	Hsf1	A7VMS6	True	True	False	True	True	False	C
P38532	P14429	Hsf1	H2-Q7	True	True	False	True	True	False	C
P38532	P01895	Hsf1	H2-D1	True	True	False	True	True	False	C
P38532	P14426	Hsf1	H2-D1	True	True	False	True	True	False	C
P38532	P01898	Hsf1	H2-Q10	True	True	False	True	True	False	C
P38532	P01899	Hsf1	H2-D1	True	True	False	True	True	False	C
P38532	P14427	Hsf1	H2-D1	True	True	False	True	True	False	C
P05627	P97494	Jun	Gclc	True	True	False	True	True	False	A
Q61221	P02340	Hif1a	Tp53	True	True	False	True	True	False	A
P28033	P07750	Cebpb	Il4	True	True	False	True	True	False	A
Q61069	Q07235	Usf1	Serpine2	True	True	False	True	True	False	C
Q00322	P48316	Cebpd	Gadd45a	True	True	False	True	True	False	C
P19785	Q00623	Esr1	Apoa1	True	True	False	True	True	False	A
P33242	P15539	Nr5a1	Cyp11b2	True	True	True	True	False	True	A
P33242	Q3TG86	Nr5a1	Q3TG86	True	True	True	True	False	True	A
P81269	P01216	Atf1	Cga	True	True	False	True	True	False	A
Q01147	P01216	Creb1	Cga	True	True	False	True	True	False	A
O08537	Q00175	Esr2	Pgr	True	True	False	True	True	False	A
Q2VPD4	G5E899	Bmal2	G5E899	True	True	False	True	True	False	A
P17433	P17679	Spi1	Gata1	True	True	True	True	False	True	A
P19785	P19001	Esr1	Krt19	True	True	False	True	True	False	A
P49698	P28700	Hnf4a	Rxra	True	False	False	False	False	False	B
P19785	P31750	Esr1	Akt1	True	True	False	True	True	False	A
P19785	P70313	Esr1	Nos3	True	True	False	True	True	False	A
A0A979HLR9	Q8K409	A0A979HLR9	Polb	True	False	True	True	False	True	A
Q8R0K9	P11440	E2f4	Cdk1	True	True	False	True	True	False	A
P02340	Q8R0K9	Tp53	E2f4	True	True	False	True	True	False	C
P25799	P14847	Nfkb1	Crp	True	True	False	True	True	False	A
P25799	P10749	Nfkb1	Il1b	True	True	False	True	True	False	A
P05627	Q64669	Jun	Nqo1	True	True	True	True	True	False	A
Q60795	Q64669	Nfe2l2	Nqo1	True	True	True	True	True	False	A
P46684	P08226	Zic1	Apoe	True	True	False	True	True	False	A
F8VPV3	P08226	F8VPV3	Apoe	True	True	False	True	True	False	A
P16951	Q9Z2V4	Atf2	Pck1	True	True	False	True	True	False	A
F6Y2T6	P48281	F6Y2T6	Vdr	True	True	False	True	True	False	A
A0A979HLR9	P01582	A0A979HLR9	Il1a	True	True	False	True	True	False	A
P35582	P50405	Foxa1	Sftpb	True	True	False	True	True	False	A
O70494	P35546	Sp3	Ret	True	True	False	True	True	False	C
P35428	Q02067	Hes1	Ascl1	True	False	True	True	False	True	A
A4QPD3	A0A0R4J088	A4QPD3	A0A0R4J088	True	True	False	True	True	False	A
P25799	P41245	Nfkb1	Mmp9	True	True	True	True	True	False	A
P25799	Q9Z1E3	Nfkb1	Nfkbia	True	True	True	True	True	False	A
Q04207	P41245	Rela	Mmp9	True	True	True	True	True	False	A
Q04207	Q9Z1E3	Rela	Nfkbia	True	True	True	True	True	False	A
A0A979HLR9	P41245	A0A979HLR9	Mmp9	True	True	False	True	True	False	A
P02340	O70433	Tp53	Fhl2	True	True	False	True	True	False	B
F6Y2T6	Q01279	F6Y2T6	Egfr	True	False	True	True	False	True	A
Q60707	P55271	Tbx2	Cdkn2b	True	False	True	True	False	True	A
O70494	P09242	Sp3	Alpl	True	True	False	True	True	False	A
Q08874	P05532	Mitf	Kit	True	True	False	True	True	False	A
P15375	E9Q4Z2	Myf6	Acacb	True	True	False	True	True	False	A
P25799	Q05769	Nfkb1	Ptgs2	True	True	True	True	True	False	A
Q04207	Q05769	Rela	Ptgs2	True	True	True	True	True	False	A
Q61069	P10284	Usf1	Hoxb4	True	True	False	True	True	False	A
Q64705	P10284	Usf2	Hoxb4	True	True	False	True	True	False	A
P15314	P01900	Irf1	H2-D1	True	True	False	True	True	False	A
P15314	A7VMS6	Irf1	A7VMS6	True	True	False	True	True	False	A
P15314	P14429	Irf1	H2-Q7	True	True	False	True	True	False	A
P19785	P35455	Esr1	Avp	True	True	False	True	True	False	A
P15314	P01895	Irf1	H2-D1	True	True	False	True	True	False	A
P15314	P14426	Irf1	H2-D1	True	True	False	True	True	False	A
P15314	P01898	Irf1	H2-Q10	True	True	False	True	True	False	A
P15314	P01899	Irf1	H2-D1	True	True	False	True	True	False	A
P15314	P14427	Irf1	H2-D1	True	True	False	True	True	False	A
Q01147	Q05769	Creb1	Ptgs2	True	True	False	True	True	False	A
P23772	P07750	Gata3	Il4	True	True	False	True	True	False	A
A0A087WPA7	P21784	A0A087WPA7	Rag2	True	True	False	True	True	False	A
Q61312	P56567	Tfap2c	Csta	True	True	False	True	True	False	A
Q61312	B2RV77	Tfap2c	B2RV77	True	True	False	True	True	False	A
Q61312	P35174	Tfap2c	Stfa2	True	True	False	True	True	False	A
Q61312	Q8BWM3	Tfap2c	Q8BWM3	True	True	False	True	True	False	A
Q61312	Q9D8D6	Tfap2c	Q9D8D6	True	True	False	True	True	False	A
Q61312	Q05B95	Tfap2c	Q05B95	True	True	False	True	True	False	A
Q61312	P35173	Tfap2c	Stfa3	True	True	False	True	True	False	A
Q61312	L7N257	Tfap2c	L7N257	True	True	False	True	True	False	A
Q61312	Q497J0	Tfap2c	Q497J0	True	True	False	True	True	False	A
Q61312	P35175	Tfap2c	Stfa1	True	True	False	True	True	False	A
P02340	Q9QZ67	Tp53	Ppm1d	True	True	False	True	True	False	A
P01108	Q07813	Myc	Bax	True	True	False	True	True	False	A
P02340	P25446	Tp53	Fas	True	True	False	True	True	False	A
P02340	P41438	Tp53	Slc19a1	True	False	True	True	False	True	C
P81269	P24529	Atf1	Th	True	True	False	True	True	False	A
Q3U1N2	P53798	Srebf2	Fdft1	True	True	False	True	True	False	A
A0A979HLR9	P10889	A0A979HLR9	Cxcl2	True	True	False	True	True	False	A
A0A979HLR9	P12850	A0A979HLR9	Cxcl1	True	True	False	True	True	False	A
P25799	P26361	Nfkb1	Cftr	True	True	False	True	True	False	A
Q04207	P26361	Rela	Cftr	True	True	False	True	True	False	A
Q04207	P10749	Rela	Il1b	True	True	True	True	True	False	A
P17433	P06800	Spi1	Ptprc	True	True	False	True	True	False	A
Q3U5D9	P01108	Q3U5D9	Myc	True	True	False	True	True	False	A
Q04207	P01108	Rela	Myc	True	True	True	True	True	False	A
A0A087WPA7	Q3THS6	A0A087WPA7	Mat2a	True	True	False	True	True	False	A
Q01147	P06281	Creb1	Ren1	True	True	False	True	True	False	A
Q01147	P49769	Creb1	Psen1	True	True	False	True	True	False	A
A0A979HLR9	P02340	A0A979HLR9	Tp53	True	True	False	False	False	False	A
Q60795	P97494	Nfe2l2	Gclc	True	True	True	True	True	False	A
Q61069	P14069	Usf1	S100a6	True	True	False	True	True	False	A
Q61221	P17809	Hif1a	Slc2a1	True	True	False	True	True	False	A
P02340	Q61411	Tp53	Hras	True	True	True	True	True	False	A
P02340	P29477	Tp53	Nos2	True	False	True	True	False	True	A
A0A087WSP5	Q01149	A0A087WSP5	Col1a2	True	True	False	True	True	False	A
Q01147	Q62361	Creb1	Trh	True	True	False	True	True	False	A
P05627	P10749	Jun	Il1b	True	True	False	True	True	False	A
P19785	P48030	Esr1	Tgfa	True	True	False	True	True	False	A
Q9Z0Y9	P08226	Nr1h3	Apoe	True	True	False	True	True	False	A
Q9Z0Y9	Q64343	Nr1h3	Abcg1	True	True	False	True	True	False	A
P02340	O35280	Tp53	Chek1	True	False	True	True	False	True	A
P50220	P50405	Nkx2-1	Sftpb	True	True	False	True	True	False	A
Q8R0K9	P00375	E2f4	Dhfr	True	False	True	True	False	True	A
Q08639	P00375	Tfdp1	Dhfr	True	True	False	True	True	False	A
A2A5C3	Q3UN27	A2A5C3	Q3UN27	True	True	False	True	True	False	A
A0A979HLR9	P30280	A0A979HLR9	Ccnd2	True	True	False	True	True	False	A
P42230	P30280	Stat5a	Ccnd2	True	True	True	True	True	False	A
A4QPD3	P08505	A4QPD3	Il6	True	False	True	True	False	True	A
A4QPD3	P14847	A4QPD3	Crp	True	True	False	True	True	False	A
P63139	P04441	Nfyb	Cd74	True	True	False	True	True	False	B
P19091	Q61391	Ar	Mme	True	True	False	True	True	False	B
P28033	P09535	Cebpb	Igf2	True	True	False	True	True	False	A
A0A979HLR9	P09535	A0A979HLR9	Igf2	True	True	False	True	True	False	A
P19785	P18242	Esr1	Ctsd	True	True	False	True	True	False	A
A0A979HLR9	P18242	A0A979HLR9	Ctsd	True	True	False	True	True	False	A
P08046	Q925U3	Egr1	Q925U3	True	True	False	True	True	False	C
O09100	P07321	Gata2	Epo	True	False	True	True	False	True	A
P23204	P97742	Ppara	Cpt1a	True	True	True	True	True	False	A
Q01147	Q04690	Creb1	Nf1	True	True	False	True	True	False	A
A2A5C3	P70424	A2A5C3	Erbb2	True	False	True	True	False	True	A
A0A0R4J1Z4	P48316	A0A0R4J1Z4	Gadd45a	True	True	False	True	True	False	A
A0A979HLR9	A0A0R4IZW4	A0A979HLR9	A0A0R4IZW4	True	True	False	True	True	False	A
P08046	A0A0R4IZW4	Egr1	A0A0R4IZW4	True	True	False	True	True	False	A
P49698	E9Q414	Hnf4a	Apob	True	True	False	True	True	False	A
P49698	A0A0R4J1N3	Hnf4a	A0A0R4J1N3	True	True	False	True	True	False	A
P27577	P55271	Ets1	Cdkn2b	True	True	False	True	True	False	A
A0A979HLR9	P46414	A0A979HLR9	Cdkn1b	True	True	False	True	True	False	A
P02340	Q62433	Tp53	Ndrg1	True	True	False	True	True	False	A
P15037	P55271	Ets2	Cdkn2b	True	True	False	True	True	False	A
P48755	P35456	Fosl1	Plaur	True	True	False	True	True	False	A
P05627	P35456	Jun	Plaur	True	True	False	True	True	False	A
Q08874	P07147	Mitf	Tyrp1	True	True	False	True	True	False	A
O70494	A0A1W2P8G5	Sp3	A0A1W2P8G5	True	True	False	True	True	False	A
P15314	P36371	Irf1	Tap2	True	True	False	True	True	False	A
Q01147	P04351	Creb1	Il2	True	True	False	True	True	False	A
A2A5C3	P35456	A2A5C3	Plaur	True	False	True	True	False	True	A
P17433	Q61093	Spi1	Cybb	True	True	False	True	True	False	A
Q61069	B2RUG9	Usf1	B2RUG9	True	True	False	True	True	False	A
Q64705	B2RUG9	Usf2	B2RUG9	True	True	False	True	True	False	A
A0A1Y7VJR5	O70494	A0A1Y7VJR5	Sp3	True	True	False	True	True	False	C
P22091	Q61286	Tal1	Tcf12	True	False	False	False	False	False	B
P05627	P29477	Jun	Nos2	True	True	True	True	True	False	A
P17433	P43432	Spi1	Il12b	True	True	False	True	True	False	A
A4QPD3	P04351	A4QPD3	Il2	True	True	False	True	True	False	A
P15066	G3X9D9	Jund	G3X9D9	True	True	False	True	True	False	A
A0A979HLR9	P23242	A0A979HLR9	Gja1	True	True	False	True	True	False	A
Q04887	A0A8Q0P8A2	Sox9	A0A8Q0P8A2	True	True	False	True	True	False	A
Q9JM73	P11531	Srf	Dmd	True	True	False	True	True	False	A
P28033	P41160	Cebpb	Lep	True	True	False	True	True	False	C
O70494	Q8BW75	Sp3	Maob	True	False	True	True	False	True	A
A0A979HLR9	Q8BW75	A0A979HLR9	Maob	True	True	False	True	True	False	A
P01101	P37217	Fos	Cd69	True	True	False	True	True	False	A
P06537	Q61180	Nr3c1	Scnn1a	True	True	False	True	True	False	A
Q61069	P00184	Usf1	Cyp1a1	True	False	True	True	False	True	A
A2A5C3	Q05769	A2A5C3	Ptgs2	True	True	False	True	True	False	A
Q60795	P14901	Nfe2l2	Hmox1	True	True	True	True	True	False	A
P19785	P39689	Esr1	Cdkn1a	True	True	True	True	True	False	A
P02340	P29452	Tp53	Casp1	True	True	False	True	True	False	A
A0A0R4J1Z4	P43241	A0A0R4J1Z4	Cdx2	True	True	False	True	True	False	A
A0A979HLR9	Q00623	A0A979HLR9	Apoa1	True	True	False	True	True	False	A
O09100	P22387	Gata2	Edn1	True	True	False	True	True	False	C
Q61221	P22387	Hif1a	Edn1	True	True	False	True	True	False	A
Q00322	P26618	Cebpd	Pdgfra	True	True	False	True	True	False	C
P28033	P43432	Cebpb	Il12b	True	True	False	True	True	False	A
P05627	P43432	Jun	Il12b	True	True	False	True	True	False	A
Q9JM73	P37804	Srf	Tagln	True	True	False	True	True	False	A
Q60644	Q9WTN3	Nr1h2	Srebf1	True	True	False	True	True	False	A
P43241	F8VQM5	Cdx2	F8VQM5	True	True	False	True	True	False	A
Q8CCE9	P51943	E4f1	Ccna2	True	False	True	True	False	True	A
Q60821	P55271	Zbtb17	Cdkn2b	True	True	False	True	True	False	A
P53566	A0A087WR05	Cebpa	A0A087WR05	True	False	False	False	False	False	B
P23204	P12710	Ppara	Fabp1	True	True	False	True	True	False	A
A0A979HLR9	Q3ZAS0	A0A979HLR9	Slc9a2	True	True	False	True	True	False	A
O70494	Q3ZAS0	Sp3	Slc9a2	True	True	False	True	True	False	A
Q9Z0Y9	Q9WTN3	Nr1h3	Srebf1	True	True	False	True	True	False	A
Q9Z0Y9	P19096	Nr1h3	Fasn	True	True	False	True	True	False	B
P01101	P25322	Fos	Ccnd1	True	False	True	True	False	True	A
A0A087WPA7	P06332	A0A087WPA7	Cd4	True	True	True	True	True	False	A
A0A979HLR9	Q64261	A0A979HLR9	Cdk6	True	False	True	True	False	True	A
F6Y2T6	P19091	F6Y2T6	Ar	True	False	True	True	False	True	A
P97481	Q62351	Epas1	Tfrc	True	True	False	True	True	False	C
P02340	P13864	Tp53	Dnmt1	True	True	True	True	False	True	A
Q08874	P29812	Mitf	Dct	True	True	False	True	True	False	A
A0A087WPA7	Q61823	A0A087WPA7	Pdcd4	True	True	False	True	True	False	B
P08046	Q6PAJ1	Egr1	Bcr	True	True	False	True	True	False	B
P05627	P06537	Jun	Nr3c1	True	True	True	False	False	False	A
P05627	Q9QZ82	Jun	Cyp11a1	True	True	False	True	True	False	A
P05627	P41245	Jun	Mmp9	True	True	True	True	True	False	A
Q61069	O70157	Usf1	Top3a	True	True	False	True	True	False	A
Q00899	O70157	Yy1	Top3a	True	True	False	True	True	False	A
P54846	P15409	Nrl	Rho	True	True	True	True	True	False	A
Q8BUN5	P86547	Smad3	Bglap2	True	True	False	True	True	False	A
Q8BUN5	P86546	Smad3	Bglap	True	True	False	True	True	False	A
Q8BUN5	P54615	Smad3	Bglap3	True	True	False	True	True	False	A
Q08874	P55097	Mitf	Ctsk	True	True	False	True	True	False	A
P15066	P08505	Jund	Il6	True	True	False	True	True	False	A
A0A979HLR9	Q8VCT4	A0A979HLR9	Ces1d	True	True	False	True	True	False	A
P53566	P41160	Cebpa	Lep	True	True	False	True	True	False	A
P01108	P53566	Myc	Cebpa	True	False	True	True	False	True	A
P53566	P01108	Cebpa	Myc	True	False	True	False	False	False	A
A0A979HLR9	P31041	A0A979HLR9	Cd28	True	True	False	True	True	False	A
P08046	P31041	Egr1	Cd28	True	True	False	True	True	False	A
A0A979HLR9	P11087	A0A979HLR9	Col1a1	True	False	True	True	False	True	A
A0A979HLR9	P12032	A0A979HLR9	Timp1	True	True	False	True	True	False	A
P02340	P43247	Tp53	Msh2	True	True	False	True	True	False	A
H3BJ24	Q6P8P8	H3BJ24	Q6P8P8	True	True	False	True	True	False	A
P01101	P08505	Fos	Il6	True	False	True	True	False	True	A
Q61069	Q05769	Usf1	Ptgs2	True	False	True	True	False	True	A
Q61221	P14901	Hif1a	Hmox1	True	True	False	True	True	False	A
P19785	P03958	Esr1	Ada	True	True	False	True	True	False	C
Q02650	P25918	Pax5	Cd19	True	True	False	True	True	False	A
Q04207	P25799	Rela	Nfkb1	True	True	False	True	True	False	A
Q3U5D9	K9J7B2	Q3U5D9	K9J7B2	True	True	False	True	True	False	A
Q3U5D9	Q64435	Q3U5D9	Ugt1a6	True	True	False	True	True	False	A
P49698	E0CXS6	Hnf4a	E0CXS6	True	True	False	True	True	False	A
Q01147	P21237	Creb1	Bdnf	True	True	False	True	True	False	A
P12813	O08710	Nr4a1	Tg	True	True	False	True	True	False	C
Q60641	Q9QY30	Nr1h4	Abcb11	True	True	False	True	True	False	A
Q04207	Q9Z2F6	Rela	Bcl3	True	True	False	True	True	False	A
Q61501	O88879	E2f1	Apaf1	True	True	False	True	True	False	A
P02340	O88879	Tp53	Apaf1	True	True	False	True	True	False	A
P27577	O54833	Ets1	Csnk2a2	True	True	False	True	True	False	A
O70494	P06804	Sp3	Tnf	True	False	True	True	False	True	A
Q04207	P01587	Rela	Csf2	True	True	False	True	True	False	A
P02340	P48967	Tp53	Cdc25c	True	False	True	True	False	True	A
A0A979HLR9	P29754	A0A979HLR9	Agtr1a	True	True	True	True	True	False	A
A0A979HLR9	P29755	A0A979HLR9	Agtr1b	True	True	True	True	True	False	A
P38532	Q61696	Hsf1	Hspa1a	True	True	False	True	True	False	A
P38532	P17879	Hsf1	Hspa1b	True	True	False	True	True	False	A
P17433	Q05117	Spi1	Acp5	True	True	False	True	True	False	A
A0A979HLR9	Q3THS6	A0A979HLR9	Mat2a	True	True	False	True	True	False	A
A0A979HLR9	Q8VHB5	A0A979HLR9	Ca9	True	True	False	True	True	False	A
Q61501	O70372	E2f1	Tert	True	True	True	True	True	False	A
Q9WTL8	P97784	Bmal1	Cry1	True	True	False	True	True	False	A
Q9WTL8	A0A0R4J0U3	Bmal1	A0A0R4J0U3	True	True	False	True	True	False	A
G3UYV8	P97784	G3UYV8	Cry1	True	True	False	True	True	False	A
G3UYV8	O35973	G3UYV8	Per1	True	True	False	True	True	False	A
G3UYV8	A0A0R4J0U3	G3UYV8	A0A0R4J0U3	True	True	False	True	True	False	A
A0A979HLR9	P28481	A0A979HLR9	Col2a1	True	True	True	True	True	False	A
O70494	P28481	Sp3	Col2a1	True	True	True	True	False	True	A
Q00288	P10417	Pax8	Bcl2	True	True	False	True	True	False	A
P19785	Q80YC5	Esr1	F12	True	True	False	True	True	False	A
Q9R1E0	Q9Z2V4	Foxo1	Pck1	True	True	False	True	True	False	A
A0A979HLR9	P01108	A0A979HLR9	Myc	True	True	False	True	True	False	A
A0A979HLR9	Q60991	A0A979HLR9	Cyp7b1	True	True	False	True	True	False	A
P02340	G5E899	Tp53	G5E899	True	True	False	True	True	False	A
P25799	P25446	Nfkb1	Fas	True	True	True	True	True	False	A
Q8BUN5	Q924X4	Smad3	Q924X4	True	True	False	True	True	False	A
A0A979HLR9	P15261	A0A979HLR9	Ifngr1	True	True	False	True	True	False	A
A0A979HLR9	Q60520	A0A979HLR9	Sin3a	True	True	False	True	True	False	C
P08046	P24270	Egr1	Cat	True	True	False	True	True	False	A
A0A979HLR9	P46425	A0A979HLR9	Gstp2	True	True	False	True	True	False	A
A0A979HLR9	P19157	A0A979HLR9	Gstp1	True	True	False	True	True	False	A
P27577	P21447	Ets1	Abcb1a	True	True	False	True	True	False	A
P23708	O70494	Nfya	Sp3	True	True	False	True	True	False	A
Q61312	P70424	Tfap2c	Erbb2	True	True	False	True	True	False	A
O70494	Q9JMA7	Sp3	Cyp3a41a; Cyp3a41b	True	True	False	True	True	False	A
O70494	Q64459	Sp3	Cyp3a11	True	True	False	True	True	False	A
O70494	Q64464	Sp3	Cyp3a13	True	True	False	True	True	False	A
Q9WV30	P06804	Nfat5	Tnf	True	True	False	True	True	False	A
A0A979HLR9	Q64459	A0A979HLR9	Cyp3a11	True	True	False	True	True	False	A
A0A979HLR9	Q9JMA7	A0A979HLR9	Cyp3a41a; Cyp3a41b	True	True	False	True	True	False	A
A0A979HLR9	Q64464	A0A979HLR9	Cyp3a13	True	True	False	True	True	False	A
Q61069	Q64459	Usf1	Cyp3a11	True	True	False	True	True	False	A
Q61069	Q9JMA7	Usf1	Cyp3a41a; Cyp3a41b	True	True	False	True	True	False	A
Q61069	Q64464	Usf1	Cyp3a13	True	True	False	True	True	False	A
P08046	P25322	Egr1	Ccnd1	True	True	False	True	True	False	A
P08046	P39689	Egr1	Cdkn1a	True	True	False	True	True	False	A
P08046	P26450	Egr1	Pik3r1	True	True	False	True	True	False	B
P19091	P05627	Ar	Jun	True	True	False	False	False	False	A
P01108	Q61457	Myc	Ccne1	True	True	False	True	True	False	A
Q04887	P39689	Sox9	Cdkn1a	True	True	True	True	True	False	A
O70494	P47878	Sp3	Igfbp3	True	True	False	True	True	False	A
A0A979HLR9	P47878	A0A979HLR9	Igfbp3	True	True	False	True	True	False	A
P42232	P05017	Stat5b	Igf1	True	True	False	True	True	False	A
P43241	Q60793	Cdx2	Klf4	True	True	False	True	True	False	A
P02340	Q9QZR5	Tp53	Hipk2	True	True	False	True	True	False	A
P49698	A0A0R4J0N7	Hnf4a	A0A0R4J0N7	True	True	False	True	True	False	A
Q04888	P29812	Sox10	Dct	True	False	True	True	False	True	A
P02340	O08586	Tp53	Pten	True	True	True	True	True	False	A
P02340	Q01279	Tp53	Egfr	True	True	False	True	True	False	A
P70326	P05125	Tbx5	Nppa	True	True	False	True	True	False	A
Q64705	O70157	Usf2	Top3a	True	True	False	True	True	False	A
P41969	P01101	Elk1	Fos	True	True	False	True	True	False	A
P01101	P15655	Fos	Fgf2	True	True	False	True	True	False	A
P02340	E9QNL4	Tp53	E9QNL4	True	False	True	True	False	True	A
P49698	Q9Z2V4	Hnf4a	Pck1	True	True	False	True	True	False	A
Q61501	P10417	E2f1	Bcl2	True	True	False	True	True	False	A
A0A979HLR9	Q61411	A0A979HLR9	Hras	True	True	False	True	True	False	A
A0A979HLR9	P50228	A0A979HLR9	Cxcl5	True	True	False	True	True	False	A
Q61624	P50228	Znf148	Cxcl5	True	True	False	True	True	False	A
P25799	P10417	Nfkb1	Bcl2	True	True	True	True	True	False	A
A0A979HLR9	A2AI16	A0A979HLR9	A2AI16	True	True	False	True	True	False	B
P97471	Q9EQC7	Smad4	Fstl3	True	True	False	True	True	False	A
P02340	P02772	Tp53	Afp	True	False	True	True	False	True	A
Q6P1H7	P24860	Q6P1H7	Ccnb1	True	True	False	True	True	False	A
Q6P1H7	P25322	Q6P1H7	Ccnd1	True	True	False	True	True	False	A
Q00288	G3X8P5	Pax8	G3X8P5	True	True	False	True	True	False	A
A0A979HLR9	Q8CGV8	A0A979HLR9	Q8CGV8	True	True	False	True	True	False	A
A0A979HLR9	P63015	A0A979HLR9	Pax6	True	True	False	True	True	False	A
P26687	P39689	Twist1	Cdkn1a	True	False	True	True	False	True	A
P27577	G5E899	Ets1	G5E899	True	True	False	True	True	False	B
P23772	P20109	Gata3	Il13	True	False	True	True	False	True	A
Q9JJP2	P11440	Tp73	Cdk1	True	False	True	True	False	True	A
F6VAN0	O55143	Atf6	Atp2a2	True	True	False	True	True	False	A
P53568	P50404	Cebpg	Sftpd	True	True	False	True	True	False	A
P53566	P50404	Cebpa	Sftpd	True	True	False	True	True	False	A
P28033	P50404	Cebpb	Sftpd	True	True	False	True	True	False	A
P02340	Q03145	Tp53	Epha2	True	True	False	True	True	False	A
P02340	P48030	Tp53	Tgfa	True	True	False	True	True	False	A
A0A979HLR9	P42866	A0A979HLR9	Oprm1	True	True	False	True	True	False	A
O70494	P42866	Sp3	Oprm1	True	True	False	True	True	False	A
P05627	P12023	Jun	App	True	True	False	True	True	False	A
P19785	P42230	Esr1	Stat5a	True	True	False	False	False	False	A
P42230	P19785	Stat5a	Esr1	True	True	False	True	True	False	A
P42230	O08537	Stat5a	Esr2	True	False	False	False	False	False	A
P42232	P19785	Stat5b	Esr1	True	True	False	True	True	False	A
Q8R0K9	P01108	E2f4	Myc	True	False	True	True	False	True	A
P01108	Q8BUN5	Myc	Smad3	True	False	False	False	False	False	B
Q8BUN5	P01108	Smad3	Myc	True	False	True	True	False	True	A
P02340	G5E8B1	Tp53	G5E8B1	True	True	False	True	True	False	A
Q01147	P08505	Creb1	Il6	True	True	False	True	True	False	A
Q01147	P48754	Creb1	Brca1	True	True	False	True	True	False	B
Q60641	Q62227	Nr1h4	Nr0b2	True	True	False	True	True	False	A
P08046	P09470	Egr1	Ace	True	True	False	True	True	False	A
P42230	Q62225	Stat5a	Cish	True	True	False	True	True	False	C
P02340	Q64373	Tp53	Bcl2l1	True	True	True	True	False	True	A
P02340	E9PVX6	Tp53	Mki67	True	False	True	True	False	True	A
Q60929	P14142	Mef2a	Slc2a4	True	True	False	True	True	False	A
P27577	Q4PZA2	Ets1	Ece1	True	True	False	True	True	False	A
P19785	P01101	Esr1	Fos	True	True	False	True	True	False	A
P23204	Q9Z2V4	Ppara	Pck1	True	True	False	True	True	False	A
P37242	Q02566	Thrb	Myh6	True	True	False	True	True	False	C
P05627	P01139	Jun	Ngf	True	True	False	True	True	False	A
P05627	P25446	Jun	Fas	True	True	False	True	True	False	A
Q04888	P04370	Sox10	Mbp	True	True	False	True	True	False	A
Q04888	P28230	Sox10	Gjb1	True	True	True	True	False	True	A
Q9R1E0	E9QNX9	Foxo1	E9QNX9	True	True	False	True	True	False	C
P05627	P01101	Jun	Fos	True	True	False	True	True	False	A
P31266	Q9QUS4	Rbpj	Hey2	True	True	False	True	True	False	A
A0A979HLR9	Q8R493	A0A979HLR9	Chrnb4	True	True	False	True	True	False	A
Q61221	A2AUP1	Hif1a	A2AUP1	True	True	False	True	True	False	A
P08046	P41047	Egr1	Faslg	True	True	False	True	True	False	A
P28033	P04401	Cebpb	Il5	True	True	False	True	True	False	A
Q04207	O89093	Rela	Ccl20	True	True	False	True	True	False	A
P49698	Q9JKY7	Hnf4a	Q9JKY7	True	True	False	True	True	False	A
P49698	Q6P8N9	Hnf4a	Q6P8N9	True	True	False	True	True	False	A
P53566	P40223	Cebpa	Csf3r	True	True	False	True	True	False	A
Q00422	A0A1W2P8G5	Gabpa	A0A1W2P8G5	True	True	False	True	True	False	C
P19785	Q05BA5	Esr1	Q05BA5	True	True	False	False	False	False	A
Q9WVH3	P41183	Foxo4	Bcl6	True	True	False	True	True	False	A
O70494	P29754	Sp3	Agtr1a	True	True	False	True	True	False	A
O70494	P29755	Sp3	Agtr1b	True	True	False	True	True	False	A
P42232	P39689	Stat5b	Cdkn1a	True	True	False	True	True	False	C
P08046	O08586	Egr1	Pten	True	True	False	True	True	False	A
A0A0R4J1Z4	P04351	A0A0R4J1Z4	Il2	True	True	False	True	True	False	A
A0A0R4J1Z4	P07750	A0A0R4J1Z4	Il4	True	True	True	True	True	False	A
P02340	P15948	Tp53	Klk1b22	True	False	True	True	False	True	A
P23204	Q9Z0R9	Ppara	Fads2	True	True	False	True	True	False	A
P02340	P00755	Tp53	Klk1b1	True	False	True	True	False	True	A
P02340	Q61754	Tp53	Klk1b24	True	False	True	True	False	True	A
P02340	P04071	Tp53	Klk1b16	True	False	True	True	False	True	A
P02340	Q61759	Tp53	Klk1b21	True	False	True	True	False	True	A
P02340	P15949	Tp53	Klk1b9	True	False	True	True	False	True	A
P02340	P15947	Tp53	Klk1	True	False	True	True	False	True	A
P02340	Q9JM71	Tp53	Klk1b27	True	False	True	True	False	True	A
P02340	P00756	Tp53	Klk1b3	True	False	True	True	False	True	A
P02340	P15945	Tp53	Klk1b5	True	False	True	True	False	True	A
P02340	P07628	Tp53	Klk1b8	True	False	True	True	False	True	A
P02340	P36369	Tp53	Klk1b26	True	False	True	True	False	True	A
P02340	P15946	Tp53	Klk1b11	True	False	True	True	False	True	A
P02340	P00757	Tp53	Klk1b4	True	False	True	True	False	True	A
Q08874	Q05117	Mitf	Acp5	True	True	False	True	True	False	A
P02340	P33434	Tp53	Mmp2	True	True	False	True	True	False	A
Q9WTN3	Q9Z0R9	Srebf1	Fads2	True	True	False	True	True	False	C
Q9WTL8	Q9R194	Bmal1	Cry2	True	True	False	True	True	False	A
O08785	P97784	Clock	Cry1	True	True	False	True	True	False	A
O08785	Q9R194	Clock	Cry2	True	True	False	True	True	False	A
O08785	A0A0R4J0U3	Clock	A0A0R4J0U3	True	True	False	True	True	False	A
A0A979HLR9	P55271	A0A979HLR9	Cdkn2b	True	True	False	True	True	False	A
P49698	P47738	Hnf4a	Aldh2	True	False	True	True	False	True	B
A0A979HLR9	P18572	A0A979HLR9	Bsg	True	True	False	True	True	False	A
Q08874	A0A0R4IZW5	Mitf	A0A0R4IZW5	True	True	False	True	True	False	B
P02340	P49698	Tp53	Hnf4a	True	False	True	True	False	True	A
P17433	A0A0R4J104	Spi1	A0A0R4J104	True	True	False	True	True	False	A
P27577	G5E8A9	Ets1	G5E8A9	True	True	False	True	True	False	A
P27577	Q9EPL5	Ets1	Mmp1a	True	True	False	True	True	False	A
Q01147	Q9QZB6	Creb1	Nr4a3	True	True	False	True	True	False	A
P08046	Q01279	Egr1	Egfr	True	True	False	True	True	False	A
P17433	P27870	Spi1	Vav1	True	True	False	True	True	False	A
Q61069	A0A0R4J1N3	Usf1	A0A0R4J1N3	True	True	False	True	True	False	A
A0A979HLR9	P46694	A0A979HLR9	Ier3	True	True	False	True	True	False	A
P02340	P46694	Tp53	Ier3	True	True	False	True	True	False	A;D
A0A979HLR9	B2RX12	A0A979HLR9	Abcc3	True	True	False	True	True	False	A
P70434	P01575	Irf7	Ifnb1	True	True	True	True	True	False	A
Q01147	P28649	Creb1	Cyp19a1	True	True	False	True	True	False	A
Q32NY6	P28649	Q32NY6	Cyp19a1	True	False	True	True	False	True	A
P19785	Q08879	Esr1	Fbln1	True	True	False	True	True	False	A
P02340	P61092	Tp53	Siah1a	True	True	False	True	True	False	A
A0A979HLR9	P07607	A0A979HLR9	Tyms	True	True	False	True	True	False	A
Q61069	P41233	Usf1	Abca1	True	True	False	True	True	False	A
Q64705	P41233	Usf2	Abca1	True	True	False	True	True	False	A
Q01147	Q9QZ82	Creb1	Cyp11a1	True	True	False	True	True	False	A
P49698	P35576	Hnf4a	G6pc1	True	True	False	True	True	False	A
P02340	P18242	Tp53	Ctsd	True	True	False	True	True	False	A
P31266	P70120	Rbpj	Hes5	True	True	False	True	True	False	C
A0A979HLR9	Q9DBG1	A0A979HLR9	Cyp27a1	True	True	False	True	True	False	A
P49698	Q9DBG1	Hnf4a	Cyp27a1	True	True	False	True	True	False	A
O70494	Q9DBG1	Sp3	Cyp27a1	True	True	False	True	True	False	A
P23204	Q08857	Ppara	Cd36	True	True	False	True	True	False	A
P08046	Q9QZ59	Egr1	Dmrt1	True	True	False	True	True	False	A
A0A979HLR9	P0CG50	A0A979HLR9	Ubc	True	True	False	True	True	False	A
A0A087WSP5	P70434	A0A087WSP5	Irf7	True	True	False	True	True	False	A
A0A1Y7VML1	P55271	A0A1Y7VML1	Cdkn2b	True	True	False	True	True	False	A
Q01147	Q06219	Creb1	Nr4a2	True	True	False	True	True	False	A
P16951	Q05769	Atf2	Ptgs2	True	True	False	True	True	False	A
Q9WTN3	Q5SWU9	Srebf1	Acaca	True	True	False	True	True	False	A
Q01147	P01580	Creb1	Ifng	True	True	True	True	True	False	A
A0A979HLR9	D3YVY2	A0A979HLR9	D3YVY2	True	True	True	True	True	False	A
P01101	P51557	Fos	Star	True	True	False	True	True	False	A
P97469	A0A0R4IZW5	Snai2	A0A0R4IZW5	True	False	True	True	False	True	A
A0A979HLR9	Q9QXH4	A0A979HLR9	Itgax	True	True	False	True	True	False	A
P49698	O88566	Hnf4a	Axin2	True	True	False	True	True	False	B
Q00899	Q8K3J1	Yy1	Ndufs8	True	True	False	True	True	False	C
A0A0R4J0Y5	P36423	A0A0R4J0Y5	Tbxas1	True	True	False	True	True	False	B
P08046	P05627	Egr1	Jun	True	False	False	False	False	False	A
P54843	P07750	Maf	Il4	True	True	False	True	True	False	A
Q06507	Q61024	Atf4	Asns	True	True	False	True	True	False	A
P48281	Q01279	Vdr	Egfr	True	False	True	True	False	True	A
Q64705	Q05769	Usf2	Ptgs2	True	True	False	True	True	False	A
P27577	P41047	Ets1	Faslg	True	True	False	True	True	False	A
P23772	P01580	Gata3	Ifng	True	True	False	True	True	False	A
P02340	Q99J79	Tp53	Ddb2	True	True	False	True	True	False	A
P19785	P28649	Esr1	Cyp19a1	True	True	True	True	True	False	A
P02340	P56477	Tp53	Irf5	True	True	False	True	True	False	A
P43135	P49698	Nr2f2	Hnf4a	True	False	True	True	False	True	A
P49698	P43135	Hnf4a	Nr2f2	True	True	False	False	False	False	B
P49698	P23204	Hnf4a	Ppara	True	True	False	True	True	False	A
P23204	Q9Z1E3	Ppara	Nfkbia	True	True	False	True	True	False	A
P26323	P27577	Fli1	Ets1	True	False	False	False	False	False	C
Q61501	Q9JJP2	E2f1	Tp73	True	True	False	True	True	False	A
P27577	P26323	Ets1	Fli1	True	True	False	True	True	False	A
P28033	P28649	Cebpb	Cyp19a1	True	False	True	True	False	True	A
Q00322	P28649	Cebpd	Cyp19a1	True	False	True	True	False	True	A
P38532	P19324	Hsf1	Serpinh1	True	True	False	True	True	False	C
P53566	Q9JHH6	Cebpa	Cpb2	True	True	False	True	True	False	C
P25799	P01575	Nfkb1	Ifnb1	True	True	False	True	True	False	A
Q04207	P01575	Rela	Ifnb1	True	True	False	True	True	False	A
P01108	P20108	Myc	Prdx3	True	True	False	True	True	False	A
P23204	P31786	Ppara	Dbi	True	True	False	True	True	False	C
Q60795	P46425	Nfe2l2	Gstp2	True	True	False	True	True	False	C
Q60795	P19157	Nfe2l2	Gstp1	True	True	False	True	True	False	C
Q04207	P04351	Rela	Il2	True	True	False	True	True	False	A
P27782	P29812	Lef1	Dct	True	True	False	True	True	False	A
Q01147	O35973	Creb1	Per1	True	True	False	True	True	False	B
P53566	P17433	Cebpa	Spi1	True	True	False	True	True	False	A
Q6PZD9	P17433	Cebpe	Spi1	True	False	True	True	False	True	A
P11416	Q6PZD9	Rara	Cebpe	True	True	False	True	True	False	A
P17433	P11416	Spi1	Rara	True	True	False	True	True	False	B
A0A979HLR9	P10417	A0A979HLR9	Bcl2	True	True	False	True	True	False	A
P27577	Q922W6	Ets1	Q922W6	True	True	False	True	True	False	A
P27782	O54693	Lef1	Eda	True	True	False	True	True	False	A
P27577	P33434	Ets1	Mmp2	True	True	False	True	True	False	A
Q61069	O70372	Usf1	Tert	True	True	True	True	True	False	A
P19785	P35454	Esr1	Oxt	True	False	True	True	False	True	A
Q9WVH4	P48316	Foxo3	Gadd45a	True	True	False	True	True	False	A
Q9WVH3	P48316	Foxo4	Gadd45a	True	True	False	True	True	False	A
Q02650	Q60636	Pax5	Prdm1	True	False	True	True	False	True	A
E9QKT0	P05627	E9QKT0	Jun	True	True	False	True	True	False	A
A0A979HLR9	Q64387	A0A979HLR9	Pnoc	True	True	False	True	True	False	A
Q01147	Q8CIT0	Creb1	Crh	True	True	False	True	True	False	C
P19091	P31750	Ar	Akt1	True	True	True	True	True	False	A
A0A1Y7VML1	Q61501	A0A1Y7VML1	E2f1	True	True	False	True	True	False	A
Q61501	A0A1Y7VML1	E2f1	A0A1Y7VML1	True	True	False	False	False	False	A
P05627	P23242	Jun	Gja1	True	True	False	True	True	False	A
O35984	E9PZ30	Pbx2	E9PZ30	True	False	True	True	False	True	A
O35984	Q8R084	Pbx2	Q8R084	True	False	True	True	False	True	A
A0A979HLR9	P35918	A0A979HLR9	Kdr	True	False	True	True	False	True	A
P19091	P11416	Ar	Rara	True	True	False	True	True	False	C
P05627	A0A2R8VHR8	Jun	Ddit3	True	True	False	True	True	False	A
P05627	P35639	Jun	Ddit3	True	True	False	True	True	False	A
P53566	Q61646	Cebpa	Hp	True	True	False	True	True	False	A
Q61501	Q60772	E2f1	Cdkn2c	True	True	False	True	True	False	A
A0A979HLR9	Q60772	A0A979HLR9	Cdkn2c	True	True	False	True	True	False	A
Q07802	E9PVV1	Ebf1	E9PVV1	True	False	False	False	False	False	C
Q3U1N2	P52019	Srebf2	Sqle	True	True	False	True	True	False	A
Q08874	P10417	Mitf	Bcl2	True	True	False	True	True	False	A
Q64705	D3Z2C4	Usf2	D3Z2C4	True	True	False	True	True	False	A
P02340	O08738	Tp53	Casp6	True	True	False	True	True	False	A
A0A979HLR9	P53690	A0A979HLR9	Mmp14	True	True	True	True	False	True	A
P08046	Q00623	Egr1	Apoa1	True	True	False	True	True	False	A
P35583	Q00623	Foxa2	Apoa1	True	True	False	True	True	False	A
Q01147	P97742	Creb1	Cpt1a	True	True	False	True	True	False	A
P16951	Q06219	Atf2	Nr4a2	True	True	False	True	True	False	A
O35627	Q63886	Nr1i3	Ugt1a1	True	True	False	True	True	False	A
P27577	Q64518	Ets1	Atp2a3	True	True	False	True	True	False	A
P19785	O70372	Esr1	Tert	True	True	False	True	True	False	A
P17433	P26151	Spi1	Fcgr1	True	True	False	True	True	False	A
Q01147	P01101	Creb1	Fos	True	True	False	True	True	False	A
P19785	P49817	Esr1	Cav1	True	False	True	True	False	True	A
A0A0R4J1Z4	Q3UPN1	A0A0R4J1Z4	Q3UPN1	True	False	True	True	False	True	A
P70314	Q60687	Pitx1	Fshb	True	True	False	True	True	False	A
O54790	Q64669	Mafg	Nqo1	True	True	False	True	True	False	A
Q61827	Q64669	Mafk	Nqo1	True	True	False	True	True	False	A
Q61221	Q8VHB5	Hif1a	Ca9	True	True	False	True	True	False	A
P02340	Q60765	Tp53	Atf3	True	True	False	True	True	False	A
P19785	Q8CIT0	Esr1	Crh	True	True	True	True	False	True	A
Q04207	P22339	Rela	Gadd45b	True	True	False	True	True	False	B
P02340	O35316	Tp53	Slc6a6	True	False	True	True	False	True	A
P41183	Q60636	Bcl6	Prdm1	True	False	True	True	False	True	A
P48281	Q64459	Vdr	Cyp3a11	True	True	False	True	True	False	A;D
P48281	Q9JMA7	Vdr	Cyp3a41a; Cyp3a41b	True	True	False	True	True	False	A;D
P48281	Q64464	Vdr	Cyp3a13	True	True	False	True	True	False	A;D
P53566	Q80T19	Cebpa	Hamp2	True	True	False	True	True	False	A
P53566	Q9EQ21	Cebpa	Hamp	True	True	False	True	True	False	A
P17679	A8DUK4	Gata1	A8DUK4	True	True	False	True	True	False	A
Q04207	Q8K3Z0	Rela	Nod2	True	True	False	True	True	False	C
P25799	Q8K3Z0	Nfkb1	Nod2	True	True	False	True	True	False	A
A0A087WSP5	P70343	A0A087WSP5	Casp4	True	True	False	True	True	False	A
O70494	P18165	Sp3	Loricrin	True	False	True	True	False	True	A
A0A979HLR9	P10810	A0A979HLR9	Cd14	True	True	False	True	True	False	A
Q61221	P41160	Hif1a	Lep	True	True	False	True	True	False	A
P25799	Q64287	Nfkb1	Irf4	True	True	False	True	True	False	A
A0A087WSP5	Q62120	A0A087WSP5	Jak2	True	True	False	True	True	False	A
P08046	P35951	Egr1	Ldlr	True	True	False	True	True	False	A
Q61069	G5E899	Usf1	G5E899	True	True	False	True	True	False	A
P02340	P51612	Tp53	Xpc	True	True	False	True	True	False	A
P27782	P21784	Lef1	Rag2	True	True	False	True	True	False	A
P97471	P20067	Smad4	Id1	True	True	False	True	True	False	B
Q9WVH4	P50592	Foxo3	Tnfsf10	True	True	False	True	True	False	A
Q9R1E0	P50592	Foxo1	Tnfsf10	True	True	False	True	True	False	A
O09100	P28649	Gata2	Cyp19a1	True	True	False	True	True	False	C
Q61221	Q99PV5	Hif1a	Bhlhe41	True	True	False	True	True	False	A
A0A087WSP5	Q8R412	A0A087WSP5	Ifi27l2a	True	True	False	True	True	False	B;D
P97302	P14901	Bach1	Hmox1	True	True	True	True	False	True	A
A4QPD3	P46694	A4QPD3	Ier3	True	True	False	True	True	False	A
P01108	P46694	Myc	Ier3	True	False	True	True	False	True	A
P25799	P46694	Nfkb1	Ier3	True	True	False	True	True	False	A
Q04207	P46694	Rela	Ier3	True	True	False	True	True	False	A
A0A979HLR9	Q9R1C0	A0A979HLR9	Taf7	True	True	False	True	True	False	A
Q8R0K9	O70372	E2f4	Tert	True	False	True	True	False	True	A
Q8CF90	P01325	Mafa	Ins1	True	True	False	True	True	False	A
Q8CF90	P01326	Mafa	Ins2	True	True	False	True	True	False	A
Q60795	Q9Z2X8	Nfe2l2	Keap1	True	True	False	True	True	False	C
Q61221	Q61503	Hif1a	Nt5e	True	True	False	True	True	False	A
P19785	Q03391	Esr1	Grin2d	True	True	False	True	True	False	A
Q3V157	P10820	Q3V157	Prf1	True	True	False	True	True	False	A
A0A979HLR9	Q60994	A0A979HLR9	Adipoq	True	True	False	True	True	False	A
P27577	P10820	Ets1	Prf1	True	True	False	True	True	False	C
A0A087WSP5	Q62401	A0A087WSP5	Ccl12	True	True	False	True	True	False	A
P05627	G5E899	Jun	G5E899	True	True	False	True	True	False	A
A0A0R4J1Z4	P25322	A0A0R4J1Z4	Ccnd1	True	True	False	True	True	False	A
Q9WTL8	O35185	Bmal1	Bhlhe40	True	True	False	True	True	False	A
O08785	O35185	Clock	Bhlhe40	True	True	False	True	True	False	A
O08785	Q99PV5	Clock	Bhlhe41	True	True	False	True	True	False	A
Q04887	G3X995	Sox9	G3X995	True	True	False	True	True	False	A
P02340	P70444	Tp53	Bid	True	True	False	True	True	False	A
P02340	Q9CQJ7	Tp53	Pttg1	True	True	True	True	False	True	A
A0A979HLR9	Q9CQJ7	A0A979HLR9	Pttg1	True	True	False	True	True	False	A
A0A087WSP5	P18340	A0A087WSP5	Cxcl9	True	True	False	True	True	False	A
P43241	Q9R100	Cdx2	Cdh17	True	True	False	True	True	False	A
P08046	P35546	Egr1	Ret	True	True	False	True	True	False	A
A4QPD3	Q3U5F6	A4QPD3	Q3U5F6	True	True	False	True	True	False	A
P56931	A0A0R4J145	E2f2	A0A0R4J145	True	True	False	True	True	False	A
A0A1Y7VML1	A0A0R4J145	A0A1Y7VML1	A0A0R4J145	True	True	False	True	True	False	A
Q61501	A0A0R4J145	E2f1	A0A0R4J145	True	True	False	True	True	False	A
P08046	P61168	Egr1	Drd2	True	True	False	True	True	False	C
P15314	P43432	Irf1	Il12b	True	False	True	True	False	True	A
P08046	D3YVX9	Egr1	D3YVX9	True	True	False	True	True	False	C
P35428	Q9QZ41	Hes1	Dbf4	True	True	False	True	True	False	A
P25799	P25085	Nfkb1	Il1rn	True	True	False	True	True	False	A
P19785	O70494	Esr1	Sp3	True	False	False	False	False	False	A
P97471	P55271	Smad4	Cdkn2b	True	True	False	True	True	False	A
P01101	P01587	Fos	Csf2	True	True	False	True	True	False	A
Q61501	P03966	E2f1	Mycn	True	True	False	True	True	False	A
P56931	P03966	E2f2	Mycn	True	True	False	True	True	False	A
A0A1Y7VML1	P03966	A0A1Y7VML1	Mycn	True	True	False	True	True	False	A
P02340	E0CZC0	Tp53	E0CZC0	True	True	False	True	True	False	A
P27577	Q62351	Ets1	Tfrc	True	False	True	True	False	True	A
Q08874	P97469	Mitf	Snai2	True	True	False	True	True	False	A
P15037	P49769	Ets2	Psen1	True	True	False	True	True	False	A
P01101	Q00175	Fos	Pgr	True	True	False	True	True	False	A
P05627	Q00175	Jun	Pgr	True	False	True	True	False	True	A
P27782	P18111	Lef1	Cdx1	True	True	False	True	True	False	A
Q8R0K9	P54227	E2f4	Stmn1	True	True	False	True	True	False	A
P01108	P41136	Myc	Id2	True	True	False	True	True	False	A
P02340	O70456	Tp53	Sfn	True	True	False	True	True	False	A
Q60591	P30285	Nfatc2	Cdk4	True	False	True	True	False	True	A
P08046	P26339	Egr1	Chga	True	True	False	True	True	False	A
A0A979HLR9	P97351	A0A979HLR9	Rps3a	True	True	False	True	True	False	A
O70494	G3X939	Sp3	Slc9a3	True	True	False	True	True	False	A
A0A979HLR9	P30987	A0A979HLR9	Tbxa2r	True	True	False	True	True	False	A
Q61501	P17918	E2f1	Pcna	True	True	False	True	True	False	A
P25799	Q01279	Nfkb1	Egfr	True	True	False	True	True	False	A
Q9WTK5	Q01279	Nfkb2	Egfr	True	True	False	True	True	False	C
P27577	P01587	Ets1	Csf2	True	True	False	True	True	False	A
E9PVV1	Q02650	E9PVV1	Pax5	True	True	False	True	True	False	C
Q9WTN3	P51162	Srebf1	Fabp6	True	True	False	True	True	False	C
P15314	P07750	Irf1	Il4	True	True	False	True	True	False	A
P23906	P07750	Irf2	Il4	True	True	False	True	True	False	C
P97481	Q61221	Epas1	Hif1a	True	True	False	False	False	False	B
Q00899	Q7TNV0	Yy1	Dek	True	True	False	True	True	False	A
P35428	O09114	Hes1	Ptgds	True	False	True	True	False	True	A
P31310	P47876	Hoxa10	Igfbp1	True	True	False	True	True	False	A
P53566	P39689	Cebpa	Cdkn1a	True	True	False	True	True	False	A
P02340	P26187	Tp53	Mgmt	True	False	True	True	False	True	A
P12813	G5E899	Nr4a1	G5E899	True	True	False	True	True	False	C
Q9R0G7	A0A0R4IZW5	Zeb2	A0A0R4IZW5	True	False	True	True	False	True	A
P49698	Q64459	Hnf4a	Cyp3a11	True	True	False	True	True	False	A;D
P49698	Q9JMA7	Hnf4a	Cyp3a41a; Cyp3a41b	True	True	False	True	True	False	A;D
P49698	Q64464	Hnf4a	Cyp3a13	True	True	False	True	True	False	A;D
P15314	P43431	Irf1	Il12a	True	True	False	True	True	False	A
P53566	P08071	Cebpa	Ltf	True	True	False	True	True	False	A
Q61501	Q62388	E2f1	Atm	True	True	False	True	True	False	A
A0A0U1RNL9	G5E8A9	A0A0U1RNL9	G5E8A9	True	True	False	True	True	False	A
A0A0U1RNL9	Q9EPL5	A0A0U1RNL9	Mmp1a	True	True	False	True	True	False	A
Q01147	P51557	Creb1	Star	True	True	False	True	True	False	A
A0A979HLR9	P24270	A0A979HLR9	Cat	True	True	False	True	True	False	A
P53566	Q64459	Cebpa	Cyp3a11	True	True	False	True	True	False	A
P53566	Q9JMA7	Cebpa	Cyp3a41a; Cyp3a41b	True	True	False	True	True	False	A
P53566	Q64464	Cebpa	Cyp3a13	True	True	False	True	True	False	A
Q61221	F8VPR5	Hif1a	F8VPR5	True	True	False	True	True	False	B
P97474	Q60687	Pitx2	Fshb	True	True	False	True	True	False	A
P97471	Q60687	Smad4	Fshb	True	True	False	True	True	False	A
P08046	P04351	Egr1	Il2	True	True	False	True	True	False	A
B5B2N2	P04351	B5B2N2	Il2	True	True	False	True	True	False	A
P08046	A2AJ26	Egr1	A2AJ26	True	True	False	True	True	False	A
P28574	P00860	Max	Odc1	True	True	False	True	True	False	A
Q8K1Z8	P00860	Q8K1Z8	Odc1	True	True	False	True	True	False	A
P01101	P01108	Fos	Myc	True	True	True	True	True	False	A
Q04207	P42082	Rela	Cd86	True	True	False	True	True	False	A
Q00899	P01575	Yy1	Ifnb1	True	False	True	True	False	True	A
Q9QX99	P24549	Q9QX99	Aldh1a1	True	False	True	True	False	True	A
Q8BPQ2	P29477	Q8BPQ2	Nos2	True	True	False	True	True	False	A
P49698	P01108	Hnf4a	Myc	True	True	False	True	True	False	A
P02340	P97929	Tp53	Brca2	True	False	True	True	False	True	A
P02340	Q80YQ1	Tp53	Q80YQ1	True	True	False	True	True	False	A
P27577	Q9Z126	Ets1	Pf4	True	True	False	True	True	False	A
P17679	Q9Z126	Gata1	Pf4	True	True	False	True	True	False	A
Q61501	P30282	E2f1	Ccnd3	True	True	False	True	True	False	A
P27577	P97333	Ets1	Nrp1	True	True	False	True	True	False	A
P49117	Q505F1	Nr2c2	Nr2c1	True	False	False	False	False	False	B
O70494	Q8VHB5	Sp3	Ca9	True	True	False	True	True	False	A
P05627	P41047	Jun	Faslg	True	True	False	True	True	False	A
P31362	O70557	Pou2f3	Sprr2f	True	True	False	True	True	False	A
P31362	G5E8D1	Pou2f3	G5E8D1	True	True	False	True	True	False	A
P31362	O70556	Pou2f3	Sprr2e	True	True	False	True	True	False	A
P31362	O70555	Pou2f3	Sprr2d	True	True	False	True	True	False	A
P31362	O70559	Pou2f3	Sprr2h	True	True	False	True	True	False	A
P31362	O70560	Pou2f3	Sprr2i	True	True	False	True	True	False	A
P31362	A9JTY7	Pou2f3	A9JTY7	True	True	False	True	True	False	A
P31362	Q9CQK8	Pou2f3	Sprr2a1	True	True	False	True	True	False	A
P31362	O70558	Pou2f3	Sprr2g	True	True	False	True	True	False	A
P05627	P01580	Jun	Ifng	True	True	False	True	True	False	A
P15037	Q924X4	Ets2	Q924X4	True	True	False	True	True	False	A
Q61501	P11440	E2f1	Cdk1	True	True	False	True	True	False	A
P19785	P70365	Esr1	Ncoa1	True	False	False	False	False	False	A
P15037	P48754	Ets2	Brca1	True	False	True	True	False	True	A
P08046	P28481	Egr1	Col2a1	True	False	True	True	False	True	A
O88898	O70456	Tp63	Sfn	True	True	False	True	True	False	A
A0A087WSP5	P08207	A0A087WSP5	S100a10	True	True	False	True	True	False	A
P10085	E9Q4Z2	Myod1	Acacb	True	True	False	True	True	False	A
P15037	P01587	Ets2	Csf2	True	True	False	True	True	False	A
P19091	Q3THK3	Ar	Gtf2f1	True	True	False	True	True	False	A
A0A0R4J1Z4	D3Z4N2	A0A0R4J1Z4	D3Z4N2	True	True	False	True	True	False	A
Q60795	O09172	Nfe2l2	Gclm	True	True	False	True	True	False	C
P19785	A2AHD1	Esr1	A2AHD1	True	True	False	True	True	False	A
Q61066	Q60641	Nr0b1	Nr1h4	True	False	True	True	False	True	A
Q60795	P10639	Nfe2l2	Txn	True	True	False	True	True	False	A
P28033	P15208	Cebpb	Insr	True	True	False	True	True	False	A
A0A979HLR9	P15208	A0A979HLR9	Insr	True	True	False	True	True	False	A
P01101	Q62401	Fos	Ccl12	True	True	False	True	True	False	A
P02340	P15532	Tp53	Nme1	True	True	False	True	True	False	A
P08046	A2APM2	Egr1	A2APM2	True	True	False	True	True	False	A
P17679	A0A087WPA7	Gata1	A0A087WPA7	True	True	False	False	False	False	C
P02340	Q61501	Tp53	E2f1	True	False	True	False	False	False	A
Q61501	P02340	E2f1	Tp53	True	True	True	True	True	False	A
Q64287	P31996	Irf4	Cd68	True	False	True	True	False	True	A
P17433	P31996	Spi1	Cd68	True	False	True	True	False	True	A
P23611	P31996	Irf8	Cd68	True	False	True	True	False	True	A
O70273	Q62266	Ehf	Sprr1a	True	True	False	True	True	False	A
A0A979HLR9	O70475	A0A979HLR9	Ugdh	True	True	False	True	True	False	A
A0A979HLR9	F6Y2T6	A0A979HLR9	F6Y2T6	True	True	False	True	True	False	A
Q04207	A0A0R4J0N8	Rela	A0A0R4J0N8	True	True	False	True	True	False	A
P02340	Q62431	Tp53	Arid3a	True	True	False	True	True	False	A
O70494	P56542	Sp3	Dnase2	True	True	False	True	True	False	A
A0A979HLR9	P27577	A0A979HLR9	Ets1	True	True	False	True	True	False	B
P23204	Q8C7G5	Ppara	Apoa5	True	True	False	True	True	False	A
P11416	A0A0R4J061	Rara	A0A0R4J061	True	True	False	True	True	False	A
P33242	Q8K592	Nr5a1	Amhr2	True	True	False	True	True	False	A
P15314	P97377	Irf1	Cdk2	True	False	True	True	False	True	A
P19785	A0A0R4IZW5	Esr1	A0A0R4IZW5	True	True	False	True	True	False	A
P19091	A0A0A6YWR2	Ar	A0A0A6YWR2	True	True	False	True	True	False	A
P19091	A0A1Y7VJN6	Ar	A0A1Y7VJN6	True	True	False	True	True	False	A
P19091	F6TQW2	Ar	F6TQW2	True	True	False	True	True	False	A
P19091	A0A0A6YVP0	Ar	A0A0A6YVP0	True	True	False	True	True	False	A
A0A979HLR9	Q64337	A0A979HLR9	Sqstm1	True	True	False	True	True	False	B
P27577	P39689	Ets1	Cdkn1a	True	True	False	True	True	False	A
P19785	B2RQC6	Esr1	Cad	True	True	False	True	True	False	A
Q04207	Q3UPW2	Rela	Elf3	True	True	False	True	True	False	A
P25799	Q3UPW2	Nfkb1	Elf3	True	True	False	True	True	False	A
P41969	P49769	Elk1	Psen1	True	True	False	True	True	False	A
P19785	P23804	Esr1	Mdm2	True	True	False	True	True	False	A
P15037	P23804	Ets2	Mdm2	True	True	False	True	True	False	A
P02340	P19785	Tp53	Esr1	True	True	False	False	False	False	A
P19785	P02340	Esr1	Tp53	True	False	True	True	False	True	A
Q08775	Q61711	Runx2	Ibsp	True	True	True	True	True	False	A
A0A979HLR9	P12804	A0A979HLR9	Fgl2	True	True	False	True	True	False	A
P02340	P08046	Tp53	Egr1	True	True	False	False	False	False	A
P08046	P02340	Egr1	Tp53	True	True	False	True	True	False	A
P63015	Q08874	Pax6	Mitf	True	True	False	False	False	False	B
P25799	P01580	Nfkb1	Ifng	True	True	False	True	True	False	A
Q9WTN3	E9Q4Z2	Srebf1	Acacb	True	True	False	True	True	False	A
P02340	Q9R078	Tp53	Prkab1	True	True	False	True	True	False	A
P17433	P04370	Spi1	Mbp	True	True	False	True	True	False	B
P49698	O54915	Hnf4a	Nr1i2	True	True	False	True	True	False	A
P25799	P01108	Nfkb1	Myc	True	True	True	True	True	False	A
P02340	Q61382	Tp53	Traf4	True	True	False	True	True	False	B
P13864	P19785	Dnmt1	Esr1	True	False	True	True	False	True	A
P01101	P16054	Fos	Prkce	True	True	False	True	True	False	B
A0A979HLR9	Q64429	A0A979HLR9	Cyp1b1	True	True	False	True	True	False	A
A0A979HLR9	Q61542	A0A979HLR9	Stard3	True	True	False	True	True	False	A
Q60641	E9PZ30	Nr1h4	E9PZ30	True	True	True	True	False	True	A
Q60641	Q8R084	Nr1h4	Q8R084	True	True	True	True	False	True	A
A0A979HLR9	Q9Z0L6	A0A979HLR9	Pth	True	True	False	True	True	False	A
P15314	Q8BHB0	Irf1	Nod1	True	True	False	True	True	False	B
P38533	Q3U2G2	Hsf2	Q3U2G2	True	True	False	True	True	False	A
P17679	P56818	Gata1	Bace1	True	True	False	True	True	False	C
A0A979HLR9	O55143	A0A979HLR9	Atp2a2	True	True	False	True	True	False	A
Q08874	Q2TA50	Mitf	Q2TA50	True	True	False	True	True	False	A
Q9R1E0	O70571	Foxo1	Pdk4	True	True	False	True	True	False	A
P17433	Q64261	Spi1	Cdk6	True	True	False	True	True	False	B
P23772	A0A087WR05	Gata3	A0A087WR05	True	False	False	False	False	False	B
P15314	Q62000	Irf1	Ogn	True	True	False	True	True	False	A
Q9WTK5	P10417	Nfkb2	Bcl2	True	True	False	True	True	False	A
P16951	P01580	Atf2	Ifng	True	True	False	True	True	False	A
P28033	P18893	Cebpb	Il10	True	True	False	True	True	False	A
P01108	P05627	Myc	Jun	True	True	False	False	False	False	A
P05627	P01108	Jun	Myc	True	True	True	True	True	False	A
Q60793	A0A0R4J209	Klf4	A0A0R4J209	True	True	False	True	True	False	A
A2A5C3	A0A7N9VSW1	A2A5C3	A0A7N9VSW1	True	True	False	True	True	False	A
P27889	Q9JI67	Hnf1b	B3galt5	True	True	False	True	True	False	C
Q61069	Q07113	Usf1	Igf2r	True	True	False	True	True	False	B
Q64705	Q07113	Usf2	Igf2r	True	True	False	True	True	False	A
P23708	P70353	Nfya	Nfyc	True	False	False	False	False	False	C
Q04207	P14069	Rela	S100a6	True	True	False	True	True	False	A
P02340	Q9WTX8	Tp53	Mad1l1	True	False	True	True	False	True	A
Q60765	Q61024	Atf3	Asns	True	True	False	True	True	False	A
P23204	Q00623	Ppara	Apoa1	True	True	False	True	True	False	A
A0A979HLR9	Q61646	A0A979HLR9	Hp	True	True	False	True	True	False	A
P08046	P19091	Egr1	Ar	True	False	True	True	False	True	A
P02340	P28563	Tp53	Dusp1	True	True	False	True	True	False	A
Q63ZV0	Q60867	Insm1	Neurod1	True	True	False	True	True	False	A
Q00175	Q6PCN7	Pgr	Hltf	True	True	False	True	True	False	A
P19785	Q01279	Esr1	Egfr	True	True	False	True	True	False	A
P08046	P0CG50	Egr1	Ubc	True	True	False	True	True	False	B
P09450	P0CG50	Junb	Ubc	True	True	False	True	True	False	C
O54917	P48754	E2f6	Brca1	True	False	True	True	False	True	A
O54917	Q60972	E2f6	Rbbp4	True	False	True	True	False	True	A
P49698	P19221	Hnf4a	F2	True	True	False	True	True	False	A
O70494	P19221	Sp3	F2	True	True	False	True	True	False	A
Q9WVH4	O54918	Foxo3	Bcl2l11	True	True	False	True	True	False	A
P53566	Q05769	Cebpa	Ptgs2	True	True	False	True	True	False	A
Q61069	P28649	Usf1	Cyp19a1	True	False	True	True	False	True	A
Q64705	P28649	Usf2	Cyp19a1	True	False	True	True	False	True	A
Q61069	P08920	Usf1	Cd2	True	True	False	True	True	False	A
P97471	P22339	Smad4	Gadd45b	True	True	False	True	True	False	B
A0A087WR05	Q9QXH4	A0A087WR05	Itgax	True	True	False	True	True	False	A
P01108	P51943	Myc	Ccna2	True	True	False	True	True	False	A
Q01147	O35424	Creb1	O35424	True	True	False	True	True	False	A
P53566	Q921I1	Cebpa	Tf	True	True	False	True	True	False	A
Q64705	O70372	Usf2	Tert	True	True	True	True	True	False	A
P02340	Q1HL35	Tp53	Q1HL35	True	True	False	True	True	False	A
P12813	Q61501	Nr4a1	E2f1	True	True	False	True	True	False	A
P53566	Q3UP87	Cebpa	Elane	True	True	False	True	True	False	A
P05627	Q9Z2K1	Jun	Krt16	True	True	False	True	True	False	A
A0A979HLR9	Q9Z2K1	A0A979HLR9	Krt16	True	True	False	True	True	False	A
Q01147	P57774	Creb1	Npy	True	True	False	True	True	False	A
Q9JL61	Q01149	Rfx5	Col1a2	True	False	True	True	False	True	A
P53566	P10417	Cebpa	Bcl2	True	True	True	True	True	False	A
Q32NY6	P30730	Q32NY6	Lhcgr	True	False	True	True	False	True	A
A0A979HLR9	P30558	A0A979HLR9	F2r	True	True	False	True	True	False	A
P01101	P06537	Fos	Nr3c1	True	False	True	False	False	False	A
F6Y2T6	P20033	F6Y2T6	Pdgfa	True	False	True	True	False	True	A
Q01147	A0A0R4J003	Creb1	A0A0R4J003	True	True	False	True	True	False	A
P05627	P48755	Jun	Fosl1	True	True	False	True	True	False	A
P17679	P22091	Gata1	Tal1	True	True	False	True	True	False	B
P15066	P48755	Jund	Fosl1	True	True	False	True	True	False	A
P53566	P02772	Cebpa	Afp	True	True	False	True	True	False	A
O09100	P22091	Gata2	Tal1	True	True	False	True	True	False	B
Q60929	P04247	Mef2a	Mb	True	True	False	True	True	False	C
A0A0R4J1Z4	P11152	A0A0R4J1Z4	Lpl	True	True	False	True	True	False	C
A0A979HLR9	P26187	A0A979HLR9	Mgmt	True	False	True	True	False	True	C
P28033	A2APM2	Cebpb	A2APM2	True	True	False	True	True	False	C
Q61069	P06880	Usf1	Gh1	True	True	False	True	True	False	C
P42230	P10417	Stat5a	Bcl2	True	True	False	True	True	False	A
P29037	P01108	Tbp	Myc	True	True	False	True	True	False	A
Q61221	Q05769	Hif1a	Ptgs2	True	True	False	True	True	False	A
P15037	P97449	Ets2	Anpep	True	True	False	True	True	False	A
A0A979HLR9	P43346	A0A979HLR9	Dck	True	True	False	True	True	False	A
Q01147	P14901	Creb1	Hmox1	True	True	True	True	True	False	A
P23204	Q8K4K6	Ppara	Pank1	True	True	False	True	True	False	A
Q04888	P35546	Sox10	Ret	True	True	False	True	True	False	A
P05627	Q3THS6	Jun	Mat2a	True	True	False	True	True	False	A
Q08369	P70313	Gata4	Nos3	True	True	False	True	True	False	A
O70494	P70313	Sp3	Nos3	True	True	False	True	True	False	A
P47806	P10417	Gli1	Bcl2	True	True	True	True	True	False	A
A0A979HLR9	Q9QZM4	A0A979HLR9	Tnfrsf10b	True	True	False	True	True	False	A;D
A0A087WR05	P68404	A0A087WR05	Prkcb	True	True	False	True	True	False	A
P01101	P29477	Fos	Nos2	True	True	True	True	True	False	A
P25799	P70313	Nfkb1	Nos3	True	True	False	True	True	False	A
Q04207	P70313	Rela	Nos3	True	True	False	True	True	False	A
P25799	P19091	Nfkb1	Ar	True	False	True	True	False	True	A
P49698	Q4LDG0	Hnf4a	Slc27a5	True	True	False	True	True	False	C
P08046	D3Z0X1	Egr1	D3Z0X1	True	False	True	True	False	True	A
P27782	Q3UP87	Lef1	Elane	True	True	False	True	True	False	A
A0A087WSP5	P25446	A0A087WSP5	Fas	True	True	False	True	True	False	A
P09027	P11688	Hoxd3	Itga5	True	True	False	True	True	False	A
P26323	O70372	Fli1	Tert	True	True	False	True	True	False	A
P02340	Q9JHD1	Tp53	Kat2b	True	True	False	True	True	False	A
P19785	Q9DAV6	Esr1	Q9DAV6	True	True	False	True	True	False	A
P19785	Q8BMT0	Esr1	Q8BMT0	True	True	False	True	True	False	A
P19785	O08797	Esr1	O08797	True	True	False	True	True	False	A
O08537	P48030	Esr2	Tgfa	True	True	False	True	True	False	A
P70255	Q6P5C5	Nfic	Smug1	True	True	False	True	True	False	A
Q61069	O70570	Usf1	Pigr	True	True	False	True	True	False	A
O70494	P03966	Sp3	Mycn	True	True	False	True	True	False	A
P02340	P03958	Tp53	Ada	True	True	False	True	True	False	A
Q3V157	P01590	Q3V157	Il2ra	True	True	False	True	True	False	A
P19091	Q61026	Ar	Ncoa2	True	False	True	False	False	False	A
P08046	Q9Z0J7	Egr1	Gdf15	True	True	False	True	True	False	A
A0A087WSP5	A0A2I3BRE5	A0A087WSP5	A0A2I3BRE5	True	True	False	True	True	False	B
Q61069	P10605	Usf1	Ctsb	True	True	False	True	True	False	A
Q64705	P10605	Usf2	Ctsb	True	True	False	True	True	False	A
A4QPD3	P10749	A4QPD3	Il1b	True	True	False	True	True	False	A
P06537	O35627	Nr3c1	Nr1i3	True	True	False	True	True	False	A
P70255	P27786	Nfic	Cyp17a1	True	True	False	True	True	False	A
P19785	P05627	Esr1	Jun	True	True	False	True	True	False	A
P01101	P10749	Fos	Il1b	True	True	False	True	True	False	A
P15066	P29477	Jund	Nos2	True	True	False	True	True	False	A
P25799	P07750	Nfkb1	Il4	True	True	False	True	True	False	A
Q04207	P07750	Rela	Il4	True	True	False	True	True	False	A
P42230	P06803	Stat5a	Pim1	True	True	False	True	True	False	A
O09100	P17679	Gata2	Gata1	True	True	False	True	True	False	A
P08152	P09535	Egr2	Igf2	True	True	False	True	True	False	A
A0A979HLR9	P12023	A0A979HLR9	App	True	True	False	True	True	False	A
O70230	Q93092	Znf143	Taldo1	True	True	False	True	True	False	C
A0A979HLR9	O35936	A0A979HLR9	Alox8	True	True	False	True	True	False	A
P53566	D3Z4N2	Cebpa	D3Z4N2	True	True	False	True	True	False	A
P08046	Q9JM51	Egr1	Ptges	True	True	False	True	True	False	A
P19785	P01108	Esr1	Myc	True	True	False	True	True	False	A
P01108	P07901	Myc	Hsp90aa1	True	True	False	True	True	False	C
Q00322	P01027	Cebpd	C3	True	True	False	True	True	False	A
Q61069	O35185	Usf1	Bhlhe40	True	True	False	True	True	False	B
A0A979HLR9	P15948	A0A979HLR9	Klk1b22	True	True	False	True	True	False	A
A0A979HLR9	P00755	A0A979HLR9	Klk1b1	True	True	False	True	True	False	A
A0A979HLR9	Q61754	A0A979HLR9	Klk1b24	True	True	False	True	True	False	A
A0A979HLR9	P04071	A0A979HLR9	Klk1b16	True	True	False	True	True	False	A
A0A979HLR9	Q61759	A0A979HLR9	Klk1b21	True	True	False	True	True	False	A
A0A979HLR9	P15949	A0A979HLR9	Klk1b9	True	True	False	True	True	False	A
A0A979HLR9	P15947	A0A979HLR9	Klk1	True	True	False	True	True	False	A
A0A979HLR9	Q9JM71	A0A979HLR9	Klk1b27	True	True	False	True	True	False	A
A0A979HLR9	P00756	A0A979HLR9	Klk1b3	True	True	False	True	True	False	A
A0A979HLR9	P15945	A0A979HLR9	Klk1b5	True	True	False	True	True	False	A
A0A979HLR9	P07628	A0A979HLR9	Klk1b8	True	True	False	True	True	False	A
A0A979HLR9	P36369	A0A979HLR9	Klk1b26	True	True	False	True	True	False	A
A0A979HLR9	P15946	A0A979HLR9	Klk1b11	True	True	False	True	True	False	A
A0A979HLR9	P00757	A0A979HLR9	Klk1b4	True	True	False	True	True	False	A
Q61221	P12813	Hif1a	Nr4a1	True	True	False	True	True	False	A
A0A087WPA7	Q3UP87	A0A087WPA7	Elane	True	True	False	True	True	False	A
P27577	Q80YX1	Ets1	Tnc	True	True	False	True	True	False	A
P15314	P21958	Irf1	Tap1	True	True	False	True	True	False	A
Q08874	P01101	Mitf	Fos	True	True	False	True	True	False	A
P31266	Q9QUM5	Rbpj	Q9QUM5	True	True	False	True	True	False	A
P49698	P07321	Hnf4a	Epo	True	True	False	True	True	False	A
Q8BUN5	P07321	Smad3	Epo	True	True	False	True	True	False	A
A0A979HLR9	P07321	A0A979HLR9	Epo	True	True	False	True	True	False	A
Q08874	A0A0U1RP37	Mitf	A0A0U1RP37	True	True	False	True	True	False	A
A0A979HLR9	Q9Z2V4	A0A979HLR9	Pck1	True	True	False	True	True	False	A
A0A087WR05	P30282	A0A087WR05	Ccnd3	True	True	False	True	True	False	B
P27782	O88552	Lef1	Cldn2	True	True	False	True	True	False	A
Q01147	Q8R4Z4	Creb1	Etv3	True	True	False	True	True	False	A
Q61069	P04202	Usf1	Tgfb1	True	True	False	True	True	False	A
Q64705	P04202	Usf2	Tgfb1	True	True	False	True	True	False	A
P01108	P48972	Myc	Mybl2	True	True	False	False	False	False	A
P48972	P01108	Mybl2	Myc	True	True	False	True	True	False	A
P28033	P07724	Cebpb	Alb	True	True	False	True	True	False	A
A0A979HLR9	P06537	A0A979HLR9	Nr3c1	True	True	False	True	True	False	A
P19785	A0A0R4J0B6	Esr1	A0A0R4J0B6	True	True	False	True	True	False	A
P17433	Q62312	Spi1	Tgfbr2	True	True	False	True	True	False	A
A2A5C3	Q62312	A2A5C3	Tgfbr2	True	True	False	True	True	False	A
Q08874	O88870	Mitf	Best1	True	True	False	True	True	False	A
A2A5C3	F6Y2T6	A2A5C3	F6Y2T6	True	True	False	True	True	False	A
Q08369	P27786	Gata4	Cyp17a1	True	True	False	True	True	False	A
Q61169	P27786	Gata6	Cyp17a1	True	True	False	True	True	False	A
A0A979HLR9	P27786	A0A979HLR9	Cyp17a1	True	True	False	True	True	False	A
P05627	D3Z4N2	Jun	D3Z4N2	True	True	False	True	True	False	A
A0A2R8W6R9	P23804	A0A2R8W6R9	Mdm2	True	False	True	True	False	True	A
P15314	O89110	Irf1	Casp8	True	True	False	True	True	False	C
P11416	Q04683	Rara	Cxcr5	True	True	False	True	True	False	A
Q9WTN3	P35951	Srebf1	Ldlr	True	True	False	True	True	False	A
Q8BUN5	Q80YX1	Smad3	Tnc	True	True	False	True	True	False	A
P97471	Q80YX1	Smad4	Tnc	True	True	False	True	True	False	A
Q61624	Q922W6	Znf148	Q922W6	True	True	False	True	True	False	A
Q04207	P46425	Rela	Gstp2	True	True	False	True	True	False	A
Q04207	P19157	Rela	Gstp1	True	True	False	True	True	False	A
P02340	Q07832	Tp53	Plk1	True	False	True	True	False	True	A
A0A979HLR9	P48030	A0A979HLR9	Tgfa	True	True	False	True	True	False	A
P12813	P27786	Nr4a1	Cyp17a1	True	True	False	True	True	False	A
P27699	P51943	Crem	Ccna2	True	False	True	True	False	True	A
A0A979HLR9	G3X9D9	A0A979HLR9	G3X9D9	True	True	False	True	True	False	A
P97481	G5E899	Epas1	G5E899	True	True	False	True	True	False	A
P15066	P35456	Jund	Plaur	True	True	False	True	True	False	A
P19785	P20722	Esr1	Bmp6	True	True	False	True	True	False	A
P02340	Q9Z265	Tp53	Chek2	True	False	True	True	False	True	A
A0A087WPA7	P06537	A0A087WPA7	Nr3c1	True	True	False	True	True	False	A
P28033	P21447	Cebpb	Abcb1a	True	True	False	True	True	False	A
P43241	Q6ZQM8	Cdx2	Ugt1a7	True	True	False	True	True	False	A
P43241	D3Z748	Cdx2	D3Z748	True	True	False	True	True	False	A
P43241	Q62452	Cdx2	Ugt1a9	True	True	False	True	True	False	A
P43241	E9PXN7	Cdx2	E9PXN7	True	True	False	True	True	False	A
P19785	P31310	Esr1	Hoxa10	True	True	False	True	True	False	A
P53568	Q99P72	Cebpg	Rtn4	True	True	False	True	True	False	C
Q61221	P12032	Hif1a	Timp1	True	True	False	True	True	False	A
A0A087WR05	P12032	A0A087WR05	Timp1	True	True	False	True	True	False	B
P02340	P11499	Tp53	Hsp90ab1	True	False	True	True	False	True	A
P02340	P17809	Tp53	Slc2a1	True	False	True	True	False	True	A
P48281	P46414	Vdr	Cdkn1b	True	True	False	True	True	False	A
A0A979HLR9	P28649	A0A979HLR9	Cyp19a1	True	True	False	True	True	False	A
P01101	Q05117	Fos	Acp5	True	True	False	True	True	False	A
P01101	B5B2N2	Fos	B5B2N2	True	True	False	True	True	False	A
P25799	P04351	Nfkb1	Il2	True	True	False	True	True	False	A
P47806	Q61115	Gli1	Ptch1	True	True	False	True	True	False	A
Q0VGT2	Q61115	Gli2	Ptch1	True	True	False	True	True	False	A
Q61602	Q61115	Gli3	Ptch1	True	True	False	True	True	False	C
P19785	Q9DBD5	Esr1	Pelp1	True	True	False	True	True	False	A
P01108	P63073	Myc	Eif4e	True	True	False	True	True	False	A
P27782	A0A0R4J090	Lef1	A0A0R4J090	True	False	True	True	False	True	A
P02340	Q9R1A8	Tp53	Cop1	True	True	False	True	True	False	A
P02340	O54926	Tp53	Siva1	True	True	False	True	True	False	A
Q8R0K9	Q07832	E2f4	Plk1	True	False	True	True	False	True	A
O70494	Q9Z1F6	Sp3	Cnmd	True	True	False	True	True	False	A
Q9WVH4	Q9CPU7	Foxo3	Fbxo32	True	True	False	True	True	False	A
O70494	P35918	Sp3	Kdr	True	True	True	True	True	False	A
P03966	Q6P5H2	Mycn	Nes	True	True	False	True	True	False	A
O70494	Q08535	Sp3	Sct	True	True	False	True	True	False	A
A0A979HLR9	Q08535	A0A979HLR9	Sct	True	True	False	True	True	False	A
P53566	Q8C196	Cebpa	Cps1	True	True	False	True	True	False	A
P19785	P55099	Esr1	Tac3	True	True	False	True	True	False	A
Q9WTN3	Q62227	Srebf1	Nr0b2	True	True	False	True	True	False	A
Q8BPQ2	E9QNX9	Q8BPQ2	E9QNX9	True	True	False	True	True	False	B
P19091	Q6GQT6	Ar	Scap	True	True	False	True	True	False	A
Q61164	P09535	Ctcf	Igf2	True	False	True	True	False	True	A
P05627	Q6PAJ1	Jun	Bcr	True	True	False	True	True	False	C
E9PZJ2	Q3U687	E9PZJ2	Q3U687	True	True	False	True	True	False	C
E9PZJ2	Q64282	E9PZJ2	Ifit1	True	True	False	True	True	False	C
E9PZJ2	D3Z6F0	E9PZJ2	D3Z6F0	True	True	False	True	True	False	C
P53566	P23708	Cebpa	Nfya	True	True	False	True	True	False	A
Q04207	Q923E4	Rela	Sirt1	True	True	False	True	True	False	A
P97481	A0A0R4J0H9	Epas1	A0A0R4J0H9	True	True	False	True	True	False	A
Q61221	A0A0R4J0H9	Hif1a	A0A0R4J0H9	True	True	False	True	True	False	A
P19785	Q924K8	Esr1	Mta3	True	True	False	True	True	False	A
P43300	Q61127	Egr3	Nab2	True	True	False	True	True	False	A
P19785	A0A0R4J0A4	Esr1	A0A0R4J0A4	True	False	True	True	False	True	C
Q0VGT2	P47806	Gli2	Gli1	True	True	False	True	True	False	A
Q9WU00	E9QAS8	Nrf1	E9QAS8	True	True	False	True	True	False	A
Q61069	E9QAS8	Usf1	E9QAS8	True	True	False	True	True	False	A
Q61221	Q9CX80	Hif1a	Cygb	True	True	False	True	True	False	A
P02340	P50114	Tp53	S100b	True	True	True	True	True	False	A
A0A979HLR9	Q9D3F7	A0A979HLR9	Ddit4	True	True	False	True	True	False	B
Q60591	P04351	Nfatc2	Il2	True	True	False	True	True	False	A
P27577	P70313	Ets1	Nos3	True	True	False	True	True	False	A
Q64705	Q80YQ1	Usf2	Q80YQ1	True	True	False	True	True	False	A
Q61069	Q9Z126	Usf1	Pf4	True	True	False	True	True	False	A
Q64705	Q9Z126	Usf2	Pf4	True	True	False	True	True	False	A
P43120	Q62440	Hhex	Tle1	True	True	False	True	True	False	B
P01101	P43432	Fos	Il12b	True	True	False	True	True	False	A
P23204	Q9Z1P8	Ppara	Angptl4	True	True	False	True	True	False	A
P35396	Q9Z1P8	Ppard	Angptl4	True	True	True	True	True	False	A
P97481	A0A0R4J0A4	Epas1	A0A0R4J0A4	True	True	False	True	True	False	A
Q61221	A0A0R4J0A4	Hif1a	A0A0R4J0A4	True	True	False	True	True	False	A
A0A087WSP5	P05627	A0A087WSP5	Jun	True	True	False	True	True	False	A
A0A087WSP5	D3YZ80	A0A087WSP5	D3YZ80	True	True	False	True	True	False	C
P27577	O35716	Ets1	Socs1	True	False	True	True	False	True	A
P01101	A0A0R4J088	Fos	A0A0R4J088	True	True	False	True	True	False	C
P05627	A0A0R4J088	Jun	A0A0R4J088	True	True	False	True	True	False	A
P48437	Q64505	Prox1	Cyp7a1	True	False	True	True	False	True	A
P12813	P26150	Nr4a1	Hsd3b3	True	True	False	True	True	False	A
P12813	O35469	Nr4a1	Hsd3b6	True	True	False	True	True	False	A
P12813	P26149	Nr4a1	Hsd3b2	True	True	False	True	True	False	A
P12813	P24815	Nr4a1	Hsd3b1	True	True	False	True	True	False	A
P01108	P30285	Myc	Cdk4	True	True	False	True	True	False	A
Q61069	P30285	Usf1	Cdk4	True	True	False	True	True	False	A
P02340	Q61188	Tp53	Ezh2	True	True	True	False	False	False	A
A0A1Y7VML1	Q9JJP2	A0A1Y7VML1	Tp73	True	True	False	True	True	False	A
P05627	P33434	Jun	Mmp2	True	True	False	True	True	False	A
O08537	G5E899	Esr2	G5E899	True	False	True	True	False	True	A
P19785	G5E899	Esr1	G5E899	True	True	False	True	True	False	A
P38532	P11499	Hsf1	Hsp90ab1	True	True	False	True	True	False	C
P05627	Q01776	Jun	Gnrhr	True	True	False	True	True	False	A
Q61221	D3YYP8	Hif1a	D3YYP8	True	True	False	True	True	False	A
P05627	P06281	Jun	Ren1	True	True	False	True	True	False	A
Q8BUN5	Q9D0L6	Smad3	Bambi	True	True	False	True	True	False	A
P97471	Q9D0L6	Smad4	Bambi	True	True	False	True	True	False	A
P15314	P50592	Irf1	Tnfsf10	True	True	False	True	True	False	A
Q61069	P14901	Usf1	Hmox1	True	True	False	True	True	False	A
Q64705	P14901	Usf2	Hmox1	True	True	False	True	True	False	A
P08046	P15655	Egr1	Fgf2	True	True	False	True	True	False	A
A0A979HLR9	Q8CI19	A0A979HLR9	Pdgfc	True	True	False	True	True	False	A
P08046	Q8CI19	Egr1	Pdgfc	True	True	False	True	True	False	A
P27577	P06869	Ets1	Plau	True	True	False	True	True	False	A
Q61221	P41136	Hif1a	Id2	True	True	False	True	True	False	A
A0A979HLR9	P48754	A0A979HLR9	Brca1	True	True	False	True	True	False	A
A0A979HLR9	P50220	A0A979HLR9	Nkx2-1	True	True	False	True	True	False	A
Q61221	P51448	Hif1a	Rora	True	True	False	True	True	False	A
P05627	A0A087WPA7	Jun	A0A087WPA7	True	True	False	True	True	False	A
P15066	A0A087WPA7	Jund	A0A087WPA7	True	True	True	True	True	False	A
P50481	Q60687	Lhx3	Fshb	True	True	False	True	True	False	A
P02340	Q8BUE4	Tp53	Aifm2	True	True	False	True	True	False	A
P29037	P39689	Tbp	Cdkn1a	True	True	False	True	True	False	A
Q00175	P25322	Pgr	Ccnd1	True	True	False	True	True	False	A
P26323	P47878	Fli1	Igfbp3	True	False	True	True	False	True	A
F6Y2T6	P01108	F6Y2T6	Myc	True	False	True	True	False	True	A
P01108	F6Y2T6	Myc	F6Y2T6	True	True	False	False	False	False	A
Q00899	P26150	Yy1	Hsd3b3	True	True	False	True	True	False	A;D
Q00899	O35469	Yy1	Hsd3b6	True	True	False	True	True	False	A;D
Q00899	P26149	Yy1	Hsd3b2	True	True	False	True	True	False	A;D
Q00899	P24815	Yy1	Hsd3b1	True	True	False	True	True	False	A;D
Q60644	P41233	Nr1h2	Abca1	True	True	False	True	True	False	A
Q60644	Q64343	Nr1h2	Abcg1	True	True	False	True	True	False	A
P41969	Q9EQU3	Elk1	Tlr9	True	True	False	True	True	False	A
P27577	P21729	Ets1	Grpr	True	True	False	True	True	False	A
P17433	P55097	Spi1	Ctsk	True	True	False	True	True	False	A
Q9WVH4	P09671	Foxo3	Sod2	True	True	False	True	True	False	A
P01101	P05125	Fos	Nppa	True	False	True	True	False	True	A
Q61221	Q61937	Hif1a	Npm1	True	True	False	True	True	False	A
Q3UV55	Q9WTL8	Nr1d1	Bmal1	True	False	True	True	False	True	A
Q9WTL8	Q3UV55	Bmal1	Nr1d1	True	True	False	False	False	False	A
Q61221	P22315	Hif1a	Fech	True	True	False	True	True	False	A
P38532	Q06890	Hsf1	Clu	True	True	False	True	True	False	C
P48755	P41245	Fosl1	Mmp9	True	True	False	True	True	False	A
P01101	P27699	Fos	Crem	True	True	False	False	False	False	A
P27699	P01101	Crem	Fos	True	False	True	True	False	True	A
P19091	Q3UQ17	Ar	Q3UQ17	True	True	False	True	True	False	A
P19785	Q9Z2S7	Esr1	Tsc22d3	True	False	True	True	False	True	A
A0A979HLR9	P97494	A0A979HLR9	Gclc	True	True	False	True	True	False	A
P19785	Q60571	Esr1	Crhbp	True	True	False	True	True	False	A
Q3U1N2	P41233	Srebf2	Abca1	True	False	True	True	False	True	A
Q0VGT2	Q8R2I0	Gli2	Foxe1	True	True	False	True	True	False	A
P01108	O35732	Myc	Cflar	True	False	True	True	False	True	A
P23611	Q04690	Irf8	Nf1	True	True	False	True	True	False	A
P02340	O88890	Tp53	Sh2d1a	True	True	False	True	True	False	A
P08046	O88935	Egr1	Syn1	True	True	False	True	True	False	A
P28033	Q61024	Cebpb	Asns	True	False	True	True	False	True	A
P12813	P23804	Nr4a1	Mdm2	True	False	True	True	False	True	A
Q01147	P35576	Creb1	G6pc1	True	True	False	True	True	False	A
Q8R0K9	P51943	E2f4	Ccna2	True	True	False	True	True	False	A
A0A087WSP5	P42866	A0A087WSP5	Oprm1	True	True	False	True	True	False	A
A0A979HLR9	Q9JI75	A0A979HLR9	Nqo2	True	True	False	True	True	False	A
P02340	Q61456	Tp53	Ccna1	True	True	False	True	True	False	A
P06537	Q8QZR1	Nr3c1	Tat	True	True	False	True	True	False	C
A0A979HLR9	A0A7N9VSW1	A0A979HLR9	A0A7N9VSW1	True	True	False	True	True	False	A
A0A979HLR9	Q9WTN3	A0A979HLR9	Srebf1	True	True	False	True	True	False	A
Q61501	Q9JHU9	E2f1	Isyna1	True	True	False	True	True	False	A
P25799	P18893	Nfkb1	Il10	True	True	False	True	True	False	A
O88898	P70124	Tp63	Serpinb5	True	True	False	True	True	False	B
Q99JB6	P01590	Foxp3	Il2ra	True	True	False	True	True	False	A
P26323	Q08351	Fli1	Mpl	True	True	False	True	True	False	A
P27577	O88186	Ets1	Gp9	True	True	False	True	True	False	A
P27577	Q08351	Ets1	Mpl	True	True	False	True	True	False	A
P35428	Q61501	Hes1	E2f1	True	False	True	True	False	True	A
Q61501	P35428	E2f1	Hes1	True	False	False	False	False	False	B
P27577	E9QNL4	Ets1	E9QNL4	True	True	False	True	True	False	A
P49698	Q6ZQM8	Hnf4a	Ugt1a7	True	True	False	True	True	False	A
P49698	D3Z748	Hnf4a	D3Z748	True	True	False	True	True	False	A
P49698	Q62452	Hnf4a	Ugt1a9	True	True	False	True	True	False	A
P49698	E9PXN7	Hnf4a	E9PXN7	True	True	False	True	True	False	A
Q61221	Q6DTY7	Hif1a	Pfkfb4	True	True	False	True	True	False	A
P05627	P54227	Jun	Stmn1	True	True	False	True	True	False	A
P22091	A0A0R4J0A4	Tal1	A0A0R4J0A4	True	True	False	True	True	False	B
Q3U1N2	Q61009	Srebf2	Scarb1	True	True	False	True	True	False	C
P23772	Q64318	Gata3	Zeb1	True	True	False	True	True	False	A
P23611	P43431	Irf8	Il12a	True	True	False	True	True	False	A
P02340	O08734	Tp53	Bak1	True	True	False	True	True	False	A
F6Y2T6	Q9QZS7	F6Y2T6	Nphs1	True	True	False	True	True	False	A
P41183	P30280	Bcl6	Ccnd2	True	False	True	True	False	True	A
Q9WVH4	P30280	Foxo3	Ccnd2	True	False	True	True	False	True	A
P41183	Q9WVH4	Bcl6	Foxo3	True	False	False	False	False	False	B
Q9WVH4	P41183	Foxo3	Bcl6	True	True	False	True	True	False	A
P15314	P02340	Irf1	Tp53	True	True	False	True	True	False	A
P01101	P48755	Fos	Fosl1	True	True	False	True	True	False	A
O88470	P28649	Foxl2	Cyp19a1	True	True	True	True	True	False	A
Q0VGT2	P10417	Gli2	Bcl2	True	True	False	True	True	False	A
P42230	P01580	Stat5a	Ifng	True	True	False	True	True	False	A
P01108	Q01768	Myc	Nme2	True	True	False	True	True	False	A
Q01768	P01108	Nme2	Myc	True	True	False	False	False	False	A
P41969	Q9JM73	Elk1	Srf	True	True	False	True	True	False	A
A0A979HLR9	P49817	A0A979HLR9	Cav1	True	True	False	True	True	False	A
Q04207	Q03366	Rela	Ccl7	True	True	False	True	True	False	A;D
Q04207	P48298	Rela	Ccl11	True	True	False	True	True	False	A;D
P19785	Q08423	Esr1	Tff1	True	True	False	True	True	False	A
O70494	Q08423	Sp3	Tff1	True	True	False	True	True	False	A
Q61169	Q6PDN3	Gata6	Mylk	True	False	True	True	False	True	C
P20263	Q60I23	Pou5f1	Q60I23	True	True	False	True	True	False	A
Q60795	O54790	Nfe2l2	Mafg	True	True	False	True	True	False	C
P01101	O35253	Fos	Smad7	True	True	False	True	True	False	A
P05627	O35253	Jun	Smad7	True	True	False	True	True	False	A
P27577	P25322	Ets1	Ccnd1	True	True	False	True	True	False	A
P02340	Q3UP24	Tp53	Nlrc4	True	True	False	True	True	False	A
P05627	G3X9D9	Jun	G3X9D9	True	True	False	True	True	False	A
P01108	Q61937	Myc	Npm1	True	True	False	True	True	False	A
P27577	P14901	Ets1	Hmox1	True	True	False	True	True	False	A
Q61501	E9QJU8	E2f1	E9QJU8	True	True	False	True	True	False	A
P05627	Q04863	Jun	Relb	True	True	False	True	True	False	A
Q04863	P25799	Relb	Nfkb1	True	False	False	False	False	False	C
P48281	Q64441	Vdr	Cyp24a1	True	True	True	True	True	False	A
Q9WVH4	Q923E4	Foxo3	Sirt1	True	True	False	True	True	False	A
Q9JM73	O70433	Srf	Fhl2	True	True	False	True	True	False	C
Q61221	P23188	Hif1a	Furin	True	True	False	True	True	False	A
P08046	Q04207	Egr1	Rela	True	False	True	False	False	False	A
A0A0A6YWQ4	Q9QZ82	A0A0A6YWQ4	Cyp11a1	True	True	False	True	True	False	C
Q9R1E0	P30280	Foxo1	Ccnd2	True	False	True	True	False	True	A
P33242	P26150	Nr5a1	Hsd3b3	True	True	False	True	True	False	A;D
P33242	O35469	Nr5a1	Hsd3b6	True	True	False	True	True	False	A;D
P33242	P26149	Nr5a1	Hsd3b2	True	True	False	True	True	False	A;D
P33242	P24815	Nr5a1	Hsd3b1	True	True	False	True	True	False	A;D
Q04207	P08046	Rela	Egr1	True	False	True	True	False	True	A
P08046	P48316	Egr1	Gadd45a	True	True	False	True	True	False	C
P08046	P22339	Egr1	Gadd45b	True	True	False	True	True	False	B
Q61221	P08113	Hif1a	Hsp90b1	True	True	False	True	True	False	A
Q08874	P55271	Mitf	Cdkn2b	True	False	True	True	False	True	A
A0A087WSP5	P07141	A0A087WSP5	Csf1	True	True	False	True	True	False	A
Q9WTN3	O08528	Srebf1	Hk2	True	True	False	True	True	False	A
P23204	G5E899	Ppara	G5E899	True	True	False	True	True	False	A
Q04207	O54910	Rela	Nfkbie	True	True	False	True	True	False	C
P15037	P01216	Ets2	Cga	True	True	False	True	True	False	A
P03966	P23804	Mycn	Mdm2	True	True	False	True	True	False	A
A0A979HLR9	P49698	A0A979HLR9	Hnf4a	True	True	False	True	True	False	A
P28033	P41438	Cebpb	Slc19a1	True	True	False	True	True	False	A
P08046	P51661	Egr1	Hsd11b2	True	False	True	True	False	True	A
P25799	P51661	Nfkb1	Hsd11b2	True	True	True	True	True	False	A
P02340	P47878	Tp53	Igfbp3	True	True	False	True	True	False	A
Q61164	Q8CFA1	Ctcf	Irak2	True	True	False	True	True	False	A
Q60765	Q9Z0J7	Atf3	Gdf15	True	True	False	True	True	False	A
A0A979HLR9	P08226	A0A979HLR9	Apoe	True	True	False	True	True	False	A
Q61069	Q8C7G5	Usf1	Apoa5	True	True	False	True	True	False	A
P41971	P01101	Elk3	Fos	True	False	True	True	False	True	A
P48755	P55271	Fosl1	Cdkn2b	True	True	False	True	True	False	A
P05627	P28649	Jun	Cyp19a1	True	False	True	True	False	True	A
Q9R1E0	P47746	Foxo1	Cnr1	True	False	True	True	False	True	A
A0A979HLR9	Q6PI17	A0A979HLR9	Q6PI17	True	True	False	True	True	False	A
A0A286YDI1	D3YYC3	A0A286YDI1	D3YYC3	True	False	True	True	False	True	A
Q61069	P53986	Usf1	Slc16a1	True	False	True	True	False	True	C
P19785	Q922B1	Esr1	Macrod1	True	True	False	True	True	False	A
A0A979HLR9	Q922B1	A0A979HLR9	Macrod1	True	True	False	True	True	False	A
P49698	A0A0R4J122	Hnf4a	A0A0R4J122	True	True	False	True	True	False	B
P27577	P21275	Ets1	Bmp4	True	True	False	True	True	False	A
O70494	P15948	Sp3	Klk1b22	True	True	False	True	True	False	A
O70494	P00755	Sp3	Klk1b1	True	True	False	True	True	False	A
O70494	Q61754	Sp3	Klk1b24	True	True	False	True	True	False	A
O70494	P04071	Sp3	Klk1b16	True	True	False	True	True	False	A
O70494	Q61759	Sp3	Klk1b21	True	True	False	True	True	False	A
O70494	P15949	Sp3	Klk1b9	True	True	False	True	True	False	A
O70494	P15947	Sp3	Klk1	True	True	False	True	True	False	A
O70494	Q9JM71	Sp3	Klk1b27	True	True	False	True	True	False	A
O70494	P00756	Sp3	Klk1b3	True	True	False	True	True	False	A
O70494	P15945	Sp3	Klk1b5	True	True	False	True	True	False	A
O70494	P07628	Sp3	Klk1b8	True	True	False	True	True	False	A
O70494	P36369	Sp3	Klk1b26	True	True	False	True	True	False	A
O70494	P15946	Sp3	Klk1b11	True	True	False	True	True	False	A
O70494	P00757	Sp3	Klk1b4	True	True	False	True	True	False	A
P42230	P41183	Stat5a	Bcl6	True	True	True	True	False	True	A
P70255	P02772	Nfic	Afp	True	True	False	True	True	False	B
Q60843	P70313	Klf2	Nos3	True	True	False	True	True	False	A
Q60843	P15306	Klf2	Thbd	True	True	False	True	True	False	A
Q04207	P10889	Rela	Cxcl2	True	True	False	True	True	False	A
Q04207	P12850	Rela	Cxcl1	True	True	False	True	True	False	A
P25799	O35228	Nfkb1	Ebi3	True	True	False	True	True	False	A
Q04207	O35228	Rela	Ebi3	True	True	False	True	True	False	A
Q61501	Q62415	E2f1	Ppp1r13b	True	True	False	True	True	False	A
A0A1Y7VML1	E9QJU8	A0A1Y7VML1	E9QJU8	True	True	False	True	True	False	A
P97302	Q64669	Bach1	Nqo1	True	False	True	True	False	True	C
Q9JJP2	O70372	Tp73	Tert	True	False	True	True	False	True	A
P02340	Q9D8Z2	Tp53	Triap1	True	True	False	True	True	False	A
Q61313	O09114	Tfap2b	Ptgds	True	True	False	True	True	False	A
P41969	Q9D3F7	Elk1	Ddit4	True	True	False	True	True	False	A
P53566	Q8VCT4	Cebpa	Ces1d	True	True	False	True	True	False	A
A0A087WPA7	F6Y2T6	A0A087WPA7	F6Y2T6	True	True	False	False	False	False	A
F6Y2T6	A0A087WPA7	F6Y2T6	A0A087WPA7	True	False	True	True	False	True	A
Q04207	Q9WTK5	Rela	Nfkb2	True	True	False	True	True	False	A
P09021	P63089	Hoxa5	Ptn	True	True	False	True	True	False	A
Q61501	Q9Z238	E2f1	Ccne2	True	True	False	True	True	False	A
P01101	Q05769	Fos	Ptgs2	True	True	False	True	True	False	A
Q8K1S5	P01325	Klf11	Ins1	True	True	False	True	True	False	A
Q8K1S5	P01326	Klf11	Ins2	True	True	False	True	True	False	A
Q06507	Q8K4K2	Atf4	Trib3	True	True	False	True	True	False	A
A0A2R8VHR8	Q8K4K2	Ddit3	Trib3	True	True	False	True	True	False	A
P35639	Q8K4K2	Ddit3	Trib3	True	True	False	True	True	False	A
P23906	P21958	Irf2	Tap1	True	True	False	True	True	False	A
P51448	Q8C7G5	Rora	Apoa5	True	True	False	True	True	False	C
P01108	Q61221	Myc	Hif1a	True	False	True	False	False	False	A
Q00899	Q9D832	Yy1	Dnajb4	True	True	False	True	True	False	A
P08046	P28352	Egr1	Apex1	True	True	False	True	True	False	A
Q61221	P06151	Hif1a	Ldha	True	True	False	True	True	False	A
Q61221	P09411	Hif1a	Pgk1	True	True	False	True	True	False	A
O88898	Q9JK95	Tp63	Perp	True	True	False	True	True	False	C
P19785	E9PY55	Esr1	E9PY55	True	False	False	False	False	False	B
Q6P1H7	P97927	Q6P1H7	Lama4	True	True	False	True	True	False	A
P19091	Q64378	Ar	Fkbp5	True	True	False	True	True	False	A
Q9WVH3	O54918	Foxo4	Bcl2l11	True	True	False	True	True	False	A
P48281	B2RX12	Vdr	Abcc3	True	True	False	True	True	False	C
A0A979HLR9	P11688	A0A979HLR9	Itga5	True	True	False	True	True	False	A
A0A979HLR9	P11416	A0A979HLR9	Rara	True	True	False	True	True	False	A
P49698	P24823	Hnf4a	Alpg	True	True	False	True	True	False	C;D
P49698	F8VQM0	Hnf4a	F8VQM0	True	True	False	True	True	False	C;D
P49698	F8VPQ6	Hnf4a	F8VPQ6	True	True	False	True	True	False	C;D
P23204	P11404	Ppara	Fabp3	True	True	False	True	True	False	A
A0A979HLR9	Q62388	A0A979HLR9	Atm	True	True	False	True	True	False	A
Q9JM73	P60710	Srf	Actb	True	True	False	True	True	False	A
Q8BUN5	P22387	Smad3	Edn1	True	True	False	True	True	False	A
P42582	Q08369	Nkx2-5	Gata4	True	True	False	True	True	False	A
A0A1Y7VML1	P24860	A0A1Y7VML1	Ccnb1	True	True	False	True	True	False	C
Q8R0K9	P24860	E2f4	Ccnb1	True	True	False	True	True	False	A
P20263	Q80Z64	Pou5f1	Nanog	True	True	False	True	True	False	A
Q80Z64	P20263	Nanog	Pou5f1	True	True	False	False	False	False	A
Q60I23	Q80Z64	Q60I23	Nanog	True	True	False	True	True	False	A
A0A979HLR9	P33267	A0A979HLR9	Cyp2f2	True	True	False	True	True	False	A
O70494	P33267	Sp3	Cyp2f2	True	True	False	True	True	False	A
Q64705	O70570	Usf2	Pigr	True	True	False	True	True	False	A
Q00899	P70424	Yy1	Erbb2	True	True	False	True	True	False	A
Q9WTN3	P81122	Srebf1	Irs2	True	False	True	True	False	True	A
O09100	G3UZT5	Gata2	G3UZT5	True	False	False	False	False	False	B
A0A979HLR9	Q924X4	A0A979HLR9	Q924X4	True	True	False	True	True	False	A
A0A979HLR9	P13405	A0A979HLR9	Rb1	True	True	False	True	True	False	A
A0A087WPA7	P01108	A0A087WPA7	Myc	True	True	False	True	True	False	A
P17433	P41183	Spi1	Bcl6	True	False	True	True	False	True	A
Q00899	P20029	Yy1	Hspa5	True	True	False	True	True	False	A
P02340	Q61881	Tp53	Mcm7	True	False	True	True	False	True	A
Q01147	P11276	Creb1	Fn1	True	True	False	True	True	False	A
P08046	P41155	Egr1	Ltb	True	True	False	True	True	False	A
Q9JM73	P97315	Srf	Csrp1	True	True	False	True	True	False	C
P49698	Q148B1	Hnf4a	Q148B1	True	True	False	True	True	False	A;D
P49698	Q5GLZ0	Hnf4a	Q5GLZ0	True	True	False	True	True	False	A;D
P49698	P56655	Hnf4a	Cyp2c38	True	True	False	True	True	False	A;D
P49698	Q91X77	Hnf4a	Cyp2c50	True	True	False	True	True	False	A;D
P49698	P56654	Hnf4a	Cyp2c37	True	True	False	True	True	False	A;D
Q61221	P41233	Hif1a	Abca1	True	True	False	True	True	False	A
O70494	P41233	Sp3	Abca1	True	False	True	True	False	True	A
A0A979HLR9	Q61456	A0A979HLR9	Ccna1	True	True	False	True	True	False	A
A0A979HLR9	P48972	A0A979HLR9	Mybl2	True	True	False	False	False	False	A
P49698	P06728	Hnf4a	Apoa4	True	True	False	True	True	False	A
Q00288	P47750	Pax8	Tshr	True	False	True	True	False	True	A
Q61221	P40338	Hif1a	Vhl	True	True	False	True	True	False	A
P27577	P41245	Ets1	Mmp9	True	True	False	True	True	False	A
P02340	D3Z556	Tp53	D3Z556	True	True	False	True	True	False	A
P02340	A0A0A6YVZ8	Tp53	A0A0A6YVZ8	True	True	False	True	True	False	B
P05627	P34152	Jun	Ptk2	True	True	False	True	True	False	C
P42230	P10820	Stat5a	Prf1	True	True	False	True	True	False	A
P27782	Q9EQS3	Lef1	Mycbp	True	True	False	True	True	False	A
Q08874	Q61221	Mitf	Hif1a	True	True	False	True	True	False	A
P48281	P51437	Vdr	Camp	True	True	False	True	True	False	A
P48755	P97494	Fosl1	Gclc	True	False	True	True	False	True	A
Q61221	P25322	Hif1a	Ccnd1	True	True	True	True	True	False	A
P53776	P06880	Lhx4	Gh1	True	True	False	True	True	False	A
P05627	Q924D1	Jun	Q924D1	True	True	False	True	True	False	A
P05627	O54750	Jun	Cyp2j6	True	True	False	True	True	False	A
P19785	Q64429	Esr1	Cyp1b1	True	True	False	True	True	False	A
P19785	P00184	Esr1	Cyp1a1	True	False	True	True	False	True	A
A0A087WPA7	P28293	A0A087WPA7	Ctsg	True	True	False	True	True	False	A
P17433	P28293	Spi1	Ctsg	True	True	False	True	True	False	A
A0A087WPA7	O70494	A0A087WPA7	Sp3	True	True	False	True	True	False	A
P02340	E9Q3W1	Tp53	E9Q3W1	True	True	False	True	True	False	C
Q06507	P28033	Atf4	Cebpb	True	True	False	True	True	False	A
P19091	P11679	Ar	Krt8	True	True	False	True	True	False	A
P19785	O35718	Esr1	Socs3	True	True	False	True	True	False	A
Q8BUN5	P30280	Smad3	Ccnd2	True	True	False	True	True	False	A
P48281	A0A0R4IZW5	Vdr	A0A0R4IZW5	True	True	False	True	True	False	A
Q60I23	A0A0R4J1Z4	Q60I23	A0A0R4J1Z4	True	False	False	False	False	False	B
P08046	Q60765	Egr1	Atf3	True	True	False	True	True	False	A
P35582	Q08423	Foxa1	Tff1	True	True	False	True	True	False	A
P19785	A0A0A6YWQ4	Esr1	A0A0A6YWQ4	True	True	False	True	True	False	A
Q61221	D3YVY2	Hif1a	D3YVY2	True	True	False	True	True	False	A
Q9R1E0	Q9WVH4	Foxo1	Foxo3	True	True	False	False	False	False	C
Q9WVH4	Q9R1E0	Foxo3	Foxo1	True	True	False	True	True	False	A
Q9R1E0	O35608	Foxo1	Angpt2	True	True	False	True	True	False	A
Q9R1E0	P70313	Foxo1	Nos3	True	False	True	True	False	True	A
Q9WVH4	P70313	Foxo3	Nos3	True	False	True	True	False	True	A
P28700	Q9WTN3	Rxra	Srebf1	True	True	False	True	True	False	A
P63015	P63056	Pax6	Olfm3	True	True	False	True	True	False	A
Q9R1E0	O54918	Foxo1	Bcl2l11	True	True	False	True	True	False	A
G3UW90	Q08775	G3UW90	Runx2	True	False	True	True	False	True	A
Q00899	P25446	Yy1	Fas	True	False	True	True	False	True	A
O09100	P00329	Gata2	Adh1	True	True	False	True	True	False	A
P42232	P25322	Stat5b	Ccnd1	True	True	False	True	True	False	A
Q61221	Q91YE3	Hif1a	Egln1	True	True	False	True	True	False	A
A0A2R8VHR8	Q61024	Ddit3	Asns	True	False	True	True	False	True	A
P35639	Q61024	Ddit3	Asns	True	False	True	True	False	True	A
P11416	Q8C3Q9	Rara	Casp9	True	True	False	True	True	False	A
P55200	P46414	Kmt2a	Cdkn1b	True	True	False	True	True	False	A
P27782	P97469	Lef1	Snai2	True	True	False	True	True	False	A
Q61501	Q9CR73	E2f1	Pnrc2	True	False	True	True	False	True	A
A0A087WSP5	Q3TKT4	A0A087WSP5	Smarca4	True	True	False	True	True	False	A
P05627	P63089	Jun	Ptn	True	True	False	True	True	False	A
Q61169	Q8VEE1	Gata6	Lmcd1	True	True	False	True	True	False	C
P53566	P00329	Cebpa	Adh1	True	True	False	True	True	False	A;D
Q8BUN5	O70372	Smad3	Tert	True	False	True	True	False	True	A
Q60641	O35622	Nr1h4	Fgf15	True	True	False	True	True	False	C
P19091	A2APF4	Ar	A2APF4	True	True	False	True	True	False	A
P23708	P21447	Nfya	Abcb1a	True	True	False	True	True	False	A
Q61069	P41438	Usf1	Slc19a1	True	True	False	True	True	False	A
P05627	P48754	Jun	Brca1	True	True	False	True	True	False	A
Q04207	P05366	Rela	Saa1	True	True	False	True	True	False	C
Q04207	P05367	Rela	Saa2	True	True	False	True	True	False	C
Q04207	P04918	Rela	Saa3	True	True	False	True	True	False	C
Q60591	P01580	Nfatc2	Ifng	True	True	False	True	True	False	A
P27699	P24161	Crem	Cd247	True	False	True	True	False	True	A
A0A087WR05	P15948	A0A087WR05	Klk1b22	True	True	False	True	True	False	A
A0A087WR05	P00755	A0A087WR05	Klk1b1	True	True	False	True	True	False	A
A0A087WR05	Q61754	A0A087WR05	Klk1b24	True	True	False	True	True	False	A
A0A087WR05	P04071	A0A087WR05	Klk1b16	True	True	False	True	True	False	A
A0A087WR05	Q61759	A0A087WR05	Klk1b21	True	True	False	True	True	False	A
A0A087WR05	P15949	A0A087WR05	Klk1b9	True	True	False	True	True	False	A
A0A087WR05	P15947	A0A087WR05	Klk1	True	True	False	True	True	False	A
A0A087WR05	Q9JM71	A0A087WR05	Klk1b27	True	True	False	True	True	False	A
A0A087WR05	P00756	A0A087WR05	Klk1b3	True	True	False	True	True	False	A
A0A087WR05	P15945	A0A087WR05	Klk1b5	True	True	False	True	True	False	A
A0A087WR05	P07628	A0A087WR05	Klk1b8	True	True	False	True	True	False	A
A0A087WR05	P36369	A0A087WR05	Klk1b26	True	True	False	True	True	False	A
A0A087WR05	P15946	A0A087WR05	Klk1b11	True	True	False	True	True	False	A
A0A087WR05	P00757	A0A087WR05	Klk1b4	True	True	False	True	True	False	A
P17433	Q3UP87	Spi1	Elane	True	True	False	True	True	False	A
A0A979HLR9	P97926	A0A979HLR9	Oxtr	True	True	False	True	True	False	A
P41969	P37804	Elk1	Tagln	True	False	True	True	False	True	A
P41969	Q6PDN3	Elk1	Mylk	True	False	True	True	False	True	A
O70494	P35456	Sp3	Plaur	True	False	True	True	False	True	A
Q9R1Y5	Q923E4	Hic1	Sirt1	True	False	True	True	False	True	A
P02340	G3X9H5	Tp53	G3X9H5	True	True	False	True	True	False	A
P97481	P07321	Epas1	Epo	True	True	False	True	True	False	A
A0A979HLR9	P48755	A0A979HLR9	Fosl1	True	True	False	True	True	False	A
A4QPD3	Q9Z1E3	A4QPD3	Nfkbia	True	True	False	True	True	False	A
P02340	O08760	Tp53	Ogg1	True	True	False	True	True	False	A
P41969	Q4VA93	Elk1	Q4VA93	True	True	False	True	True	False	A
Q61501	P48972	E2f1	Mybl2	True	True	False	True	True	False	A
A0A087WSP5	Q9JKD8	A0A087WSP5	Tbx21	True	True	False	True	True	False	A
P02340	Q9WU79	Tp53	Prodh	True	True	False	True	True	False	A
P19091	P70124	Ar	Serpinb5	True	False	True	True	False	True	A
P81270	P14901	Erg	Hmox1	True	True	False	True	True	False	A
P26323	P14901	Fli1	Hmox1	True	True	False	True	True	False	A
Q6P1H7	P39689	Q6P1H7	Cdkn1a	True	True	False	True	True	False	A
P01108	P10417	Myc	Bcl2	True	True	False	True	True	False	A
P19091	Q05769	Ar	Ptgs2	True	False	True	True	False	True	A
P01108	P06151	Myc	Ldha	True	True	False	True	True	False	A
P02340	Q08297	Tp53	Rad51	True	True	False	True	True	False	A
Q61501	Q9CWV1	E2f1	Mcm8	True	True	False	True	True	False	A
P25799	Q62401	Nfkb1	Ccl12	True	True	False	True	True	False	A
Q61164	O70372	Ctcf	Tert	True	False	True	True	False	True	A
P05627	P04202	Jun	Tgfb1	True	True	False	True	True	False	A
P47806	Q8C4U3	Gli1	Sfrp1	True	True	False	True	True	False	A
Q61501	Q9Z0Z3	E2f1	Skp2	True	True	False	True	True	False	A
P17433	P55271	Spi1	Cdkn2b	True	True	False	True	True	False	A
P35582	P48754	Foxa1	Brca1	True	True	False	True	True	False	A
Q3U1N2	Q91V12	Srebf2	Acot7	True	True	False	True	True	False	A
A0A0R4J1Z4	P17433	A0A0R4J1Z4	Spi1	True	True	False	True	True	False	A
P17433	A0A0R4J1Z4	Spi1	A0A0R4J1Z4	True	False	False	False	False	False	C
P02340	Q3U1J4	Tp53	Ddb1	True	True	True	True	True	False	A
P08046	P48999	Egr1	Alox5	True	True	True	True	True	False	A
A0A979HLR9	P48999	A0A979HLR9	Alox5	True	True	False	True	True	False	A
P17433	O70370	Spi1	Ctss	True	True	False	True	True	False	A
Q9WTN3	Q99PL7	Srebf1	Scd3	True	True	False	True	True	False	A
Q9WTN3	P13011	Srebf1	Scd2	True	True	False	True	True	False	A
P05627	P04401	Jun	Il5	True	True	False	True	True	False	A
P19091	E0CYX5	Ar	E0CYX5	True	True	False	False	False	False	C
P19091	E9PY55	Ar	E9PY55	True	False	False	False	False	False	B
P49698	P09813	Hnf4a	Apoa2	True	True	False	True	True	False	A
P43135	P09813	Nr2f2	Apoa2	True	True	True	True	True	False	A
P43135	E9Q414	Nr2f2	Apob	True	True	False	True	True	False	A
P43135	A0A0R4J1N3	Nr2f2	A0A0R4J1N3	True	True	False	True	True	False	A
P43136	E9Q414	Nr2f6	Apob	True	True	False	True	True	False	B
Q61501	Q08297	E2f1	Rad51	True	True	False	True	True	False	A
P27577	Q08297	Ets1	Rad51	True	True	False	True	True	False	A
Q61221	P15655	Hif1a	Fgf2	True	True	False	True	True	False	A
P01108	A0A0R4J091	Myc	A0A0R4J091	True	True	False	True	True	False	A
A0A979HLR9	Q3U5D9	A0A979HLR9	Q3U5D9	True	False	True	True	False	True	A
Q04888	P48302	Sox10	Ednrb	True	True	False	True	True	False	A
O88898	Q9JJP2	Tp63	Tp73	True	True	False	False	False	False	B
P15314	Q9EP73	Irf1	Cd274	True	True	False	True	True	False	B
P25799	Q9WTL0	Nfkb1	Defb3	True	True	False	True	True	False	A
P25799	Q9EPV9	Nfkb1	Defb5	True	True	False	True	True	False	A
P25799	A0A0R4J0D9	Nfkb1	A0A0R4J0D9	True	True	False	True	True	False	A
Q04207	Q9WTL0	Rela	Defb3	True	True	False	True	True	False	A
Q04207	Q9EPV9	Rela	Defb5	True	True	False	True	True	False	A
Q04207	A0A0R4J0D9	Rela	A0A0R4J0D9	True	True	False	True	True	False	A
A0A087WSP5	D3Z2N7	A0A087WSP5	D3Z2N7	True	True	False	True	True	False	A
P02340	A0A0R4J0A4	Tp53	A0A0R4J0A4	True	True	False	True	True	False	A
P48281	P39689	Vdr	Cdkn1a	True	True	False	True	True	False	A
P01108	P15532	Myc	Nme1	True	True	False	True	True	False	A
Q60665	O35253	Skil	Smad7	True	False	True	True	False	True	A
P02340	P48281	Tp53	Vdr	True	True	False	True	True	False	A
O88898	P48281	Tp63	Vdr	True	True	False	True	True	False	A
P08046	G3X939	Egr1	Slc9a3	True	True	False	True	True	False	A
P27782	P19091	Lef1	Ar	True	True	False	True	True	False	A
P81270	Q63961	Erg	Eng	True	True	False	True	True	False	A
A0A087WSP5	P15655	A0A087WSP5	Fgf2	True	True	True	True	True	False	A
P16951	P70313	Atf2	Nos3	True	False	True	True	False	True	A
Q61221	P10749	Hif1a	Il1b	True	True	False	True	True	False	A
P11416	P18911	Rara	Rarg	True	True	False	False	False	False	A
Q61221	P40753	Hif1a	Nppb	True	True	False	True	True	False	A
P97481	P20263	Epas1	Pou5f1	True	False	True	True	False	True	A
Q60591	Q99JB6	Nfatc2	Foxp3	True	True	False	True	True	False	A
P15037	P43432	Ets2	Il12b	True	True	False	True	True	False	A
A0A979HLR9	P43432	A0A979HLR9	Il12b	True	True	False	True	True	False	A
Q9JKD8	P23772	Tbx21	Gata3	True	True	False	True	True	False	A
Q61069	P53566	Usf1	Cebpa	True	True	False	True	True	False	A
P49698	E9Q593	Hnf4a	E9Q593	True	True	False	True	True	False	A
P49698	Q9WUD0	Hnf4a	Q9WUD0	True	True	False	True	True	False	A
P49698	O55071	Hnf4a	Cyp2b19	True	True	False	True	True	False	A
Q60795	Q9JI75	Nfe2l2	Nqo2	True	True	False	True	True	False	B
O54791	P97926	Maff	Oxtr	True	True	False	True	True	False	A
P27577	O70372	Ets1	Tert	True	True	True	True	True	True	A
P70255	P03995	Nfic	Gfap	True	True	False	True	True	False	A
Q9R0G7	P20152	Zeb2	Vim	True	True	False	True	True	False	A
P02340	P51943	Tp53	Ccna2	True	False	True	True	False	True	A
P19785	F8WIA1	Esr1	F8WIA1	True	True	False	True	True	False	C
P48281	Q91WD2	Vdr	Trpv6	True	True	False	True	True	False	A
A0A1Y7VJR5	P35918	A0A1Y7VJR5	Kdr	True	True	True	True	True	False	A
P19785	P35918	Esr1	Kdr	True	True	False	True	True	False	A
Q61501	Q9D0M2	E2f1	Cdca7	True	True	False	True	True	False	A
P56931	Q9D0M2	E2f2	Cdca7	True	True	False	True	True	False	A
Q8R0K9	Q9D0M2	E2f4	Cdca7	True	True	False	True	True	False	A
Q61501	P25916	E2f1	Bmi1	True	True	False	True	True	False	A
P05627	P43431	Jun	Il12a	True	True	False	True	True	False	A
P49698	P27656	Hnf4a	Lipc	True	True	False	True	True	False	A
Q9R1E0	P56473	Foxo1	Agrp	True	True	False	True	True	False	A
Q61221	Q91YU7	Hif1a	Q91YU7	True	True	True	True	True	False	A
P11416	E9PY55	Rara	E9PY55	True	False	False	False	False	False	B
P50481	Q01776	Lhx3	Gnrhr	True	True	False	True	True	False	A
P43241	Q9JIP7	Cdx2	Slc15a1	True	True	False	True	True	False	A
P19785	B1AR74	Esr1	B1AR74	True	True	False	True	True	False	B
Q8BUN5	P41245	Smad3	Mmp9	True	True	True	True	True	False	A
A0A979HLR9	P48302	A0A979HLR9	Ednrb	True	True	False	True	True	False	A
P19785	Q08501	Esr1	Prlr	True	True	False	True	True	False	B
P62960	Q01279	Ybx1	Egfr	True	True	False	True	True	False	A
P42230	P01590	Stat5a	Il2ra	True	True	False	True	True	False	A
A0A979HLR9	Q9Z184	A0A979HLR9	Padi3	True	True	False	True	True	False	A
O70494	Q9Z184	Sp3	Padi3	True	True	False	True	True	False	A
Q04207	Q80ZL6	Rela	Q80ZL6	True	True	False	True	True	False	A
P49698	P97946	Hnf4a	Vegfd	True	True	False	True	True	False	A
Q9R1Y5	O70514	Hic1	Fgfbp1	True	True	False	True	True	False	A
Q9R1E0	P39876	Foxo1	Timp3	True	True	True	True	True	False	A
Q3U1N2	A0A0R4J0I9	Srebf2	A0A0R4J0I9	True	False	True	True	False	True	A
Q64104	O08586	Nr2e1	Pten	True	False	True	True	False	True	A
Q8BPQ2	A0A0R4IZW5	Q8BPQ2	A0A0R4IZW5	True	True	False	True	True	False	B
Q9JKD8	P08152	Tbx21	Egr2	True	True	False	True	True	False	C
P02340	Q9EPB4	Tp53	Pycard	True	True	False	True	True	False	A
Q01147	A0A494B9M4	Creb1	A0A494B9M4	True	True	False	True	True	False	A
Q8R0K9	P13405	E2f4	Rb1	True	False	True	True	False	True	A
P42232	P10417	Stat5b	Bcl2	True	True	False	True	True	False	B
Q61501	P42669	E2f1	Pura	True	True	False	True	True	False	B
P09021	Q9JK91	Hoxa5	Mlh1	True	True	False	True	True	False	C
Q61080	P06880	Foxf1	Gh1	True	True	False	True	True	False	A
Q9QUM5	P35918	Q9QUM5	Kdr	True	False	True	True	False	True	A
Q61069	P09024	Usf1	Hoxb7	True	True	False	True	True	False	A
P22091	P25799	Tal1	Nfkb1	True	False	True	True	False	True	A
Q9WTN3	P14142	Srebf1	Slc2a4	True	True	False	True	True	False	A
A0A979HLR9	O88665	A0A979HLR9	Brd7	True	True	False	True	True	False	A
A0A979HLR9	P51658	A0A979HLR9	Hsd17b2	True	True	True	True	True	False	A
O70494	P51658	Sp3	Hsd17b2	True	True	False	True	True	False	A
Q6P1H7	P19785	Q6P1H7	Esr1	True	True	False	True	True	False	A
Q04888	Q8BQU6	Sox10	Gjc2	True	True	False	True	True	False	A
Q61221	Q99KQ4	Hif1a	Nampt	True	True	False	True	True	False	A
P23204	Q9R0H0	Ppara	Acox1	True	True	False	True	True	False	A
P05627	P20152	Jun	Vim	True	True	False	True	True	False	A
Q6XBJ3	Q9R0Q1	Onecut2	Sytl4	True	False	True	True	False	True	A
P27577	A0A0R4J0N8	Ets1	A0A0R4J0N8	True	True	False	True	True	False	A
Q61221	A0A0R4J0N8	Hif1a	A0A0R4J0N8	True	True	False	True	True	False	A
P20263	P51865	Pou5f1	Cripto	True	True	False	True	True	False	A
Q04207	P09671	Rela	Sod2	True	True	False	True	True	False	A
A0A087WSP5	O35185	A0A087WSP5	Bhlhe40	True	False	False	False	False	False	B
P09024	P15655	Hoxb7	Fgf2	True	True	False	True	True	False	A
P49698	Q9QZS3	Hnf4a	Numb	True	True	False	True	True	False	C
Q61312	P39689	Tfap2c	Cdkn1a	True	False	True	True	False	True	A
P01108	P09055	Myc	Itgb1	True	False	True	True	False	True	A
A0A979HLR9	Q6P5B5	A0A979HLR9	Q6P5B5	True	True	False	True	True	False	A
P19785	Q61527	Esr1	Erbb4	True	True	False	True	True	False	B
Q61501	Q05BA5	E2f1	Q05BA5	True	True	False	True	True	False	A
P23204	P25322	Ppara	Ccnd1	True	False	True	True	False	True	A
P19785	P33435	Esr1	Mmp13	True	True	False	True	True	False	A
P20263	Q64280	Pou5f1	Lefty1	True	True	False	True	True	False	A
P20263	P57785	Pou5f1	Lefty2	True	True	False	True	True	False	A
Q61221	O70372	Hif1a	Tert	True	True	False	True	True	False	A
Q3U1Q3	A0A087WR05	Q3U1Q3	A0A087WR05	True	False	True	True	False	True	A
P63015	A0A2I3BQV6	Pax6	A0A2I3BQV6	True	True	False	True	True	False	A
A0A087WSP5	Q9CPT0	A0A087WSP5	Bcl2l14	True	True	False	True	True	False	C
O09100	A0A087WR05	Gata2	A0A087WR05	True	False	False	False	False	False	B
P08046	P21279	Egr1	Gnaq	True	True	False	True	True	False	C
P49698	Q9R1S7	Hnf4a	Abcc6	True	True	False	True	True	False	A
Q8R0K9	P48754	E2f4	Brca1	True	True	True	True	False	True	A
Q8R0K9	Q08297	E2f4	Rad51	True	False	True	True	False	True	A
Q04207	P12032	Rela	Timp1	True	False	True	True	False	True	A
Q9R1E0	P46414	Foxo1	Cdkn1b	True	True	False	True	True	False	A
P02340	P48999	Tp53	Alox5	True	True	False	True	True	False	A
Q61221	O35740	Hif1a	Cited2	True	True	False	True	True	False	A
A0A979HLR9	P10852	A0A979HLR9	Slc3a2	True	True	False	True	True	False	B
Q99JB6	P04351	Foxp3	Il2	True	False	True	True	False	True	A
P23906	O89110	Irf2	Casp8	True	True	False	True	True	False	B
P63015	P33434	Pax6	Mmp2	True	True	False	True	True	False	A
P48281	Q64505	Vdr	Cyp7a1	True	False	True	True	False	True	A
P53566	Q07802	Cebpa	Ebf1	True	False	False	False	False	False	B
P49698	Q08761	Hnf4a	Pros1	True	True	False	True	True	False	A
Q8BPQ2	P41245	Q8BPQ2	Mmp9	True	False	True	True	False	True	A
Q8BNQ4	P41245	Q8BNQ4	Mmp9	True	False	True	True	False	True	A
P41969	P29037	Elk1	Tbp	True	True	False	True	True	False	A
P02340	Q9R1Y5	Tp53	Hic1	True	True	False	True	True	False	A
P16951	P33434	Atf2	Mmp2	True	True	False	True	True	False	A
Q04207	O55003	Rela	Bnip3	True	False	True	True	False	True	A
P41969	P48755	Elk1	Fosl1	True	True	False	True	True	False	A
Q01147	Q08874	Creb1	Mitf	True	True	False	True	True	False	A
P15066	P48316	Jund	Gadd45a	True	True	False	True	True	False	A
P25799	P09671	Nfkb1	Sod2	True	True	False	True	True	False	A
P48281	Q9Z0L6	Vdr	Pth	True	False	True	True	False	True	A
Q04207	P10417	Rela	Bcl2	True	True	True	True	True	False	A
Q6P1H7	P97929	Q6P1H7	Brca2	True	True	False	True	True	False	A
Q6P1H7	Q60596	Q6P1H7	Xrcc1	True	True	False	True	True	False	A
Q60929	A0A0G2JEM8	Mef2a	A0A0G2JEM8	True	True	False	True	True	False	C
Q08874	F6SUM2	Mitf	F6SUM2	True	True	False	True	True	False	A
Q61501	P48754	E2f1	Brca1	True	True	True	True	True	False	A
Q60929	Q60765	Mef2a	Atf3	True	True	False	True	True	False	C
P17433	P09581	Spi1	Csf1r	True	True	False	True	True	False	A
P05627	P48281	Jun	Vdr	True	True	False	True	True	False	A
A0A979HLR9	Q60989	A0A979HLR9	Xiap	True	True	False	True	True	False	A
Q9WVH4	P20067	Foxo3	Id1	True	False	True	True	False	True	A
P97471	P01108	Smad4	Myc	True	False	True	True	False	True	A
P27782	P01108	Lef1	Myc	True	True	False	True	True	False	A
P19785	P46414	Esr1	Cdkn1b	True	False	True	True	False	True	A
Q61501	P49919	E2f1	Cdkn1c	True	True	False	True	True	False	A
P19785	Q61592	Esr1	Gas6	True	True	False	True	True	False	C
Q61501	P97333	E2f1	Nrp1	True	True	False	True	True	False	B
Q61501	P19091	E2f1	Ar	True	True	True	True	False	True	A
A0A087WSP5	P33435	A0A087WSP5	Mmp13	True	False	True	True	False	True	A
Q08874	E9PV41	Mitf	E9PV41	True	True	False	True	True	False	A
A0A979HLR9	P05627	A0A979HLR9	Jun	True	True	False	True	True	False	A
Q9JKD8	P07750	Tbx21	Il4	True	True	True	True	True	False	A
A0A979HLR9	P97287	A0A979HLR9	Mcl1	True	True	False	True	True	False	A
P41778	Q01853	Pbx1	Vcp	True	True	False	True	True	False	A
P19091	P97436	Ar	Nkx3-1	True	True	False	True	True	False	A
P48755	G3X9D9	Fosl1	G3X9D9	True	True	False	True	True	False	A
P27577	Q07813	Ets1	Bax	True	False	True	True	False	True	A
A0A0R4J292	Q07813	A0A0R4J292	Bax	True	False	True	True	False	True	A
P16951	P10417	Atf2	Bcl2	True	True	False	True	True	False	B
Q60591	P27548	Nfatc2	Cd40lg	True	True	False	True	True	False	A
P31266	O08586	Rbpj	Pten	True	False	True	True	False	True	A
P25799	F8WGF2	Nfkb1	F8WGF2	True	True	False	True	True	False	A
P02340	Q60636	Tp53	Prdm1	True	False	False	False	False	False	A
Q04887	P35428	Sox9	Hes1	True	True	False	True	True	False	A
A0A2R8VHR8	Q9QZM4	Ddit3	Tnfrsf10b	True	True	True	True	True	False	A
P35639	Q9QZM4	Ddit3	Tnfrsf10b	True	True	True	True	True	False	A
A0A979HLR9	Q8BLH5	A0A979HLR9	Prss50	True	True	False	True	True	False	A
P27577	O35608	Ets1	Angpt2	True	True	False	True	True	False	A
Q01147	Q04887	Creb1	Sox9	True	True	False	True	True	False	B
Q04863	O35732	Relb	Cflar	True	True	False	True	True	False	C
Q63ZV0	P70661	Insm1	Neurog3	True	False	False	False	False	False	A
P08046	P70302	Egr1	Stim1	True	True	False	True	True	False	A
P15066	P86547	Jund	Bglap2	True	True	False	True	True	False	C
P15066	P86546	Jund	Bglap	True	True	False	True	True	False	C
P15066	P54615	Jund	Bglap3	True	True	False	True	True	False	C
Q61069	O70577	Usf1	Slc22a2	True	True	False	True	True	False	A
P05627	Q08423	Jun	Tff1	True	True	False	True	True	False	A
Q04888	P20917	Sox10	Mag	True	True	False	True	True	False	A
Q61501	Q9DAP7	E2f1	Asf1b	True	True	False	True	True	False	A
P01108	Q6P1H7	Myc	Q6P1H7	True	True	False	True	True	False	A
Q6P1H7	P01108	Q6P1H7	Myc	True	True	False	False	False	False	A
A0A087WSP5	Q07813	A0A087WSP5	Bax	True	True	False	True	True	False	A
P19785	Q08775	Esr1	Runx2	True	True	False	False	False	False	A
Q08775	P19785	Runx2	Esr1	True	False	True	True	False	True	A
Q9JHC9	Q01853	Elf2	Vcp	True	True	False	True	True	False	A
O70494	P55271	Sp3	Cdkn2b	True	True	False	True	True	False	A
Q08874	D3YVY2	Mitf	D3YVY2	True	True	False	True	True	False	A
Q04207	Q3U5F6	Rela	Q3U5F6	True	True	False	True	True	False	A
P27577	P18893	Ets1	Il10	True	True	False	True	True	False	A
A0A087WR05	P04351	A0A087WR05	Il2	True	True	False	True	True	False	A
Q64318	Q9QY23	Zeb1	Pkp3	True	False	True	True	False	True	A
Q02085	P48281	Snai1	Vdr	True	False	True	True	False	True	A
P49698	Q9DBM0	Hnf4a	Abcg8	True	False	True	True	False	True	A
Q6P1H7	P33434	Q6P1H7	Mmp2	True	True	False	True	True	False	A
P23204	A2A974	Ppara	Cyp4a12b	True	True	False	True	True	False	A
P23204	Q91WL5	Ppara	Cyp4a12a	True	True	False	True	True	False	A
P23204	A2A8T1	Ppara	A2A8T1	True	True	False	True	True	False	A
P23204	A2A8S8	Ppara	A2A8S8	True	True	False	True	True	False	A
P23204	O88833	Ppara	Cyp4a10	True	True	False	True	True	False	A
P19091	P0CG50	Ar	Ubc	True	True	False	True	True	False	A
Q61221	P15948	Hif1a	Klk1b22	True	True	False	True	True	False	A
Q61221	P00755	Hif1a	Klk1b1	True	True	False	True	True	False	A
Q61221	Q61754	Hif1a	Klk1b24	True	True	False	True	True	False	A
Q61221	P04071	Hif1a	Klk1b16	True	True	False	True	True	False	A
Q61221	Q61759	Hif1a	Klk1b21	True	True	False	True	True	False	A
Q61221	P15949	Hif1a	Klk1b9	True	True	False	True	True	False	A
Q61221	P15947	Hif1a	Klk1	True	True	False	True	True	False	A
Q61221	Q9JM71	Hif1a	Klk1b27	True	True	False	True	True	False	A
Q61221	P00756	Hif1a	Klk1b3	True	True	False	True	True	False	A
Q61221	P15945	Hif1a	Klk1b5	True	True	False	True	True	False	A
Q61221	P07628	Hif1a	Klk1b8	True	True	False	True	True	False	A
Q61221	P36369	Hif1a	Klk1b26	True	True	False	True	True	False	A
Q61221	P15946	Hif1a	Klk1b11	True	True	False	True	True	False	A
Q61221	P00757	Hif1a	Klk1b4	True	True	False	True	True	False	A
A0A087WR05	Q64261	A0A087WR05	Cdk6	True	True	False	True	True	False	B
Q61221	P21447	Hif1a	Abcb1a	True	True	True	True	True	False	A
P28700	D3Z2V2	Rxra	D3Z2V2	True	True	False	True	True	False	A
P48281	D3Z2V2	Vdr	D3Z2V2	True	True	False	True	True	False	A
P05627	P16872	Jun	Il7r	True	True	False	True	True	False	C
Q61501	Q8BFV3	E2f1	Dusp4	True	True	False	True	True	False	A
Q9WTN3	P14901	Srebf1	Hmox1	True	True	False	True	True	False	A
Q00322	P01108	Cebpd	Myc	True	False	False	False	False	False	C
Q61221	Q62401	Hif1a	Ccl12	True	True	False	True	True	False	A
Q04888	P08152	Sox10	Egr2	True	True	False	True	True	False	A
Q61501	Q9WVH4	E2f1	Foxo3	True	True	False	True	True	False	B
P19785	Q9R1E0	Esr1	Foxo1	True	True	False	True	True	False	A
P19091	Q925J9	Ar	Med1	True	True	False	True	True	False	A
P19091	Q9WTP3	Ar	Spdef	True	True	False	True	True	False	A
Q04887	Q9R0G6	Sox9	Comp	True	True	False	True	True	False	A
P27577	Q05769	Ets1	Ptgs2	True	True	False	True	True	False	A
P25799	P27512	Nfkb1	Cd40	True	True	False	True	True	False	A
P25799	P01582	Nfkb1	Il1a	True	False	True	True	False	True	A
P15314	Q6Q899	Irf1	Rigi	True	True	False	True	True	False	A
Q04888	P11344	Sox10	Tyr	True	True	False	True	True	False	A
Q9WVH4	P19091	Foxo3	Ar	True	True	False	True	True	False	A
A0A087WSP5	A0A7N9VSW1	A0A087WSP5	A0A7N9VSW1	True	True	False	True	True	False	A
Q01147	P63330	Creb1	Ppp2ca	True	True	False	True	True	False	A
P20263	Q69ZK6	Pou5f1	Jmjd1c	True	True	False	True	True	False	C
Q3UH06	P15948	Rreb1	Klk1b22	True	False	True	True	False	True	A
Q3UH06	P00755	Rreb1	Klk1b1	True	False	True	True	False	True	A
Q3UH06	Q61754	Rreb1	Klk1b24	True	False	True	True	False	True	A
Q3UH06	P04071	Rreb1	Klk1b16	True	False	True	True	False	True	A
Q3UH06	Q61759	Rreb1	Klk1b21	True	False	True	True	False	True	A
Q3UH06	P15949	Rreb1	Klk1b9	True	False	True	True	False	True	A
Q3UH06	P15947	Rreb1	Klk1	True	False	True	True	False	True	A
Q3UH06	Q9JM71	Rreb1	Klk1b27	True	False	True	True	False	True	A
Q3UH06	P00756	Rreb1	Klk1b3	True	False	True	True	False	True	A
Q3UH06	P15945	Rreb1	Klk1b5	True	False	True	True	False	True	A
Q3UH06	P07628	Rreb1	Klk1b8	True	False	True	True	False	True	A
Q3UH06	P36369	Rreb1	Klk1b26	True	False	True	True	False	True	A
Q3UH06	P15946	Rreb1	Klk1b11	True	False	True	True	False	True	A
Q3UH06	P00757	Rreb1	Klk1b4	True	False	True	True	False	True	A
P25799	Q924X4	Nfkb1	Q924X4	True	True	False	True	True	False	A
P19091	P45376	Ar	Akr1b1	True	True	False	True	True	False	A
A0A087WSP5	Q9WVH4	A0A087WSP5	Foxo3	True	True	False	True	True	False	B
A0A087WSP5	O89110	A0A087WSP5	Casp8	True	True	False	True	True	False	B
Q61069	O09114	Usf1	Ptgds	True	True	True	True	True	False	A
Q3V157	Q9JKD8	Q3V157	Tbx21	True	True	False	True	True	False	A
Q9WVH4	P19785	Foxo3	Esr1	True	True	False	True	True	False	A
A0A087WSP5	P06339	A0A087WSP5	H2-T23	True	True	False	True	True	False	A
P02340	Q6P1E1	Tp53	Zmiz1	True	True	False	True	True	False	B
A0A087WR05	P09581	A0A087WR05	Csf1r	True	True	False	True	True	False	A
P49698	D3Z1W5	Hnf4a	D3Z1W5	True	True	False	True	True	False	A
P49698	D3Z6M7	Hnf4a	D3Z6M7	True	True	False	True	True	False	A
P49698	K7N6K9	Hnf4a	K7N6K9	True	True	False	True	True	False	A
P49698	P52843	Hnf4a	Sult2a1	True	True	False	True	True	False	A
P49698	B2RVI8	Hnf4a	Sult2a6	True	True	False	True	True	False	A
P49698	Q3UEP5	Hnf4a	Q3UEP5	True	True	False	True	True	False	A
Q01147	Q9QXV8	Creb1	Spry2	True	True	False	True	True	False	A
A0A979HLR9	Q9QXV8	A0A979HLR9	Spry2	True	True	False	True	True	False	A
O54917	O88879	E2f6	Apaf1	True	False	True	True	False	True	A
P23772	P19785	Gata3	Esr1	True	True	False	True	True	False	A
P41969	Q60644	Elk1	Nr1h2	True	True	False	True	True	False	A
P08046	P41136	Egr1	Id2	True	True	False	True	True	False	B
P23772	O88898	Gata3	Tp63	True	False	False	False	False	False	B
Q04207	P43432	Rela	Il12b	True	True	True	True	False	True	A
Q61501	P28563	E2f1	Dusp1	True	True	False	True	True	False	A
A0A979HLR9	P15535	A0A979HLR9	B4galt1	True	True	False	True	True	False	A
A0A087WR05	A2APM2	A0A087WR05	A2APM2	True	True	False	True	True	False	B
P53776	P01216	Lhx4	Cga	True	True	False	True	True	False	A
P31311	P31310	Hoxa11	Hoxa10	True	False	True	True	False	True	A
A0A979HLR9	D3Z4N2	A0A979HLR9	D3Z4N2	True	True	False	True	True	False	A
P02340	P50615	Tp53	Btg3	True	True	False	True	True	False	A
Q60929	Q99P68	Mef2a	Sost	True	False	True	True	False	True	A
O70494	P11087	Sp3	Col1a1	True	True	False	True	True	False	A
P97481	O70372	Epas1	Tert	True	True	False	True	True	False	A
P02340	P34152	Tp53	Ptk2	True	True	False	True	True	False	B
P49698	Q9WVC8	Hnf4a	Slc26a3	True	True	False	True	True	False	A
P25799	P01590	Nfkb1	Il2ra	True	True	False	True	True	False	A
Q00175	P10417	Pgr	Bcl2	True	True	False	True	True	False	A
Q8BUN5	P27786	Smad3	Cyp17a1	True	False	True	True	False	True	A
P97481	O35740	Epas1	Cited2	True	True	False	True	True	False	B
Q61501	F6XJP7	E2f1	F6XJP7	True	True	False	True	True	False	A
P48985	Q9JHE6	Atoh1	Hes6	True	True	False	True	True	False	A
P17433	O54885	Spi1	Tyrobp	True	True	False	True	True	False	A
A0A979HLR9	Q9Z185	A0A979HLR9	Padi1	True	True	False	True	True	False	A
O70494	Q9Z185	Sp3	Padi1	True	True	False	True	True	False	A
Q61221	Q9R0R4	Hif1a	Apln	True	True	False	True	True	False	A
P01108	P25322	Myc	Ccnd1	True	True	True	True	True	False	A
P49698	P39689	Hnf4a	Cdkn1a	True	True	False	True	True	False	A
P25799	Q61221	Nfkb1	Hif1a	True	True	False	True	True	False	A
Q04207	Q61221	Rela	Hif1a	True	True	False	True	True	False	A
Q3U1N2	Q80W65	Srebf2	Pcsk9	True	True	False	True	True	False	A
Q9JKD8	O88410	Tbx21	Cxcr3	True	True	False	True	True	False	A
Q00899	Q8BLN5	Yy1	Lss	True	True	False	True	True	False	A
P49698	O35740	Hnf4a	Cited2	True	True	False	True	True	False	B
F6Y2T6	A0A3B2W4D2	F6Y2T6	A0A3B2W4D2	True	True	False	True	True	False	A
P10085	P31001	Myod1	Des	True	True	True	True	True	False	C
P49698	Q9CQW3	Hnf4a	Proz	True	True	False	True	True	False	A
P19091	O70433	Ar	Fhl2	True	True	False	True	True	False	C
Q9WVH4	A2AMS3	Foxo3	A2AMS3	True	True	False	True	True	False	A
Q00899	Q9JJP2	Yy1	Tp73	True	True	False	True	True	False	A
Q6P1H7	P46414	Q6P1H7	Cdkn1b	True	False	True	True	False	True	A
Q9R1E0	P70274	Foxo1	Selenop	True	True	False	True	True	False	A
P23772	Q9WVS0	Gata3	Icos	True	True	False	True	True	False	C
P15037	O70372	Ets2	Tert	True	True	False	True	True	False	A
Q9R1E0	P49919	Foxo1	Cdkn1c	True	True	False	True	True	False	A
Q00899	P42866	Yy1	Oprm1	True	True	False	True	True	False	A
P49698	P97497	Hnf4a	Shbg	True	True	False	True	True	False	A
A0A087WSP5	Q61009	A0A087WSP5	Scarb1	True	False	True	True	False	True	A
Q9WVH4	P39689	Foxo3	Cdkn1a	True	True	False	True	True	False	A
Q9Z0Y9	P70694	Nr1h3	Akr1c6	True	True	False	True	True	False	C
Q9Z0Y9	Q8VC77	Nr1h3	Q8VC77	True	True	False	True	True	False	C
A0A087WSP5	P22366	A0A087WSP5	Myd88	True	True	False	True	True	False	A
P05627	P47713	Jun	Pla2g4a	True	True	False	True	True	False	A
Q04207	Q07813	Rela	Bax	True	False	True	True	False	True	A
A0A979HLR9	P34884	A0A979HLR9	Mif	True	True	False	True	True	False	A
Q60795	O35379	Nfe2l2	Abcc1	True	True	False	True	True	False	B
P19785	Q9WU00	Esr1	Nrf1	True	True	False	True	True	False	A
P97481	Q8CI15	Epas1	Sphk1	True	True	False	True	True	False	A
Q61221	Q8CI15	Hif1a	Sphk1	True	True	False	True	True	False	A
P01108	A0A2I3BPE9	Myc	A0A2I3BPE9	True	True	False	True	True	False	A
P26687	A0A0R4IZW5	Twist1	A0A0R4IZW5	True	False	True	True	False	True	A
P15066	P51680	Jund	Ccr4	True	True	False	True	True	False	A
P28033	A0A140LIK7	Cebpb	A0A140LIK7	True	True	False	True	True	False	C
P55200	P02830	Kmt2a	Hoxa7	True	True	False	True	True	False	A
P19785	Q9JHD1	Esr1	Kat2b	True	True	False	True	True	False	A
P41778	P18893	Pbx1	Il10	True	True	False	True	True	False	A
Q61501	O55003	E2f1	Bnip3	True	True	False	True	True	False	A
Q8BUN5	Q99JB6	Smad3	Foxp3	True	True	False	True	True	False	A
P27792	P30282	Lyl1	Ccnd3	True	True	False	True	True	False	C
Q9WVH4	O35740	Foxo3	Cited2	True	True	False	True	True	False	A
P08046	P30282	Egr1	Ccnd3	True	True	False	True	True	False	B
P19785	O08580	Esr1	Esrra	True	True	False	True	True	False	A
Q61221	Q9ERD7	Hif1a	Tubb3	True	True	False	True	True	False	A
P22091	A0A087WR05	Tal1	A0A087WR05	True	True	False	True	True	False	B
A0A979HLR9	P60879	A0A979HLR9	Snap25	True	True	False	True	True	False	C
Q9WVH4	P20108	Foxo3	Prdx3	True	True	False	True	True	False	A
Q9WVH4	P08228	Foxo3	Sod1	True	True	False	True	True	False	C
P81270	P55284	Erg	Cdh5	True	True	False	True	True	False	A
P28033	Q9WTX8	Cebpb	Mad1l1	True	True	False	True	True	False	B
Q61164	P97481	Ctcf	Epas1	True	False	False	False	False	False	B
A0A979HLR9	P28352	A0A979HLR9	Apex1	True	False	True	True	False	True	A
P48281	P47878	Vdr	Igfbp3	True	False	True	True	False	True	A
F6Y2T6	P27577	F6Y2T6	Ets1	True	True	False	True	True	False	A
P27577	F6Y2T6	Ets1	F6Y2T6	True	True	False	False	False	False	A
Q61501	Q3TLR7	E2f1	Dtl	True	True	False	True	True	False	A
Q8R0K9	Q3TLR7	E2f4	Dtl	True	True	False	True	True	False	B
P02340	A0A0R4J0E4	Tp53	A0A0R4J0E4	True	False	True	True	False	True	A
P01108	Q60954	Myc	Meis1	True	True	False	True	True	False	A
Q60591	P04401	Nfatc2	Il5	True	True	False	True	True	False	A
P17433	P10810	Spi1	Cd14	True	True	False	True	True	False	A
Q9WU00	O88456	Nrf1	Capns1	True	True	False	True	True	False	A
Q9WVH4	P06869	Foxo3	Plau	True	False	True	True	False	True	A
P02340	Q02248	Tp53	Ctnnb1	True	False	True	True	False	True	A
A0A979HLR9	P16054	A0A979HLR9	Prkce	True	False	True	True	False	True	A
O88898	Q8CB49	Tp63	Tprg1	True	True	False	True	True	False	C
P53566	Q08857	Cebpa	Cd36	True	True	False	True	True	False	B
Q04207	P39689	Rela	Cdkn1a	True	True	True	True	True	False	A
Q9WTN3	O35604	Srebf1	Npc1	True	True	False	True	True	False	A
P08046	P22724	Egr1	Wnt4	True	False	True	True	False	True	A
Q08874	Q9ERI2	Mitf	Rab27a	True	True	False	True	True	False	A
P08046	P08505	Egr1	Il6	True	False	True	True	False	True	A
Q61221	P26687	Hif1a	Twist1	True	True	False	True	True	False	A
Q9R1E0	Q8BG60	Foxo1	Txnip	True	True	True	True	True	False	A
Q61501	A0A2I3BQV6	E2f1	A0A2I3BQV6	True	True	False	True	True	False	A
P08046	E9Q593	Egr1	E9Q593	True	True	False	True	True	False	A
P08046	Q9WUD0	Egr1	Q9WUD0	True	True	False	True	True	False	A
P08046	O55071	Egr1	Cyp2b19	True	True	False	True	True	False	A
O70494	E9QJS7	Sp3	E9QJS7	True	True	False	True	True	False	A
A0A979HLR9	E9QJS7	A0A979HLR9	E9QJS7	True	True	False	True	True	False	A
A0A087WSP5	Q9WU72	A0A087WSP5	Tnfsf13b	True	True	False	True	True	False	A
A0A979HLR9	Q64237	A0A979HLR9	Dbh	True	True	False	True	True	False	A
Q61221	P20826	Hif1a	Kitlg	True	True	False	True	True	False	A
Q61501	O70494	E2f1	Sp3	True	False	True	True	False	True	A
P42230	P23611	Stat5a	Irf8	True	True	False	True	True	False	C
Q9R1Y5	P48985	Hic1	Atoh1	True	False	True	True	False	True	A
Q9WVH4	P21447	Foxo3	Abcb1a	True	True	False	True	True	False	A
Q61501	A0A3Q4EBR8	E2f1	A0A3Q4EBR8	True	True	False	True	True	False	A
Q61501	Q60596	E2f1	Xrcc1	True	True	False	True	True	False	A
A0A979HLR9	Q8BLM0	A0A979HLR9	Klf8	True	True	False	True	True	False	A
P17433	P06804	Spi1	Tnf	True	True	False	True	True	False	A
P01108	P17918	Myc	Pcna	True	True	False	True	True	False	A
Q61501	Q673W4	E2f1	Q673W4	True	True	False	True	True	False	A
Q61501	Q673W2	E2f1	Q673W2	True	True	False	True	True	False	A
P53566	P11247	Cebpa	Mpo	True	True	False	True	True	False	B
P97471	P41133	Smad4	Id3	True	True	False	True	True	False	B
P25799	Q9Z2F6	Nfkb1	Bcl3	True	True	False	False	False	False	A
P25799	Q9EQ14	Nfkb1	Il23a	True	True	False	True	True	False	A
Q04207	Q9EQ14	Rela	Il23a	True	True	False	True	True	False	A
Q61501	O35235	E2f1	Tnfsf11	True	True	False	True	True	False	A
Q9R1E0	P21447	Foxo1	Abcb1a	True	True	False	True	True	False	A
Q00899	Q01279	Yy1	Egfr	True	True	False	True	True	False	A
Q61221	O88452	Hif1a	Stc2	True	True	False	True	True	False	A
P49698	Q922U1	Hnf4a	Prpf3	True	True	False	True	True	False	A
P19785	P24807	Esr1	Cd24	True	False	True	True	False	True	A
Q6P1H7	P25916	Q6P1H7	Bmi1	True	True	False	True	True	False	A
Q61221	P48302	Hif1a	Ednrb	True	True	False	True	True	False	A
Q9WTN3	Q01237	Srebf1	Hmgcr	True	True	False	True	True	False	A
P42669	P19091	Pura	Ar	True	False	True	True	False	True	A
Q63ZV0	P01325	Insm1	Ins1	True	True	False	True	True	False	A
Q63ZV0	P01326	Insm1	Ins2	True	True	False	True	True	False	A
Q08775	A0A2I3BRE5	Runx2	A0A2I3BRE5	True	True	False	True	True	False	A
A0A087WR05	O08538	A0A087WR05	Angpt1	True	True	False	True	True	False	B
Q61501	Q64702	E2f1	Plk4	True	True	False	True	True	False	A
Q8R0K9	Q7TSG3	E2f4	Fbxo5	True	True	False	True	True	False	A
Q61501	Q922S8	E2f1	Kif2c	True	True	True	True	True	False	A
A0A979HLR9	Q922S8	A0A979HLR9	Kif2c	True	True	False	True	True	False	A
Q9R1E0	P49817	Foxo1	Cav1	True	True	False	True	True	False	A
P08046	Q00899	Egr1	Yy1	True	False	False	False	False	False	B
Q08874	A2AWP0	Mitf	Birc7	True	True	False	True	True	False	A
P02340	P41183	Tp53	Bcl6	True	True	False	True	True	False	A
Q60I23	P25322	Q60I23	Ccnd1	True	True	False	True	True	False	A
A0A087WR05	Q61286	A0A087WR05	Tcf12	True	True	False	True	True	False	B
A0A979HLR9	P29268	A0A979HLR9	Ccn2	True	True	False	True	True	False	A
P97469	P48281	Snai2	Vdr	True	False	True	True	False	True	A
Q00899	A2A7B5	Yy1	A2A7B5	True	True	False	True	True	False	A
Q01147	Q8R2N1	Creb1	Aqp3	True	True	False	True	True	False	A
P01108	O54786	Myc	Dffa	True	True	False	True	True	False	A
Q61501	Q9QZ41	E2f1	Dbf4	True	True	False	True	True	False	A
P02340	P46425	Tp53	Gstp2	True	True	False	True	True	False	A
P02340	P19157	Tp53	Gstp1	True	True	False	True	True	False	A
P08046	Q61221	Egr1	Hif1a	True	True	False	True	True	False	A
Q04887	Q9Z261	Sox9	Cldn7	True	False	True	True	False	True	A
Q8BPQ2	Q8VDF3	Q8BPQ2	Dapk2	True	True	False	True	True	False	A
Q61501	Q8VDF3	E2f1	Dapk2	True	True	False	True	True	False	A
A0A979HLR9	P97427	A0A979HLR9	Crmp1	True	False	True	True	False	True	A
P53566	P97427	Cebpa	Crmp1	True	True	False	True	True	False	A
Q61221	Q6PCM1	Hif1a	Kdm3a	True	True	False	True	True	False	A
P19091	A0A0R4J145	Ar	A0A0R4J145	True	True	False	True	True	False	A
O35906	Q60636	Spib	Prdm1	True	False	True	True	False	True	A
P02340	O35185	Tp53	Bhlhe40	True	True	False	True	True	False	B
O54917	Q61501	E2f6	E2f1	True	False	True	False	False	False	A
Q61501	O54917	E2f1	E2f6	True	True	False	True	True	False	A
Q61221	P97477	Hif1a	Aurka	True	True	False	True	True	False	A
A0A087WSP5	Q6PKB0	A0A087WSP5	Q6PKB0	True	False	True	True	False	True	A
A0A979HLR9	P08228	A0A979HLR9	Sod1	True	True	True	True	True	False	A
P01108	P15037	Myc	Ets2	True	True	False	True	True	False	A
P15037	P01108	Ets2	Myc	True	True	False	False	False	False	A
P08046	Q5BU09	Egr1	Eapp	True	True	False	True	True	False	A
A0A979HLR9	Q5BU09	A0A979HLR9	Eapp	True	True	False	True	True	False	A
O70494	Q5BU09	Sp3	Eapp	True	False	True	True	False	True	A
P12813	P51557	Nr4a1	Star	True	True	False	True	True	False	A
P17679	Q9ERZ0	Gata1	Hemgn	True	True	True	True	True	True	A
P05627	Q3UN27	Jun	Q3UN27	True	True	False	True	True	False	A
Q9R1E0	F8VPZ1	Foxo1	F8VPZ1	True	True	False	True	True	False	A
P08046	O55143	Egr1	Atp2a2	True	False	True	True	False	True	A
P05627	P35396	Jun	Ppard	True	True	False	True	True	False	A
Q00288	O70372	Pax8	Tert	True	True	False	True	True	False	A
P27577	P33435	Ets1	Mmp13	True	True	False	True	True	False	A
H3BJ24	P15948	H3BJ24	Klk1b22	True	False	True	True	False	True	A
H3BJ24	P00755	H3BJ24	Klk1b1	True	False	True	True	False	True	A
H3BJ24	Q61754	H3BJ24	Klk1b24	True	False	True	True	False	True	A
H3BJ24	P04071	H3BJ24	Klk1b16	True	False	True	True	False	True	A
H3BJ24	Q61759	H3BJ24	Klk1b21	True	False	True	True	False	True	A
H3BJ24	P15949	H3BJ24	Klk1b9	True	False	True	True	False	True	A
H3BJ24	P15947	H3BJ24	Klk1	True	False	True	True	False	True	A
H3BJ24	Q9JM71	H3BJ24	Klk1b27	True	False	True	True	False	True	A
H3BJ24	P00756	H3BJ24	Klk1b3	True	False	True	True	False	True	A
H3BJ24	P15945	H3BJ24	Klk1b5	True	False	True	True	False	True	A
H3BJ24	P07628	H3BJ24	Klk1b8	True	False	True	True	False	True	A
H3BJ24	P36369	H3BJ24	Klk1b26	True	False	True	True	False	True	A
H3BJ24	P15946	H3BJ24	Klk1b11	True	False	True	True	False	True	A
H3BJ24	P00757	H3BJ24	Klk1b4	True	False	True	True	False	True	A
P15314	Q99JB6	Irf1	Foxp3	True	False	True	True	False	True	A
Q9WVH4	P42337	Foxo3	Pik3ca	True	True	False	True	True	False	A
P23204	Q05769	Ppara	Ptgs2	True	True	True	True	False	True	A
P02340	P31750	Tp53	Akt1	True	False	True	True	False	True	A
Q61501	O70571	E2f1	Pdk4	True	True	True	True	True	False	A
P19091	Q01279	Ar	Egfr	True	True	True	True	False	True	A
P15314	P27512	Irf1	Cd40	True	True	False	True	True	False	A
Q04207	P15314	Rela	Irf1	True	True	False	True	True	False	A
P02340	P05622	Tp53	Pdgfrb	True	True	False	True	True	False	A
P08046	P30987	Egr1	Tbxa2r	True	True	False	True	True	False	A
P27577	P30987	Ets1	Tbxa2r	True	True	False	True	True	False	A
P17679	P30987	Gata1	Tbxa2r	True	True	False	True	True	False	A
A0A0R4J0Y5	P30987	A0A0R4J0Y5	Tbxa2r	True	True	False	True	True	False	A
A0A979HLR9	P50592	A0A979HLR9	Tnfsf10	True	True	True	True	True	False	A
Q04207	B5B2N2	Rela	B5B2N2	True	True	False	True	True	False	B
Q9R1E0	P18337	Foxo1	Sell	True	True	False	True	True	False	A
A0A979HLR9	P16879	A0A979HLR9	Fes	True	True	False	True	True	False	A
Q60765	Q8BPQ2	Atf3	Q8BPQ2	True	False	False	False	False	False	C
Q8BPQ2	Q60765	Q8BPQ2	Atf3	True	True	False	True	True	False	A
P08046	Q80YQ1	Egr1	Q80YQ1	True	False	True	True	False	True	A
Q04207	P18893	Rela	Il10	True	True	False	True	True	False	A
P97303	P04351	Bach2	Il2	True	True	False	True	True	False	A
Q60795	A2AQU8	Nfe2l2	A2AQU8	True	True	False	True	True	False	C
B5B2N2	P04401	B5B2N2	Il5	True	True	False	True	True	False	A
Q9WVH4	P24270	Foxo3	Cat	True	True	False	True	True	False	A
P06537	E9QA15	Nr3c1	E9QA15	True	True	False	True	True	False	A
Q9Z0Z7	P19096	Klf5	Fasn	True	True	False	True	True	False	A
A0A1Y7VML1	P97477	A0A1Y7VML1	Aurka	True	True	False	True	True	False	A
Q64705	E9QAS8	Usf2	E9QAS8	True	True	False	True	True	False	A
P05627	P14097	Jun	Ccl4	True	True	False	True	True	False	C
Q04887	Q3LFS7	Sox9	Q3LFS7	True	True	False	True	True	False	A
Q04887	Q925P2	Sox9	Ceacam2	True	True	False	True	True	False	A
P08046	Q02248	Egr1	Ctnnb1	True	True	False	True	True	False	A
P43135	P97333	Nr2f2	Nrp1	True	True	False	True	True	False	C
A0A979HLR9	P03958	A0A979HLR9	Ada	True	True	False	True	True	False	A
P43241	P55292	Cdx2	Dsc2	True	True	False	True	True	False	A
P18111	P55292	Cdx1	Dsc2	True	True	False	True	True	False	A
Q61501	P20029	E2f1	Hspa5	True	False	True	True	False	True	A
Q61221	Q61696	Hif1a	Hspa1a	True	True	False	True	True	False	A
Q61221	P17879	Hif1a	Hspa1b	True	True	False	True	True	False	A
Q60I23	Q0VGT2	Q60I23	Gli2	True	True	False	True	True	False	A
P19785	P08730	Esr1	Krt13	True	True	False	True	True	False	A
P49698	P70274	Hnf4a	Selenop	True	True	False	True	True	False	A
P58463	A0A0G2JE70	Foxp2	A0A0G2JE70	True	False	True	True	False	True	A
P25799	O35732	Nfkb1	Cflar	True	True	True	True	True	False	A
P25799	P09225	Nfkb1	Lta	True	True	False	True	True	False	A
P25799	P39429	Nfkb1	Traf2	True	True	True	True	True	False	A
P28033	P24549	Cebpb	Aldh1a1	True	True	False	True	True	False	B
P02340	Q63739	Tp53	Ptp4a1	True	True	False	True	True	False	B
Q04207	A2APM2	Rela	A2APM2	True	True	False	True	True	False	B
P38532	Q9JLV1	Hsf1	Bag3	True	False	True	True	False	True	A
P49698	Q8VI47	Hnf4a	Abcc2	True	True	False	True	True	False	A
O88470	P09671	Foxl2	Sod2	True	True	False	True	True	False	A
Q61501	Q9WVM1	E2f1	Racgap1	True	True	False	True	True	False	A
A0A087WR05	A0A2I3BRE5	A0A087WR05	A0A2I3BRE5	True	True	False	True	True	False	A
P01108	P35428	Myc	Hes1	True	True	False	True	True	False	A
P01108	P63038	Myc	Hspd1	True	True	False	True	True	False	A
Q9Z0Y9	O35185	Nr1h3	Bhlhe40	True	True	False	True	True	False	A
A0A087WSP5	Q9Z0M9	A0A087WSP5	Il18bp	True	True	False	True	True	False	A
P48281	A0A8Q0P8A2	Vdr	A0A8Q0P8A2	True	True	False	True	True	False	A
Q8BX22	P20263	Sall4	Pou5f1	True	True	False	True	True	False	C
F6Y2T6	P30987	F6Y2T6	Tbxa2r	True	False	True	True	False	True	A
P53566	P35583	Cebpa	Foxa2	True	True	False	False	False	False	A
P17433	E9Q954	Spi1	E9Q954	True	False	True	True	False	True	A
P01108	O08789	Myc	Mnt	True	True	False	True	True	False	A
Q61221	Q6P1H7	Hif1a	Q6P1H7	True	True	False	True	True	False	A
Q60929	Q60843	Mef2a	Klf2	True	True	False	True	True	False	A
P28700	Q64505	Rxra	Cyp7a1	True	False	True	True	False	True	A
Q61221	A2AI16	Hif1a	A2AI16	True	True	False	True	True	False	A
P17433	Q8BNX1	Spi1	Clec4g	True	True	False	True	True	False	A
P01108	O88665	Myc	Brd7	True	False	True	True	False	True	A
P49698	P97425	Hnf4a	Ear2	True	True	False	True	True	False	A
P49698	Q8K196	Hnf4a	Q8K196	True	True	False	True	True	False	A
P49698	P97426	Hnf4a	Ear1	True	True	False	True	True	False	A
P49698	Q923L7	Hnf4a	Q923L7	True	True	False	True	True	False	A
P49698	Q923L6	Hnf4a	Q923L6	True	True	False	True	True	False	A
P49698	O35292	Hnf4a	Rnase2b	True	True	False	True	True	False	A
P19785	Q04211	Esr1	Btg2	True	False	True	True	False	True	A
A0A0R4J1Z4	P43252	A0A0R4J1Z4	Ptgir	True	True	False	True	True	False	A
P17433	P43252	Spi1	Ptgir	True	True	False	True	True	False	A
P02340	Q6NXK5	Tp53	Dusp11	True	True	False	True	True	False	A
Q61221	P12023	Hif1a	App	True	True	False	True	True	False	C
A0A087WSP5	P18893	A0A087WSP5	Il10	True	True	False	True	True	False	A
A0A087WSP5	P23772	A0A087WSP5	Gata3	True	True	False	True	True	False	A
A0A087WSP5	Q99JB6	A0A087WSP5	Foxp3	True	True	False	True	True	False	A
P35582	P10417	Foxa1	Bcl2	True	False	True	True	False	True	A
P08046	P39688	Egr1	Fyn	True	True	False	True	True	False	B
P08046	Q07813	Egr1	Bax	True	True	False	True	True	False	A
P02340	Q6P5H6	Tp53	Frmd5	True	True	False	True	True	False	A
Q80Z64	P48964	Nanog	Cdc25a	True	False	True	True	False	True	A
Q80Z64	Q64261	Nanog	Cdk6	True	False	True	True	False	True	A
P35582	P52946	Foxa1	Pdx1	True	True	False	True	True	False	A
P02340	Q99JW5	Tp53	Epcam	True	True	False	True	True	False	A
P19091	Q9Z0M1	Ar	Klk4	True	True	False	True	True	False	A
P01108	O88566	Myc	Axin2	True	True	False	True	True	False	B
Q61164	P01587	Ctcf	Csf2	True	True	False	True	True	False	A
P19785	P10417	Esr1	Bcl2	True	True	False	True	True	False	A
A0A979HLR9	P26040	A0A979HLR9	Ezr	True	True	False	True	True	False	A
P05627	P26040	Jun	Ezr	True	True	False	True	True	False	A
P01101	P26040	Fos	Ezr	True	True	False	True	True	False	A
P22091	P25801	Tal1	Lmo2	True	True	False	True	True	False	B
P19091	Q9JIQ8	Ar	Tmprss2	True	True	False	True	True	False	A
Q61221	P35456	Hif1a	Plaur	True	True	False	True	True	False	A
P05627	P22387	Jun	Edn1	True	True	False	True	True	False	A
P17433	A0A087WR05	Spi1	A0A087WR05	True	False	False	False	False	False	A
P02340	Q8CFG0	Tp53	Sulf2	True	True	False	True	True	False	B
A0A087WR05	P17433	A0A087WR05	Spi1	True	True	False	True	True	False	A
Q61221	Q3UTR7	Hif1a	Q3UTR7	True	True	False	True	True	False	A
P15066	P04202	Jund	Tgfb1	True	True	False	True	True	False	A
A0A087WR05	Q6PAJ1	A0A087WR05	Bcr	True	True	False	True	True	False	B
P19091	E9QNX9	Ar	E9QNX9	True	True	False	True	True	False	A
P49698	Q91Y97	Hnf4a	Aldob	True	True	False	True	True	False	A
Q6P1H7	Q07832	Q6P1H7	Plk1	True	True	False	True	True	False	A
Q08369	P70424	Gata4	Erbb2	True	False	True	True	False	True	A
P15066	A0A0R4J088	Jund	A0A0R4J088	True	True	False	True	True	False	C
P06537	A2RTV8	Nr3c1	A2RTV8	True	True	False	True	True	False	A
P27699	P42082	Crem	Cd86	True	True	False	True	True	False	B
Q61501	P16092	E2f1	Fgfr1	True	True	False	True	True	False	A
Q61026	Q05BA5	Ncoa2	Q05BA5	True	True	False	True	True	False	C
Q04887	P97503	Sox9	Nkx3-2	True	True	False	True	True	False	A
Q08874	P62814	Mitf	Atp6v1b2	True	True	False	True	True	False	B
P53566	O35718	Cebpa	Socs3	True	True	False	True	True	False	A
Q61501	Q8CC12	E2f1	Cdan1	True	True	False	True	True	False	A
P15314	P17515	Irf1	Cxcl10	True	True	False	True	True	False	A
B5B2N2	P13597	B5B2N2	Icam1	True	True	False	True	True	False	A
P27782	Q02248	Lef1	Ctnnb1	True	True	False	False	False	False	A
P02340	D3YUA8	Tp53	D3YUA8	True	True	False	True	True	False	B
Q61164	Q61550	Ctcf	Rad21	True	True	False	True	True	False	A
Q04207	P39428	Rela	Traf1	True	True	False	True	True	False	A
F6Y2T6	G3X8Q7	F6Y2T6	G3X8Q7	True	False	True	False	False	False	A
G3X8Q7	F6Y2T6	G3X8Q7	F6Y2T6	True	True	False	True	True	False	A
P11416	Q8BW75	Rara	Maob	True	True	False	True	True	False	A
P15037	P41245	Ets2	Mmp9	True	True	False	True	True	False	A
Q9WVH4	P55271	Foxo3	Cdkn2b	True	True	False	True	True	False	A
P19785	E9PYU5	Esr1	E9PYU5	True	True	False	True	True	False	C
P19785	Q8R368	Esr1	Dnaaf4	True	True	False	True	True	False	C
P02340	O08918	Tp53	Ccng2	True	True	False	True	True	False	A
P23204	P06728	Ppara	Apoa4	True	True	False	True	True	False	A
P97302	P08505	Bach1	Il6	True	False	True	True	False	True	C
Q06507	Q9D3F7	Atf4	Ddit4	True	True	False	True	True	False	A
P27577	Q61003	Ets1	Cd6	True	True	False	True	True	False	A
P01101	P27577	Fos	Ets1	True	True	False	False	False	False	B
P27577	P01101	Ets1	Fos	True	True	False	True	True	False	A
P05627	P27577	Jun	Ets1	True	True	False	True	True	False	A
P27577	P05627	Ets1	Jun	True	True	False	False	False	False	B
P17433	P01592	Spi1	Jchain	True	True	False	True	True	False	A
O08537	Q64429	Esr2	Cyp1b1	True	True	False	True	True	False	C
P49698	Q80X81	Hnf4a	Q80X81	True	True	False	True	True	False	A
P49698	Q8CAY6	Hnf4a	Acat2	True	True	False	True	True	False	A
P35582	Q61696	Foxa1	Hspa1a	True	True	False	True	True	False	A
P35582	P17879	Foxa1	Hspa1b	True	True	False	True	True	False	A
Q61221	O35608	Hif1a	Angpt2	True	True	False	True	True	False	A
Q61501	Q9R1Y5	E2f1	Hic1	True	True	False	True	True	False	A
Q9R1Y5	Q61501	Hic1	E2f1	True	False	True	False	False	False	A
A0A087WR05	Q9WVH4	A0A087WR05	Foxo3	True	False	False	False	False	False	B
P19785	P11881	Esr1	Itpr1	True	True	False	True	True	False	B
Q60793	Q80Z64	Klf4	Nanog	True	True	False	True	True	False	A
P41778	Q80Z64	Pbx1	Nanog	True	True	False	True	True	False	A
P53566	P25118	Cebpa	Tnfrsf1a	True	True	False	True	True	False	A
Q9R1Y5	P56485	Hic1	Ackr3	True	False	True	True	False	True	A
P49698	E9PZ30	Hnf4a	E9PZ30	True	True	False	True	True	False	A;D
P49698	Q8R084	Hnf4a	Q8R084	True	True	False	True	True	False	A;D
A0A979HLR9	B2RT14	A0A979HLR9	B2RT14	True	True	False	True	True	False	A
A0A979HLR9	P70691	A0A979HLR9	Ugt1a2	True	True	False	True	True	False	A
O35906	Q02650	Spib	Pax5	True	False	False	False	False	False	C
Q9WTN3	A0A1Y7VJ01	Srebf1	A0A1Y7VJ01	True	True	False	True	True	False	C
P17679	Q7TN31	Gata1	Aggf1	True	True	False	True	True	False	A
A0A087WSP5	O35235	A0A087WSP5	Tnfsf11	True	True	False	True	True	False	A
P08046	D3Z4N2	Egr1	D3Z4N2	True	True	False	True	True	False	A
P53566	Q3UTR7	Cebpa	Q3UTR7	True	True	False	True	True	False	A
A3KN90	Q61180	A3KN90	Scnn1a	True	True	False	True	True	False	C
A0A087WSP5	A0A0R4J0H9	A0A087WSP5	A0A0R4J0H9	True	True	False	True	True	False	A
P19785	P48320	Esr1	Gad2	True	True	False	True	True	False	C
P01108	Q61501	Myc	E2f1	True	True	False	False	False	False	A
Q61501	P01108	E2f1	Myc	True	True	False	True	True	False	A
E9PVV1	Q01705	E9PVV1	Notch1	True	True	False	True	True	False	C
P08046	O35973	Egr1	Per1	True	True	False	True	True	False	B
A4QPD3	P54763	A4QPD3	Ephb2	True	False	True	True	False	True	A
P17433	Q9JHF9	Spi1	Ly96	True	True	False	True	True	False	A
Q61221	Q08857	Hif1a	Cd36	True	True	False	True	True	False	A
P63015	D3YVY2	Pax6	D3YVY2	True	True	False	True	True	False	A
P01108	P23804	Myc	Mdm2	True	True	False	True	True	False	A
Q9R1E0	P10749	Foxo1	Il1b	True	True	False	True	True	False	A
Q9Z0Z7	O70514	Klf5	Fgfbp1	True	True	False	True	True	False	A
P23772	B1AWS8	Gata3	B1AWS8	True	True	False	True	True	False	A
P48755	P08505	Fosl1	Il6	True	True	False	True	True	False	A
Q04863	P08505	Relb	Il6	True	False	True	True	False	True	B
Q61221	O08528	Hif1a	Hk2	True	True	False	True	True	False	A
A0A087WSP5	P08505	A0A087WSP5	Il6	True	False	True	True	False	True	A
P23204	P54869	Ppara	Hmgcs2	True	True	False	True	True	False	A
P23708	Q9WTN3	Nfya	Srebf1	True	True	False	True	True	False	C
P08046	P48540	Egr1	Gdnf	True	True	False	True	True	False	A
O70494	P0CG50	Sp3	Ubc	True	True	False	True	True	False	A
P42230	P30282	Stat5a	Ccnd3	True	True	False	True	True	False	A
P47806	P47880	Gli1	Igfbp6	True	True	False	True	True	False	A
P08046	Q61029	Egr1	Tmpo	True	True	False	True	True	False	A
P08046	Q61033	Egr1	Tmpo	True	True	False	True	True	False	A
A0A979HLR9	Q61029	A0A979HLR9	Tmpo	True	True	False	True	True	False	A
A0A979HLR9	Q61033	A0A979HLR9	Tmpo	True	True	False	True	True	False	A
P17433	E9Q604	Spi1	E9Q604	True	True	False	True	True	False	A
P17433	Q3U1U4	Spi1	Q3U1U4	True	True	False	True	True	False	A
P23204	Q9Z2Z6	Ppara	Slc25a20	True	True	False	True	True	False	C
P25799	P14901	Nfkb1	Hmox1	True	True	False	True	True	False	A
P28033	P05366	Cebpb	Saa1	True	True	False	True	True	False	A
P28033	P05367	Cebpb	Saa2	True	True	False	True	True	False	A
P28033	P04918	Cebpb	Saa3	True	True	False	True	True	False	A
Q01147	A0A7N9VSW1	Creb1	A0A7N9VSW1	True	True	False	True	True	False	A
P49698	P43241	Hnf4a	Cdx2	True	True	False	True	True	False	B
A0A979HLR9	Q9Z0F8	A0A979HLR9	Adam17	True	True	False	True	True	False	A
P31310	Q61753	Hoxa10	Phgdh	True	False	True	True	False	True	A
P08046	P54227	Egr1	Stmn1	True	True	False	True	True	False	A
Q8BUN5	Q0VGT2	Smad3	Gli2	True	True	False	True	True	False	A
P08046	P97494	Egr1	Gclc	True	True	False	True	True	False	B
B5B2N2	Q62386	B5B2N2	Il17a	True	True	False	True	True	False	C
Q61501	P70671	E2f1	Irf3	True	False	True	True	False	True	A
P15037	P26323	Ets2	Fli1	True	True	False	True	True	False	A
P08046	Q64332	Egr1	Syn2	True	True	False	True	True	False	A
A2A5C3	Q64332	A2A5C3	Syn2	True	True	False	True	True	False	A
Q60591	O70372	Nfatc2	Tert	True	True	False	True	True	False	A
Q6PZD9	P33434	Cebpe	Mmp2	True	True	False	True	True	False	C
P01108	P11416	Myc	Rara	True	True	False	True	True	False	A
P11416	P01108	Rara	Myc	True	True	False	False	False	False	A
A0A979HLR9	P81122	A0A979HLR9	Irs2	True	True	False	True	True	False	A
Q61624	P81122	Znf148	Irs2	True	True	False	True	True	False	A
A0A979HLR9	P10287	A0A979HLR9	Cdh3	True	True	False	True	True	False	A
P02340	P09056	Tp53	Lif	True	True	False	True	True	False	A
P35582	Q9JJ72	Foxa1	Rprm	True	False	True	True	False	True	A
P27577	P06332	Ets1	Cd4	True	True	False	True	True	False	A
Q3U1Q3	P27577	Q3U1Q3	Ets1	True	False	False	False	False	False	C
Q64318	P19091	Zeb1	Ar	True	False	True	True	False	True	A
Q9JKD8	G5E8H3	Tbx21	G5E8H3	True	False	False	False	False	False	C
P23772	Q8C181	Gata3	Mbnl2	True	True	False	True	True	False	B
P48281	Q9Z1E3	Vdr	Nfkbia	True	True	False	True	True	False	B
P49698	P21447	Hnf4a	Abcb1a	True	True	False	True	True	False	B
P19785	Q60612	Esr1	Adora1	True	True	False	True	True	False	A
Q06507	Q9WTK0	Atf4	Nupr1	True	True	False	True	True	False	A
P53566	D3Z2V2	Cebpa	D3Z2V2	True	True	False	True	True	False	B
Q61164	O35943	Ctcf	Fxn	True	True	False	True	True	False	C
Q61221	Q9QUK6	Hif1a	Tlr4	True	True	False	True	True	False	A
Q61221	Q9QUM5	Hif1a	Q9QUM5	True	True	False	True	True	False	A
A0A087WSP5	Q8BUN5	A0A087WSP5	Smad3	True	True	False	True	True	False	B
A0A979HLR9	G3X9H5	A0A979HLR9	G3X9H5	True	True	False	True	True	False	A
P17433	O70145	Spi1	Ncf2	True	True	False	True	True	False	A
P22091	P62257	Tal1	Ube2h	True	True	False	True	True	False	A
A0A979HLR9	P15037	A0A979HLR9	Ets2	True	True	False	True	True	False	A
P35582	O88312	Foxa1	Agr2	True	True	False	True	True	False	A
Q06831	E9QB01	Sox4	E9QB01	True	True	False	True	True	False	A
Q04207	P23204	Rela	Ppara	True	False	True	True	False	True	A
P54843	P33435	Maf	Mmp13	True	True	False	True	True	False	A
Q8BRF1	D3YVY2	Q8BRF1	D3YVY2	True	True	False	True	True	False	A
P19785	Q3UHK3	Esr1	Greb1	True	True	False	True	True	False	A
P35582	Q3UHK3	Foxa1	Greb1	True	True	False	True	True	False	A
A0A979HLR9	Q62469	A0A979HLR9	Itga2	True	True	False	True	True	False	A
Q01147	P15539	Creb1	Cyp11b2	True	True	False	True	True	False	A
Q01147	Q3TG86	Creb1	Q3TG86	True	True	False	True	True	False	A
P27577	Q9DBB1	Ets1	Dusp6	True	True	False	True	True	False	A
P08046	P31955	Egr1	Areg	True	True	False	True	True	False	A
P01108	Q64674	Myc	Srm	True	True	False	True	True	False	A
P17679	P26323	Gata1	Fli1	True	True	False	False	False	False	C
P26323	P17679	Fli1	Gata1	True	True	False	True	True	False	A
P23772	D3YU76	Gata3	D3YU76	True	False	False	False	False	False	B
E9PZJ2	Q64345	E9PZJ2	Ifit3	True	True	False	True	True	False	A
E9PZJ2	E9PV48	E9PZJ2	E9PV48	True	True	False	True	True	False	A
P15314	Q64345	Irf1	Ifit3	True	True	False	True	True	False	A
P15314	E9PV48	Irf1	E9PV48	True	True	False	True	True	False	A
Q04207	Q01147	Rela	Creb1	True	False	True	True	False	True	C
Q00422	Q8BTF7	Gabpa	Lig4	True	True	False	True	True	False	C
Q9EPW2	Q91VN0	Klf15	Lrp5	True	True	False	True	True	False	A
A0A979HLR9	Q91VN0	A0A979HLR9	Lrp5	True	True	False	True	True	False	A
P03966	P02340	Mycn	Tp53	True	True	True	True	True	False	A
A4QPD3	P43432	A4QPD3	Il12b	True	False	True	True	False	True	A
A0A979HLR9	O35566	A0A979HLR9	Cd151	True	True	False	True	True	False	A
P35583	A0A0R4IZW5	Foxa2	A0A0R4IZW5	True	True	False	True	True	False	A
P19785	P05480	Esr1	Src	True	True	False	True	True	False	A
P25799	P17515	Nfkb1	Cxcl10	True	True	False	True	True	False	A
Q04207	P17515	Rela	Cxcl10	True	True	False	True	True	False	A
P38532	P50295	Hsf1	Nat2	True	True	False	True	True	False	A
A0A979HLR9	Q3URR0	A0A979HLR9	Cenpw	True	True	False	True	True	False	A
Q06507	Q60795	Atf4	Nfe2l2	True	True	False	False	False	False	C
Q04207	P31750	Rela	Akt1	True	False	True	True	False	True	A
Q61501	P61092	E2f1	Siah1a	True	True	False	True	True	False	A
P48377	P61148	Rfx1	Fgf1	True	True	False	True	True	False	C
P43241	Q62226	Cdx2	Shh	True	False	True	True	False	True	C
O88470	P27786	Foxl2	Cyp17a1	True	False	True	True	False	True	A
Q9WTL8	O70361	Bmal1	Per3	True	True	False	True	True	False	A
A0A087WSP5	P22387	A0A087WSP5	Edn1	True	True	False	True	True	False	A
P28033	O35235	Cebpb	Tnfsf11	True	True	False	True	True	False	C
Q04207	P35347	Rela	Crhr1	True	True	False	True	True	False	A
O88470	Q60687	Foxl2	Fshb	True	True	False	True	True	False	A
Q9JM73	Q9ERG0	Srf	Lima1	True	True	False	True	True	False	C
O88898	A0A0J9YUX1	Tp63	A0A0J9YUX1	True	True	False	True	True	False	C
P63058	P01216	Thra	Cga	True	False	True	True	False	True	A
Q60793	A0A0R4IZW5	Klf4	A0A0R4IZW5	True	True	False	True	True	False	A
Q9WTK5	A2APM2	Nfkb2	A2APM2	True	True	False	True	True	False	B
Q04207	Q922W6	Rela	Q922W6	True	True	False	True	True	False	A
P43135	O35375	Nr2f2	Nrp2	True	True	False	True	True	False	C
A0A087WSP5	Q8CGK5	A0A087WSP5	Ifnlr1	True	True	False	True	True	False	A
E9Q1A8	P34884	E9Q1A8	Mif	True	False	True	True	False	True	A
P06537	P86547	Nr3c1	Bglap2	True	False	True	True	False	True	A
P06537	P86546	Nr3c1	Bglap	True	False	True	True	False	True	A
P06537	P54615	Nr3c1	Bglap3	True	False	True	True	False	True	A
P19785	Q8R143	Esr1	Pttg1ip	True	True	False	True	True	False	C
A0A979HLR9	P25799	A0A979HLR9	Nfkb1	True	True	False	True	True	False	A
A0A979HLR9	P51661	A0A979HLR9	Hsd11b2	True	True	False	True	True	False	C
Q00899	P29477	Yy1	Nos2	True	False	True	True	False	True	A
P70255	E9QPU1	Nfic	E9QPU1	True	True	False	True	True	False	A
O70494	P25322	Sp3	Ccnd1	True	True	False	True	True	False	A
A0A1Y7VJR5	P25322	A0A1Y7VJR5	Ccnd1	True	True	False	True	True	False	A
P15314	Q8K3I6	Irf1	Il27	True	True	False	True	True	False	A
Q00322	P25322	Cebpd	Ccnd1	True	True	False	True	True	False	B
P26323	Q9ES52	Fli1	Inpp5d	True	True	False	True	True	False	C
Q61221	P29268	Hif1a	Ccn2	True	True	False	True	True	False	A
Q3U1N2	Q920E5	Srebf2	Fdps	True	True	False	True	True	False	B
Q60795	Q64337	Nfe2l2	Sqstm1	True	True	False	True	True	False	A
P20263	P43241	Pou5f1	Cdx2	True	False	True	True	False	True	A
P05627	P30280	Jun	Ccnd2	True	True	False	True	True	False	A
P17679	P08680	Gata1	Alas2	True	True	False	True	True	False	A
Q61221	P16045	Hif1a	Lgals1	True	False	True	True	False	True	A
A0A087WSP5	P19785	A0A087WSP5	Esr1	True	True	False	True	True	False	A
Q60636	P17918	Prdm1	Pcna	True	False	True	True	False	True	C
P02340	O88876	Tp53	Dhrs3	True	True	False	True	True	False	B
A0A087WSP5	P52624	A0A087WSP5	Upp1	True	True	False	True	True	False	A
A0A0R4J021	Q9Z0L6	A0A0R4J021	Pth	True	True	False	True	True	False	A
Q06507	Q62371	Atf4	Ddr2	True	True	False	True	True	False	A
P25799	P33435	Nfkb1	Mmp13	True	True	False	True	True	False	A
P42232	Q64373	Stat5b	Bcl2l1	True	True	False	True	True	False	A
P19091	Q61526	Ar	Erbb3	True	True	False	True	True	False	A
A0A979HLR9	A0A5K1VVR8	A0A979HLR9	A0A5K1VVR8	True	True	False	True	True	False	C
Q60775	Q60954	Elf1	Meis1	True	True	False	True	True	False	A
P49698	Q8K479	Hnf4a	C1qtnf5	True	True	False	True	True	False	A
P19785	Q64669	Esr1	Nqo1	True	False	True	True	False	True	A
Q61312	Q3UHK3	Tfap2c	Greb1	True	True	False	True	True	False	A
P01108	Q62351	Myc	Tfrc	True	True	False	True	True	False	A
P41158	P01101	Elk4	Fos	True	True	False	True	True	False	A
A0A979HLR9	O35716	A0A979HLR9	Socs1	True	True	False	True	True	False	A
Q9WVH4	Q8BG60	Foxo3	Txnip	True	True	False	True	True	False	A
P19785	Q148B1	Esr1	Q148B1	True	True	True	True	False	True	A
P19785	Q5GLZ0	Esr1	Q5GLZ0	True	True	True	True	False	True	A
P19785	P56655	Esr1	Cyp2c38	True	True	True	True	False	True	A
P19785	Q91X77	Esr1	Cyp2c50	True	True	True	True	False	True	A
P19785	P56654	Esr1	Cyp2c37	True	True	True	True	False	True	A
P26323	P25801	Fli1	Lmo2	True	True	False	True	True	False	C
P01108	Q64261	Myc	Cdk6	True	True	False	True	True	False	A
P49698	Q3UTR7	Hnf4a	Q3UTR7	True	True	False	True	True	False	B
A0A087WPA7	A0A6I8MWY6	A0A087WPA7	A0A6I8MWY6	True	True	False	True	True	False	A
A0A087WPA7	P25801	A0A087WPA7	Lmo2	True	True	False	True	True	False	A
P43241	P21447	Cdx2	Abcb1a	True	True	False	True	True	False	A
P16951	P28563	Atf2	Dusp1	True	True	False	True	True	False	A
P19785	A0A087WQ36	Esr1	A0A087WQ36	True	True	False	True	True	False	A
Q3U1N2	P52430	Srebf2	Pon1	True	True	False	True	True	False	A
Q61164	P41183	Ctcf	Bcl6	True	False	True	True	False	True	A
P35583	P07309	Foxa2	Ttr	True	True	False	True	True	False	A
A0A979HLR9	Q8BUN5	A0A979HLR9	Smad3	True	True	False	True	True	False	B
Q9ERA0	Q921I1	Tfcp2	Tf	True	True	False	True	True	False	A
P02340	Q9Z2U4	Tp53	Elf4	True	False	True	False	False	False	A
Q61501	P43135	E2f1	Nr2f2	True	False	False	False	False	False	B
A0A087WSP5	P17515	A0A087WSP5	Cxcl10	True	True	True	True	True	False	A
F6Y2T6	Q8BUN5	F6Y2T6	Smad3	True	True	False	True	True	False	A
O08785	O70361	Clock	Per3	True	True	False	True	True	False	A
P58463	P35456	Foxp2	Plaur	True	True	False	True	True	False	A
P05627	D3YVY2	Jun	D3YVY2	True	True	False	True	True	False	B
P17433	P40223	Spi1	Csf3r	True	True	False	True	True	False	A
E9Q1A8	Q64337	E9Q1A8	Sqstm1	True	True	False	True	True	False	C
P01108	Q08297	Myc	Rad51	True	True	False	True	True	False	A
Q60I23	P31266	Q60I23	Rbpj	True	True	False	True	True	False	B
P17433	Q61391	Spi1	Mme	True	True	False	True	True	False	A
Q3U5D9	Q62245	Q3U5D9	Sos1	True	True	False	True	True	False	C
E9Q3T6	P20263	Prdm14	Pou5f1	True	True	False	True	True	False	A;D
P23708	A0A2R8VHR8	Nfya	Ddit3	True	True	False	True	True	False	A
P23708	P35639	Nfya	Ddit3	True	True	False	True	True	False	A
P81270	P13597	Erg	Icam1	True	False	True	True	False	True	A
O88898	Q60793	Tp63	Klf4	True	False	True	True	False	True	A
Q61501	Q80YQ1	E2f1	Q80YQ1	True	True	False	True	True	False	A
P01101	Q9QZD4	Fos	Ercc4	True	True	False	True	True	False	A
Q8K5C0	A0A0R4IZW5	Grhl2	A0A0R4IZW5	True	True	False	True	True	False	C
Q8K5C0	O35054	Grhl2	Cldn4	True	True	False	True	True	False	C
Q9WTN3	A0A0R4J0I9	Srebf1	A0A0R4J0I9	True	False	True	True	False	True	A
P81270	E9QPU1	Erg	E9QPU1	True	True	False	True	True	False	A
A0A979HLR9	P14753	A0A979HLR9	Epor	True	True	True	True	True	False	A
P17679	P51678	Gata1	Ccr3	True	True	False	True	True	False	A
Q9WTK5	P09225	Nfkb2	Lta	True	True	False	True	True	False	C
Q61069	Q3LFS7	Usf1	Q3LFS7	True	True	False	True	True	False	A
Q61069	Q925P2	Usf1	Ceacam2	True	True	False	True	True	False	A
P15314	Q3LFS7	Irf1	Q3LFS7	True	True	False	True	True	False	A
P15314	Q925P2	Irf1	Ceacam2	True	True	False	True	True	False	A
Q61069	P01580	Usf1	Ifng	True	False	True	True	False	True	A
Q9WU00	P99029	Nrf1	Prdx5	True	True	False	True	True	False	A
Q60795	Q8VHJ7	Nfe2l2	Ppargc1b	True	True	False	True	True	False	C
A0A087WSP5	Q64345	A0A087WSP5	Ifit3	True	True	False	True	True	False	A
A0A087WSP5	E9PV48	A0A087WSP5	E9PV48	True	True	False	True	True	False	A
A0A0R4J1Z4	A2ACM0	A0A0R4J1Z4	A2ACM0	True	True	False	True	True	False	A
P11416	A2ACM0	Rara	A2ACM0	True	True	False	True	True	False	A
Q3U1Q3	Q64287	Q3U1Q3	Irf4	True	False	False	False	False	False	C
Q08874	A0A087WQN5	Mitf	A0A087WQN5	True	True	False	True	True	False	B
Q01147	Q9WTL2	Creb1	Rab25	True	True	False	True	True	False	C
A0A979HLR9	Q9JLZ8	A0A979HLR9	Sigirr	True	True	False	True	True	False	A
A0A087WSP5	P25322	A0A087WSP5	Ccnd1	True	True	False	True	True	False	A
P09450	P48755	Junb	Fosl1	True	False	False	False	False	False	C
A0A979HLR9	P27699	A0A979HLR9	Crem	True	True	False	True	True	False	A
P01101	P01139	Fos	Ngf	True	True	False	True	True	False	A
Q61164	Q04690	Ctcf	Nf1	True	True	False	True	True	False	A
Q80Z64	P35918	Nanog	Kdr	True	True	False	True	True	False	A
P17433	P42082	Spi1	Cd86	True	True	False	True	True	False	A
P01101	P46425	Fos	Gstp2	True	True	False	True	True	False	A
P01101	P19157	Fos	Gstp1	True	True	False	True	True	False	A
P48281	Q9D3F7	Vdr	Ddit4	True	True	False	True	True	False	A
P25799	P70347	Nfkb1	Tank	True	True	False	True	True	False	C
O09100	Q9WVS6	Gata2	Prkn	True	True	False	True	True	False	B
P17433	Q64345	Spi1	Ifit3	True	True	False	True	True	False	A
P17433	E9PV48	Spi1	E9PV48	True	True	False	True	True	False	A
P19785	Q3TZU5	Esr1	Q3TZU5	True	True	False	True	True	False	B
A0A979HLR9	Q8R016	A0A979HLR9	Blmh	True	True	False	True	True	False	A
Q6P1H7	Q61080	Q6P1H7	Foxf1	True	True	False	True	True	False	A
Q60793	Q60765	Klf4	Atf3	True	True	False	True	True	False	A
Q61221	P08680	Hif1a	Alas2	True	True	False	True	True	False	A
P23611	Q99MB1	Irf8	Tlr3	True	False	True	True	False	True	A
P08046	Q9WTN0	Egr1	Ggps1	True	True	False	True	True	False	A
Q9Z103	Q7TT18	Adnp	Atf7ip	True	False	False	False	False	False	C
P01108	P09450	Myc	Junb	True	False	True	True	False	True	A
O70494	Q9JHI8	Sp3	Nox4	True	True	False	True	True	False	A
Q61221	P28301	Hif1a	Lox	True	True	False	True	True	False	A
P01101	P01590	Fos	Il2ra	True	True	False	True	True	False	A
Q06507	Q05769	Atf4	Ptgs2	True	True	False	True	True	False	A
A0A087WR05	P81270	A0A087WR05	Erg	True	False	False	False	False	False	C
Q6S7F2	A0A979HLR9	E2f7	A0A979HLR9	True	False	True	True	False	True	A
A0A087WR05	Q02111	A0A087WR05	Prkcq	True	True	False	True	True	False	A
P53566	O70325	Cebpa	Gpx4	True	True	False	True	True	False	A
P41969	P97287	Elk1	Mcl1	True	True	False	True	True	False	A
Q9JM73	P97287	Srf	Mcl1	True	True	False	True	True	False	C
P27699	B5B2N2	Crem	B5B2N2	True	True	False	True	True	False	C
Q01147	E9Q5C9	Creb1	Nolc1	True	True	False	True	True	False	A
Q9Z2D6	P19785	Mecp2	Esr1	True	False	True	True	False	True	A
Q00175	D3Z2V2	Pgr	D3Z2V2	True	True	False	True	True	False	B
Q9WVH4	P25322	Foxo3	Ccnd1	True	False	True	True	False	True	A
Q60765	P35951	Atf3	Ldlr	True	False	True	True	False	True	A
Q60641	E9Q236	Nr1h4	Abcc4	True	False	True	True	False	True	A
A0A979HLR9	Q9QXB9	A0A979HLR9	Drg2	True	True	False	True	True	False	A
P49698	Q9JHG6	Hnf4a	Rcan1	True	True	False	True	True	False	B
P23204	P00184	Ppara	Cyp1a1	True	True	False	True	True	False	A
P48281	P43432	Vdr	Il12b	True	True	True	True	True	True	A
O88898	O35185	Tp63	Bhlhe40	True	False	False	False	False	False	B
P02340	Q9WTK7	Tp53	Stk11	True	True	False	True	True	False	B
P02340	Q02650	Tp53	Pax5	True	True	False	False	False	False	A
Q02650	P02340	Pax5	Tp53	True	True	True	True	True	False	A
P17433	A2APM2	Spi1	A2APM2	True	True	False	True	True	False	B
Q61164	Q64700	Ctcf	Rbl2	True	True	False	True	True	False	A
P97471	P41136	Smad4	Id2	True	True	False	True	True	False	B
Q61221	S4R1N5	Hif1a	S4R1N5	True	True	False	True	True	False	A
Q61221	A0A1D5RLD8	Hif1a	A0A1D5RLD8	True	True	False	True	True	False	A
Q61221	P16858	Hif1a	Gapdh	True	True	False	True	True	False	A
P02340	A0A0R4J0I9	Tp53	A0A0R4J0I9	True	True	False	True	True	False	B
P02340	P97429	Tp53	Anxa4	True	True	False	True	True	False	B
Q02085	P11276	Snai1	Fn1	True	True	False	True	True	False	A
P02340	B0QZV7	Tp53	B0QZV7	True	False	True	True	False	True	A
A4QPD3	Q99JB6	A4QPD3	Foxp3	True	True	False	True	True	False	C
P02340	Q8VDF2	Tp53	Uhrf1	True	False	True	True	False	True	A
P11416	P39689	Rara	Cdkn1a	True	True	False	True	True	False	A
P08046	G3X8P5	Egr1	G3X8P5	True	True	False	True	True	False	A
P97471	P37040	Smad4	Por	True	True	False	True	True	False	A
P02340	Q03146	Tp53	Ddr1	True	True	False	True	True	False	A
P17433	Q9QXD8	Spi1	Limd1	True	True	False	True	True	False	B
Q9ESZ8	Q923E4	Gtf2i	Sirt1	True	True	False	True	True	False	A
P27577	P97287	Ets1	Mcl1	True	True	False	True	True	False	A
Q00899	Q8BVF7	Yy1	Aph1a	True	True	False	True	True	False	A
P55200	B1AVP1	Kmt2a	B1AVP1	True	True	False	True	True	False	C
A0A979HLR9	P16951	A0A979HLR9	Atf2	True	True	False	True	True	False	A
P53566	P07750	Cebpa	Il4	True	True	False	True	True	False	A
Q61221	P19785	Hif1a	Esr1	True	True	False	True	True	False	B
Q60765	P20067	Atf3	Id1	True	False	True	True	False	True	A
P16951	P11276	Atf2	Fn1	True	True	False	True	True	False	A
Q61164	Q9Z1B3	Ctcf	Plcb1	True	True	False	True	True	False	B
P63015	Q9Z1B3	Pax6	Plcb1	True	True	False	True	True	False	C
P11416	Q9Z2V4	Rara	Pck1	True	True	False	True	True	False	A
P01108	Q8R4U6	Myc	Top1mt	True	True	False	True	True	False	C
Q60I23	Q9R1S7	Q60I23	Abcc6	True	True	False	True	True	False	A
Q9WVH4	O08918	Foxo3	Ccng2	True	True	False	True	True	False	A
Q9WVH3	P09671	Foxo4	Sod2	True	True	False	True	True	False	A
P26323	P81270	Fli1	Erg	True	True	False	True	True	False	A
P23772	P81270	Gata3	Erg	True	True	False	True	True	False	A
P27792	P81270	Lyl1	Erg	True	True	False	True	True	False	A
P19785	Q62440	Esr1	Tle1	True	True	False	True	True	False	B
P97471	Q61909	Smad4	Runx1t1	True	True	False	True	True	False	A
P53566	Q9EQ06	Cebpa	Hsd17b11	True	True	False	True	True	False	A
A0A087WSP5	Q9JHF9	A0A087WSP5	Ly96	True	True	False	True	True	False	A
Q04207	P39429	Rela	Traf2	True	True	True	True	True	False	A
Q60793	Q9WUA3	Klf4	Pfkp	True	True	False	True	True	False	A
Q00288	Q61501	Pax8	E2f1	True	True	False	True	True	False	A
O70494	Q9JLQ0	Sp3	Cd2ap	True	True	False	True	True	False	A
Q00175	P28649	Pgr	Cyp19a1	True	False	True	True	False	True	A
P25799	A0A0R4J0P4	Nfkb1	A0A0R4J0P4	True	True	False	True	True	False	A
Q04207	A0A0R4J0P4	Rela	A0A0R4J0P4	True	True	False	True	True	False	A
O09100	Q9R0H2	Gata2	Emcn	True	True	False	True	True	False	B
P09065	A0A1W2P8G5	En1	A0A1W2P8G5	True	False	True	True	False	True	A
P17679	O35864	Gata1	Cops5	True	True	False	True	True	False	A
Q61164	A0A286YDW9	Ctcf	A0A286YDW9	True	True	False	True	True	False	A
P19785	Q9WTK7	Esr1	Stk11	True	False	True	True	False	True	B
Q62296	P29268	Tead4	Ccn2	True	True	False	True	True	False	C
Q01147	Q9Z1Y9	Creb1	Dio2	True	True	False	True	True	False	A
Q9Z2E1	Q3UHD1	Mbd2	Adgrb1	True	True	False	True	True	False	B
A0A979HLR9	Q8K1K3	A0A979HLR9	Q8K1K3	True	True	False	True	True	False	A
P19785	P35546	Esr1	Ret	True	True	False	True	True	False	A
Q06507	Q8R3J5	Atf4	Chac1	True	True	False	True	True	False	A
O88898	F8VPY0	Tp63	F8VPY0	True	True	False	True	True	False	C
P31310	Q04744	Hoxa10	Emx2	True	True	True	True	False	True	A
P49698	Q9D566	Hnf4a	Q9D566	True	True	False	True	True	False	C
A0A087WSP5	P11416	A0A087WSP5	Rara	True	False	False	False	False	False	B
P70255	P51880	Nfic	Fabp7	True	True	False	True	True	False	A
Q61164	Q765H6	Ctcf	Mgat5b	True	True	False	True	True	False	C
Q01147	P56402	Creb1	Aqp2	True	True	False	True	True	False	A
Q8BUN5	A0A0R4IZW5	Smad3	A0A0R4IZW5	True	False	True	True	False	True	B
P02340	P13020	Tp53	Gsn	True	True	False	True	True	False	B
Q9Z103	Q61214	Adnp	Dyrk1a	True	False	False	False	False	False	C
P19785	Q61009	Esr1	Scarb1	True	True	False	True	True	False	B
P08046	Q9QXV9	Egr1	Spry1	True	True	False	True	True	False	A
P02340	D3YVY2	Tp53	D3YVY2	True	False	True	True	False	True	A
P58463	D3YVY2	Foxp2	D3YVY2	True	False	True	True	False	True	A
A0A087WR05	Q9JLJ0	A0A087WR05	Litaf	True	True	False	True	True	False	C
P27577	P30282	Ets1	Ccnd3	True	False	True	True	False	True	B
O35185	P11416	Bhlhe40	Rara	True	False	False	False	False	False	C
Q61501	Q07139	E2f1	Ect2	True	True	False	True	True	False	A
Q04207	P07141	Rela	Csf1	True	True	True	True	False	True	A
P19785	H3BJ24	Esr1	H3BJ24	True	True	False	True	True	False	A
P17679	A0A087WR05	Gata1	A0A087WR05	True	True	False	True	True	False	B
P25799	Q61164	Nfkb1	Ctcf	True	False	True	True	False	True	A
Q3U1N2	Q01237	Srebf2	Hmgcr	True	True	False	True	True	False	A
P09450	G3X9D9	Junb	G3X9D9	True	True	False	True	True	False	A
A0A087WSP5	P43431	A0A087WSP5	Il12a	True	True	False	True	True	False	A
P17433	P08103	Spi1	Hck	True	True	False	True	True	False	A
P02340	A0A0A6YWE3	Tp53	A0A0A6YWE3	True	True	False	True	True	False	A
E9QQ91	P25322	E9QQ91	Ccnd1	True	True	False	True	True	False	A
P51448	Q3UV55	Rora	Nr1d1	True	True	False	True	True	False	A
Q61164	P55271	Ctcf	Cdkn2b	True	False	True	True	False	True	A;D
Q04888	Q8R550	Sox10	Sh3kbp1	True	True	False	True	True	False	C
Q64318	Q8K0G8	Zeb1	Esrp2	True	False	True	True	False	True	C
P01108	P0C0S6	Myc	H2az1	True	True	False	True	True	False	A
P01108	Q3THW5	Myc	H2az2	True	True	False	True	True	False	A
P26687	P19785	Twist1	Esr1	True	False	True	True	False	True	A
Q04207	P43431	Rela	Il12a	True	True	False	True	True	False	A
P01101	Q3UN27	Fos	Q3UN27	True	True	False	True	True	False	A
A0A979HLR9	P25446	A0A979HLR9	Fas	True	True	False	True	True	False	A
P23798	P02830	Pcgf2	Hoxa7	True	True	True	True	True	False	A
A0A087WPA7	Q5STT8	A0A087WPA7	Q5STT8	True	True	False	True	True	False	C
P23772	Q61572	Gata3	Foxc1	True	False	True	True	False	True	A
P19785	P41778	Esr1	Pbx1	True	True	False	True	True	False	A
Q06507	P97287	Atf4	Mcl1	True	True	False	True	True	False	A
P63139	O89113	Nfyb	Ier5	True	True	False	True	True	False	C
Q61501	Q7TT79	E2f1	Mcph1	True	True	False	True	True	False	A
P49698	O88908	Hnf4a	Soat2	True	True	False	True	True	False	A
A0A979HLR9	Q924Z4	A0A979HLR9	Cers2	True	True	False	True	True	False	A
Q9R1Y5	Q03145	Hic1	Epha2	True	False	True	True	False	True	A
Q04207	P10855	Rela	Ccl3	True	True	False	True	True	False	A
P49698	Q61009	Hnf4a	Scarb1	True	True	False	True	True	False	B
A0A979HLR9	Q02853	A0A979HLR9	Mmp11	True	True	False	True	True	False	A
P17433	G5E8H3	Spi1	G5E8H3	True	False	False	False	False	False	B
Q06507	Q9JJN1	Atf4	Fgf21	True	True	False	True	True	False	A
Q08874	Q62052	Mitf	Oca2	True	True	False	True	True	False	A
P17095	P48964	Hmga1	Cdc25a	True	True	False	True	True	False	A
P53566	A0A0R4J0U3	Cebpa	A0A0R4J0U3	True	True	False	True	True	False	A
Q60I23	Q6VNS1	Q60I23	Ntrk3	True	True	False	True	True	False	A
Q9R1E0	P25322	Foxo1	Ccnd1	True	False	True	True	False	True	A
P49698	Q00623	Hnf4a	Apoa1	True	True	False	True	True	False	A
P01108	P40338	Myc	Vhl	True	True	False	True	True	False	A
P26687	P55271	Twist1	Cdkn2b	True	False	True	True	False	True	A
P19785	Q9D6X6	Esr1	Prss23	True	True	False	True	True	False	B
A0A087WSP5	P11928	A0A087WSP5	Oas1a	True	True	False	True	True	False	A
A0A087WSP5	Q8K469	A0A087WSP5	Q8K469	True	True	False	True	True	False	A
P08046	P35428	Egr1	Hes1	True	True	False	True	True	False	B
P43241	P28825	Cdx2	Mep1a	True	True	False	True	True	False	A
P05627	P12388	Jun	Serpinb2	True	True	False	True	True	False	C
Q60793	P11416	Klf4	Rara	True	False	True	True	False	True	A
O88898	Q8BH05	Tp63	Znf750	True	True	False	True	True	False	B
Q61501	P17095	E2f1	Hmga1	True	True	False	True	True	False	A
A0A979HLR9	Q9WTK7	A0A979HLR9	Stk11	True	True	False	True	True	False	A
Q61164	P26361	Ctcf	Cftr	True	True	False	True	True	False	A
P08046	Q61140	Egr1	Bcar1	True	True	False	True	True	False	A
P08046	Q64700	Egr1	Rbl2	True	True	False	True	True	False	A
P19785	Q61575	Esr1	Foxn1	True	False	False	False	False	False	B
P17433	P48025	Spi1	Syk	True	True	False	True	True	False	B
A0A087WSP5	D3Z7P3	A0A087WSP5	Gls	True	True	False	True	True	False	A
P43135	P86547	Nr2f2	Bglap2	True	False	True	True	False	True	A
P43135	P86546	Nr2f2	Bglap	True	False	True	True	False	True	A
P43135	P54615	Nr2f2	Bglap3	True	False	True	True	False	True	A
Q04207	P97287	Rela	Mcl1	True	True	True	True	True	False	A
P19785	P48755	Esr1	Fosl1	True	True	False	True	True	False	A
Q64287	G5E8H3	Irf4	G5E8H3	True	True	False	True	True	False	C
Q61501	A0A7N9VSW1	E2f1	A0A7N9VSW1	True	True	False	True	True	False	A
Q00175	Q01279	Pgr	Egfr	True	True	False	True	True	False	B
P01108	Q6PDM2	Myc	Srsf1	True	True	False	True	True	False	A
P01108	P41133	Myc	Id3	True	True	False	True	True	False	A
P08046	Q60829	Egr1	Ppp1r1b	True	True	False	True	True	False	C
P35582	O08918	Foxa1	Ccng2	True	True	False	True	True	False	A
P02340	P58043	Tp53	Sesn2	True	False	True	True	False	True	A
Q61164	F6ZIS7	Ctcf	F6ZIS7	True	True	False	True	True	False	A
Q61069	P97489	Usf1	Gata5	True	True	False	True	True	False	A
P53566	Q61586	Cebpa	Gpam	True	True	False	True	True	False	B
Q01147	P13346	Creb1	Fosb	True	True	False	True	True	False	C
P43241	P26361	Cdx2	Cftr	True	True	False	True	True	False	A
P97471	Q60665	Smad4	Skil	True	False	True	True	False	True	B
Q60793	P48281	Klf4	Vdr	True	False	True	True	False	True	A
A0A979HLR9	P06467	A0A979HLR9	Hbz	True	True	False	True	True	False	A
A0A087WR05	Q08775	A0A087WR05	Runx2	True	False	False	False	False	False	B
Q08775	A0A087WR05	Runx2	A0A087WR05	True	False	True	True	False	True	B
P26323	Q6P4T3	Fli1	Q6P4T3	True	True	False	True	True	False	A
Q3V157	P07091	Q3V157	S100a4	True	True	False	True	True	False	A
P27577	P41155	Ets1	Ltb	True	True	False	True	True	False	A
Q6P1H7	O70126	Q6P1H7	Aurkb	True	True	False	True	True	False	A
Q61501	G3X963	E2f1	G3X963	True	True	False	True	True	False	A
P08046	P09581	Egr1	Csf1r	True	True	False	True	True	False	C
P19785	Q921E2	Esr1	Rab31	True	True	False	True	True	False	B
O09100	O35608	Gata2	Angpt2	True	True	False	True	True	False	A
P38532	Q9QYJ3	Hsf1	Dnajb1	True	True	False	True	True	False	C
Q61501	Q62176	E2f1	Rbm38	True	True	False	True	True	False	A
Q61501	Q6P1H7	E2f1	Q6P1H7	True	True	False	True	True	False	A
P49698	Q8VC69	Hnf4a	Slc22a6	True	True	False	True	True	False	A
P54841	Q60636	Mafb	Prdm1	True	True	False	True	True	False	C
P27792	P22091	Lyl1	Tal1	True	True	False	True	True	False	C
Q06507	P70375	Atf4	F7	True	True	False	True	True	False	B
P48281	O78196	Vdr	O78196	True	True	False	True	True	False	C
Q9WVH4	Q9WTK7	Foxo3	Stk11	True	True	True	True	True	False	A
O09100	P14719	Gata2	Il1rl1	True	True	False	True	True	False	A;D
Q61312	P35546	Tfap2c	Ret	True	True	False	True	True	False	A
Q61501	Q9JLQ0	E2f1	Cd2ap	True	True	False	True	True	False	A
P22091	A0A087WPA7	Tal1	A0A087WPA7	True	True	False	True	True	False	A
P19785	O70433	Esr1	Fhl2	True	True	False	True	True	False	B
Q61501	P54227	E2f1	Stmn1	True	True	False	True	True	False	C
Q08639	P54227	Tfdp1	Stmn1	True	True	False	True	True	False	C
P01108	B2RUG9	Myc	B2RUG9	True	True	False	True	True	False	A
P27577	A0A286YDU2	Ets1	A0A286YDU2	True	True	False	True	True	False	A
Q06507	O08717	Atf4	Inhbe	True	True	False	True	True	False	C
Q04207	Q8R3N6	Rela	Thoc1	True	True	False	True	True	False	C
P05627	Q8BPQ2	Jun	Q8BPQ2	True	True	False	True	True	False	C
Q04207	O35185	Rela	Bhlhe40	True	True	False	True	True	False	B
Q06507	O70343	Atf4	Ppargc1a	True	False	True	True	False	True	B
Q9R1E0	Q60843	Foxo1	Klf2	True	True	False	True	True	False	A
P19785	G3UW90	Esr1	G3UW90	True	True	False	True	True	False	B
P02340	Q9CWL2	Tp53	Casz1	True	False	False	False	False	False	B
P17433	P26323	Spi1	Fli1	True	True	False	True	True	False	A
P63015	P63239	Pax6	Pcsk1	True	True	False	True	True	False	A
Q9Z2E1	Q6PDQ2	Mbd2	Chd4	True	False	True	True	False	True	C
P48281	P28649	Vdr	Cyp19a1	True	True	False	True	True	False	B
P48281	P48316	Vdr	Gadd45a	True	True	False	True	True	False	B
Q06507	P62816	Atf4	Hrk	True	True	False	True	True	False	A
P08046	P05480	Egr1	Src	True	True	False	True	True	False	B
P08046	A0A0R4J101	Egr1	A0A0R4J101	True	True	False	True	True	False	A
P43241	Q9D8G5	Cdx2	Reg4	True	True	False	True	True	False	A
P01101	P19096	Fos	Fasn	True	True	False	True	True	False	A
P01108	O08586	Myc	Pten	True	True	False	True	True	False	A
P43135	P20263	Nr2f2	Pou5f1	True	False	True	True	False	True	A
Q04207	P01590	Rela	Il2ra	True	True	False	True	True	False	A
P02340	A0A087WR05	Tp53	A0A087WR05	True	True	False	True	True	False	B
Q9JM73	P09055	Srf	Itgb1	True	True	False	True	True	False	C
P01101	P97946	Fos	Vegfd	True	True	False	True	True	False	A
P05627	P97946	Jun	Vegfd	True	True	False	True	True	False	A
A0A979HLR9	H7BX37	A0A979HLR9	H7BX37	True	True	False	True	True	False	A
Q64705	Q8R001	Usf2	Mapre2	True	True	False	True	True	False	C
Q61221	P97287	Hif1a	Mcl1	True	True	False	True	True	False	A
Q6P1H7	P48964	Q6P1H7	Cdc25a	True	True	False	True	True	False	A
P08046	G3UZI3	Egr1	G3UZI3	True	True	False	True	True	False	C
Q61221	Q60994	Hif1a	Adipoq	True	True	False	True	True	False	A
P18911	P16092	Rarg	Fgfr1	True	True	False	True	True	False	C
P02340	Q00993	Tp53	Axl	True	True	False	True	True	False	B
P01108	A0A0A6YX03	Myc	A0A0A6YX03	True	True	False	True	True	False	A
P08046	P01108	Egr1	Myc	True	False	False	False	False	False	A
P17433	Q9QXH4	Spi1	Itgax	True	True	True	True	True	False	A
P27577	G3UWI4	Ets1	G3UWI4	True	True	False	True	True	False	C
Q9JM73	P43300	Srf	Egr3	True	True	False	True	True	False	B
Q04207	O35718	Rela	Socs3	True	True	False	True	True	False	A
A0A087WSP5	P25118	A0A087WSP5	Tnfrsf1a	True	True	False	True	True	False	B
Q04207	Q01279	Rela	Egfr	True	True	False	True	True	False	A
P43241	O88566	Cdx2	Axin2	True	True	False	True	True	False	A
P53566	Q9WTN3	Cebpa	Srebf1	True	True	False	True	True	False	A
Q8BX22	Q8R420	Sall4	Abca3	True	True	False	True	True	False	A
P19091	Q3UPW2	Ar	Elf3	True	False	False	False	False	False	A
P48755	Q01279	Fosl1	Egfr	True	True	False	True	True	False	C
Q04887	Q9QUP5	Sox9	Hapln1	True	True	False	True	True	False	A
Q01147	Q91XQ6	Creb1	Laptm4b	True	True	False	True	True	False	C
Q08874	O70343	Mitf	Ppargc1a	True	True	False	True	True	False	A
P15066	Q06831	Jund	Sox4	True	True	False	True	True	False	A
P29037	Q45KJ6	Tbp	Lin28b	True	True	False	True	True	False	A
P19785	B1AQ77	Esr1	B1AQ77	True	True	False	True	True	False	A
Q61501	P06797	E2f1	Ctsl	True	True	False	True	True	False	A
P28700	Q9QY30	Rxra	Abcb11	True	True	False	True	True	False	A
Q60I23	P05532	Q60I23	Kit	True	True	False	True	True	False	C
P17433	P11247	Spi1	Mpo	True	True	False	True	True	False	A
Q9R1E0	P55271	Foxo1	Cdkn2b	True	True	False	True	True	False	A
Q9R1E0	P39689	Foxo1	Cdkn1a	True	True	False	True	True	False	A
Q8R0K9	Q6ZPU9	E2f4	Kifbp	True	False	True	True	False	True	C
P05627	Q922W6	Jun	Q922W6	True	True	False	True	True	False	A
P01101	Q922W6	Fos	Q922W6	True	True	False	True	True	False	A
P01108	Q06507	Myc	Atf4	True	True	False	True	True	False	A
Q61164	Q8K0C1	Ctcf	Ipo13	True	True	False	True	True	False	A
P49698	P01027	Hnf4a	C3	True	True	False	True	True	False	A
Q64705	Q9WVK0	Usf2	Agtrap	True	True	False	True	True	False	C
A0A087WPA7	E9QNX9	A0A087WPA7	E9QNX9	True	True	False	True	True	False	B
P23772	Q07802	Gata3	Ebf1	True	False	False	False	False	False	B
P49698	Q9D379	Hnf4a	Ephx1	True	True	False	True	True	False	A
Q8R0K9	Q8K4G1	E2f4	Ltbp4	True	True	False	True	True	False	B
Q8BUN5	Q8K4G1	Smad3	Ltbp4	True	True	False	True	True	False	C
A0A979HLR9	Q8K4G1	A0A979HLR9	Ltbp4	True	True	False	True	True	False	B
P19785	B2RX12	Esr1	Abcc3	True	True	False	True	True	False	B
A0A979HLR9	O35379	A0A979HLR9	Abcc1	True	False	True	True	False	True	A
Q00899	P0CG50	Yy1	Ubc	True	True	False	True	True	False	C
P41183	Q9JLJ0	Bcl6	Litaf	True	False	True	True	False	True	A
P02340	P10126	Tp53	Eef1a1	True	True	False	True	True	False	A
Q61501	Q61220	E2f1	Nell2	True	True	False	True	True	False	A
P70321	P19785	Hoxb13	Esr1	True	True	False	True	True	False	C
P19091	P47878	Ar	Igfbp3	True	True	False	True	True	False	A
Q04887	P51942	Sox9	Matn1	True	True	False	True	True	False	A
Q60793	P25322	Klf4	Ccnd1	True	True	True	True	False	True	A
P23772	Q8BGD4	Gata3	Slco4c1	True	True	False	True	True	False	A
O08537	Q8CBD1	Esr2	Nrip1	True	True	False	True	True	False	C
A0A087WSP5	P10749	A0A087WSP5	Il1b	True	True	False	True	True	False	A
P08046	E9Q6P9	Egr1	E9Q6P9	True	True	False	True	True	False	A
P27577	Q80YQ1	Ets1	Q80YQ1	True	False	True	True	False	True	A
Q64318	Q8K5C0	Zeb1	Grhl2	True	False	True	True	False	True	A
A0A979HLR9	Q99PL8	A0A979HLR9	Slc19a3	True	True	False	True	True	False	A
P55200	P09631	Kmt2a	Hoxa9	True	True	False	True	True	False	A
A0A979HLR9	P05532	A0A979HLR9	Kit	True	True	False	True	True	False	A
P02340	Q61070	Tp53	Ei24	True	True	False	True	True	False	A
P27577	P04351	Ets1	Il2	True	True	True	True	True	False	A
Q61312	Q61508	Tfap2c	Ecm1	True	True	False	True	True	False	A
P17433	Q8VDF3	Spi1	Dapk2	True	True	False	True	True	False	A
P56931	P49718	E2f2	Mcm5	True	True	False	True	True	False	A
P25799	Q9Z2U4	Nfkb1	Elf4	True	False	False	False	False	False	C
P02340	A0A0R4J0U3	Tp53	A0A0R4J0U3	True	True	False	True	True	False	B
P02340	G3X8P5	Tp53	G3X8P5	True	True	False	True	True	False	C
Q8R0K9	Q64702	E2f4	Plk4	True	False	True	True	False	True	A
Q61501	Q07832	E2f1	Plk1	True	True	False	True	True	False	A
A0A087WSP5	Q5NCY0	A0A087WSP5	Kdm6b	True	True	False	True	True	False	B
Q61221	Q91W59	Hif1a	Rbms1	True	True	False	True	True	False	C
Q01147	Q60670	Creb1	Sik1	True	True	False	True	True	False	C
P19785	P19091	Esr1	Ar	True	True	False	True	True	False	A
P23772	A0A0R4J097	Gata3	A0A0R4J097	True	True	False	True	True	False	A
P49698	P14246	Hnf4a	Slc2a2	True	True	False	True	True	False	A
P02340	Q9Z2F6	Tp53	Bcl3	True	False	True	True	False	True	A
P27889	Q04646	Hnf1b	Fxyd2	True	True	False	True	True	False	C
A0A979HLR9	Q6PIC6	A0A979HLR9	Atp1a3	True	True	False	True	True	False	A
Q00322	Q8CEC4	Cebpd	Q8CEC4	True	True	False	True	True	False	C
A0A087WSP5	P23204	A0A087WSP5	Ppara	True	True	False	True	True	False	A
P70671	P17515	Irf3	Cxcl10	True	True	False	True	True	False	A
P25799	P30285	Nfkb1	Cdk4	True	True	False	True	True	False	A
P19785	Q9JI83	Esr1	Plac1	True	True	False	True	True	False	A
Q04863	Q60803	Relb	Traf3	True	True	False	True	True	False	B
Q61164	A0A087WR05	Ctcf	A0A087WR05	True	False	True	True	False	True	B
Q61221	Q07813	Hif1a	Bax	True	True	False	True	True	False	A
P03966	P50540	Mycn	Mxi1	True	False	True	True	False	True	A
Q06507	Q8BGT5	Atf4	Gpt2	True	True	False	True	True	False	C
O09100	P19091	Gata2	Ar	True	True	False	True	True	False	A
Q61501	Q8VDF2	E2f1	Uhrf1	True	True	False	True	True	False	A
P19091	Q04207	Ar	Rela	True	False	True	False	False	False	A
Q04207	P19091	Rela	Ar	True	False	True	True	False	True	A
Q04207	A0A087WSP5	Rela	A0A087WSP5	True	True	False	True	True	False	B
Q60I23	Q8BMT9	Q60I23	Hhat	True	True	False	True	True	False	A
P48377	Q8K209	Rfx1	Adgrg1	True	True	False	True	True	False	C
Q61164	F6Y2T6	Ctcf	F6Y2T6	True	True	False	True	True	False	A
Q9WTK5	Q60765	Nfkb2	Atf3	True	False	False	False	False	False	C
Q6P1H7	A0A0R4J145	Q6P1H7	A0A0R4J145	True	True	False	True	True	False	A
P02340	O54714	Tp53	Pias3	True	False	True	True	False	True	A
P19785	Q8BMF3	Esr1	Me3	True	True	False	True	True	False	B
Q04887	Q9Z2B3	Sox9	Rgr	True	True	False	True	True	False	A
P01108	Q91VB8	Myc	Q91VB8	True	True	False	True	True	False	A
P05627	P62746	Jun	Rhob	True	True	False	True	True	False	A
O09100	P20489	Gata2	Fcer1a	True	True	False	True	True	False	A
O09100	P20490	Gata2	Ms4a2	True	True	False	True	True	False	A
P17433	P20489	Spi1	Fcer1a	True	True	False	True	True	False	A
Q61164	P21570	Ctcf	Ang	True	True	False	True	True	False	A
E9QKT0	Q62388	E9QKT0	Atm	True	True	False	True	True	False	C
P02340	E9PZ30	Tp53	E9PZ30	True	True	False	True	True	False	C;D
P02340	Q8R084	Tp53	Q8R084	True	True	False	True	True	False	C;D
Q9Z103	Q8C0V0	Adnp	Tlk1	True	False	False	False	False	False	C
P63015	P41778	Pax6	Pbx1	True	False	False	False	False	False	C
A0A087WSP5	P16054	A0A087WSP5	Prkce	True	False	True	True	False	True	A
A4QPD3	P01587	A4QPD3	Csf2	True	True	False	True	True	False	A
P01108	P18572	Myc	Bsg	True	True	False	True	True	False	A
Q61164	A0A0A6YW76	Ctcf	A0A0A6YW76	True	False	True	True	False	True	A
P05627	P22005	Jun	Penk	True	True	False	True	True	False	A
P01101	P22005	Fos	Penk	True	True	False	True	True	False	A
P01101	Q9Z183	Fos	Padi4	True	True	False	True	True	False	C
Q9WTK5	P01590	Nfkb2	Il2ra	True	True	False	True	True	False	B
P05627	Q9D3P9	Jun	Nts	True	True	False	True	True	False	A
P02340	P07310	Tp53	Ckm	True	True	False	True	True	False	A
Q01147	A0A0R4J0A4	Creb1	A0A0R4J0A4	True	True	False	True	True	False	A
Q00322	P26361	Cebpd	Cftr	True	True	False	True	True	False	A
A0A087WPA7	Q64314	A0A087WPA7	Cd34	True	True	False	True	True	False	A
A0A087WSP5	P01101	A0A087WSP5	Fos	True	True	False	True	True	False	A
A0A087WSP5	A0A0R4IZW4	A0A087WSP5	A0A0R4IZW4	True	True	False	True	True	False	C
P25799	Q3U5F6	Nfkb1	Q3U5F6	True	True	False	True	True	False	A
Q00286	E0CXS6	Pou1f1	E0CXS6	True	True	False	True	True	False	A
Q61501	P97931	E2f1	Ung	True	True	False	True	True	False	C
A0A979HLR9	P05784	A0A979HLR9	Krt18	True	True	False	True	True	False	A
Q9WTK5	Q01102	Nfkb2	Selp	True	True	False	True	True	False	A
P08046	A0A087WPA7	Egr1	A0A087WPA7	True	False	True	True	False	True	A
P17433	P01587	Spi1	Csf2	True	True	False	True	True	False	A
Q08369	P04401	Gata4	Il5	True	True	False	True	True	False	A
A0A0R4J0I0	P15037	A0A0R4J0I0	Ets2	True	False	True	True	False	True	A
P08046	F6Y2T6	Egr1	F6Y2T6	True	False	False	False	False	False	A
A0A979HLR9	O35973	A0A979HLR9	Per1	True	True	False	True	True	False	C
P01101	A0A0R4IZW5	Fos	A0A0R4IZW5	True	True	False	True	True	False	A
P11416	P13597	Rara	Icam1	True	True	False	True	True	False	A
A0A087WPA7	P70424	A0A087WPA7	Erbb2	True	True	False	True	True	False	A
Q08639	P17918	Tfdp1	Pcna	True	True	False	True	True	False	A
P35582	Q06318	Foxa1	Scgb1a1	True	True	False	True	True	False	A
P70255	Q01149	Nfic	Col1a2	True	True	False	True	True	False	B
F6Y2T6	P05017	F6Y2T6	Igf1	True	False	True	True	False	True	A
P08046	P21836	Egr1	Ache	True	True	False	True	True	False	A
P35582	P07309	Foxa1	Ttr	True	True	False	True	True	False	A
P28033	O08859	Cebpb	Tnfaip6	True	True	False	True	True	False	A
Q9Z103	A2A791	Adnp	Zmym4	True	False	False	False	False	False	C
P17679	F6Y2T6	Gata1	F6Y2T6	True	True	False	True	True	False	A
Q32NY6	P07321	Q32NY6	Epo	True	False	True	True	False	True	A
Q04207	A0A0R4J088	Rela	A0A0R4J088	True	True	False	True	True	False	A
P01101	O08859	Fos	Tnfaip6	True	True	False	True	True	False	A
P25799	Q80SU4	Nfkb1	Ifna13	True	True	False	True	True	False	C
P25799	B1AYH7	Nfkb1	B1AYH7	True	True	False	True	True	False	C
P25799	P09235	Nfkb1	Ifna9	True	True	False	True	True	False	C
P25799	Q810G2	Nfkb1	Q810G2	True	True	False	True	True	False	C
P25799	P01572	Nfkb1	Ifna1	True	True	False	True	True	False	C
P25799	Q61718	Nfkb1	Q61718	True	True	False	True	True	False	C
P25799	L7MTU6	Nfkb1	L7MTU6	True	True	False	True	True	False	C
P25799	Q810G3	Nfkb1	Q810G3	True	True	False	True	True	False	C
P25799	Q61716	Nfkb1	Ifna11	True	True	False	True	True	False	C
P25799	Q80SS5	Nfkb1	Ifna12	True	True	False	True	True	False	C
P25799	Q810G5	Nfkb1	Q810G5	True	True	False	True	True	False	C
P25799	P07351	Nfkb1	Ifna4	True	True	False	True	True	False	C
P25799	Q1WWN2	Nfkb1	Q1WWN2	True	True	False	True	True	False	C
P25799	Q810G6	Nfkb1	Q810G6	True	True	False	True	True	False	C
A4QPD3	P01580	A4QPD3	Ifng	True	True	False	True	True	False	A
Q04207	Q80SU4	Rela	Ifna13	True	True	False	True	True	False	A
Q04207	B1AYH7	Rela	B1AYH7	True	True	False	True	True	False	A
Q04207	P09235	Rela	Ifna9	True	True	False	True	True	False	A
Q04207	Q810G2	Rela	Q810G2	True	True	False	True	True	False	A
Q04207	P01572	Rela	Ifna1	True	True	False	True	True	False	A
Q04207	Q61718	Rela	Q61718	True	True	False	True	True	False	A
Q04207	L7MTU6	Rela	L7MTU6	True	True	False	True	True	False	A
Q04207	Q810G3	Rela	Q810G3	True	True	False	True	True	False	A
Q04207	Q61716	Rela	Ifna11	True	True	False	True	True	False	A
Q04207	Q80SS5	Rela	Ifna12	True	True	False	True	True	False	A
Q04207	Q810G5	Rela	Q810G5	True	True	False	True	True	False	A
Q04207	P07351	Rela	Ifna4	True	True	False	True	True	False	A
Q04207	Q1WWN2	Rela	Q1WWN2	True	True	False	True	True	False	A
Q04207	Q810G6	Rela	Q810G6	True	True	False	True	True	False	A
A0A087WPA7	P06240	A0A087WPA7	Lck	True	True	False	True	True	False	A
A0A979HLR9	P06151	A0A979HLR9	Ldha	True	True	False	True	True	False	A
P11416	P49698	Rara	Hnf4a	True	True	False	True	True	False	A
P49698	P11416	Hnf4a	Rara	True	True	False	False	False	False	B
P05627	P57774	Jun	Npy	True	True	False	True	True	False	A
A0A979HLR9	P15702	A0A979HLR9	Spn	True	True	False	True	True	False	A
P01101	Q64669	Fos	Nqo1	True	True	False	True	True	False	A
Q00288	E9QB01	Pax8	E9QB01	True	True	False	True	True	False	A
P16951	P27090	Atf2	Tgfb2	True	True	True	True	True	False	A
Q3U5D9	P00186	Q3U5D9	Cyp1a2	True	True	False	True	True	False	A
A0A979HLR9	P57774	A0A979HLR9	Npy	True	True	False	True	True	False	A
P25799	P01587	Nfkb1	Csf2	True	True	False	True	True	False	A
P43135	P35454	Nr2f2	Oxt	True	False	True	True	False	True	A
P28574	P25322	Max	Ccnd1	True	False	True	True	False	True	B
Q61069	P25322	Usf1	Ccnd1	True	True	False	True	True	False	B
P05627	P05017	Jun	Igf1	True	True	False	True	True	False	A
Q00322	Q921I1	Cebpd	Tf	True	True	False	True	True	False	B
A2A5C3	P27577	A2A5C3	Ets1	True	True	False	True	True	False	A
P27577	A2A5C3	Ets1	A2A5C3	True	False	False	False	False	False	A
A0A979HLR9	P11440	A0A979HLR9	Cdk1	True	True	False	True	True	False	A
P53566	P15208	Cebpa	Insr	True	True	False	True	True	False	A
P28033	P11725	Cebpb	Otc	True	True	False	True	True	False	C
P53566	E9Q414	Cebpa	Apob	True	True	False	True	True	False	A
P02340	P40142	Tp53	Tkt	True	True	False	True	True	False	C
P08046	P12813	Egr1	Nr4a1	True	True	False	True	True	False	B
Q00288	F6Y2T6	Pax8	F6Y2T6	True	True	False	True	True	False	A
P35582	E9Q414	Foxa1	Apob	True	True	False	True	True	False	A
Q00288	P02340	Pax8	Tp53	True	False	True	True	False	True	A
P28033	Q04750	Cebpb	Top1	True	True	False	True	True	False	A
P25799	P10889	Nfkb1	Cxcl2	True	True	False	True	True	False	A
P25799	P12850	Nfkb1	Cxcl1	True	True	False	True	True	False	A
A0A979HLR9	P09240	A0A979HLR9	Cck	True	True	False	True	True	False	A
Q04207	Q3UTR7	Rela	Q3UTR7	True	True	False	True	True	False	A
P25799	Q3UTR7	Nfkb1	Q3UTR7	True	True	False	True	True	False	A
P02340	P11679	Tp53	Krt8	True	True	False	True	True	False	A
P05627	Q9QXH4	Jun	Itgax	True	True	False	True	True	False	A
P17433	P07141	Spi1	Csf1	True	True	False	True	True	False	A
F6Y2T6	Q64299	F6Y2T6	Ccn3	True	True	False	True	True	False	A
P15314	Q03963	Irf1	Eif2ak2	True	True	False	True	True	False	A
P01101	Q9QXH4	Fos	Itgax	True	True	False	True	True	False	C
P17433	P16879	Spi1	Fes	True	True	False	True	True	False	A
Q00899	Q61191	Yy1	Hcfc1	True	True	False	True	True	False	A
A0A979HLR9	P11247	A0A979HLR9	Mpo	True	True	False	True	True	False	A
P53566	O88587	Cebpa	Comt	True	True	False	True	True	False	A
P17679	P07321	Gata1	Epo	True	True	True	True	True	False	A
P42232	P26151	Stat5b	Fcgr1	True	True	False	True	True	False	A
Q3U5D9	Q811M1	Q3U5D9	Arhgap15	True	False	False	False	False	False	C
P08046	P63044	Egr1	Vamp2	True	True	False	True	True	False	A
A0A979HLR9	P63044	A0A979HLR9	Vamp2	True	True	False	True	True	False	A
P01101	P35456	Fos	Plaur	True	True	False	True	True	False	A
Q9WTN3	Q920E5	Srebf1	Fdps	True	True	False	True	True	False	A
Q8R0K9	P48972	E2f4	Mybl2	True	False	True	True	False	True	A
Q08639	P48972	Tfdp1	Mybl2	True	True	False	True	True	False	A
P01101	Q9R0R1	Fos	Meltf	True	True	False	True	True	False	A
Q3U5D9	Q8BM75	Q3U5D9	Arid5b	True	False	False	False	False	False	C
P01101	P30285	Fos	Cdk4	True	True	False	True	True	False	A
Q3U5D9	Q9QWY8	Q3U5D9	Asap1	True	False	False	False	False	False	B
P19785	Q9CZJ0	Esr1	Mpped2	True	True	False	True	True	False	B
P27577	P09838	Ets1	Dntt	True	True	False	True	True	False	A
A2A5C3	P20152	A2A5C3	Vim	True	True	False	True	True	False	A
P81270	P20152	Erg	Vim	True	True	False	True	True	False	A
P08046	P01580	Egr1	Ifng	True	True	False	True	True	False	A
P27577	D3YVY2	Ets1	D3YVY2	True	True	False	True	True	False	A
P01101	Q04690	Fos	Nf1	True	True	False	True	True	False	C
P19091	P07361	Ar	Orm2	True	True	False	True	True	False	A
P19091	Q60590	Ar	Orm1	True	True	False	True	True	False	A
P19091	J3JRU4	Ar	J3JRU4	True	True	False	True	True	False	A
P81270	Q922W6	Erg	Q922W6	True	False	True	True	False	True	A
P15037	Q922W6	Ets2	Q922W6	True	True	False	True	True	False	A
P48755	Q64669	Fosl1	Nqo1	True	False	True	True	False	True	A
Q6P1H7	Q64505	Q6P1H7	Cyp7a1	True	True	False	True	True	False	A
P53566	P08228	Cebpa	Sod1	True	True	False	True	True	False	A
O70494	P01108	Sp3	Myc	True	True	False	False	False	False	A
P02340	Q08048	Tp53	Hgf	True	True	False	True	True	False	A
A0A087WSP5	P15261	A0A087WSP5	Ifngr1	True	True	False	True	True	False	B
P41778	P27786	Pbx1	Cyp17a1	True	True	False	True	True	False	A
O09100	Q08481	Gata2	Pecam1	True	True	False	True	True	False	A
P01108	E9Q1A8	Myc	E9Q1A8	True	True	False	True	True	False	A
P08046	P25799	Egr1	Nfkb1	True	True	False	True	True	False	A
P25799	Q9WTK5	Nfkb1	Nfkb2	True	True	False	True	True	False	B
Q9WTK5	P25799	Nfkb2	Nfkb1	True	False	False	False	False	False	C
P02340	E0CXC4	Tp53	E0CXC4	True	True	False	True	True	False	A
P05627	Q3U5F6	Jun	Q3U5F6	True	True	False	True	True	False	A
P05627	Q80YX1	Jun	Tnc	True	True	False	True	True	False	A
Q04207	Q80YX1	Rela	Tnc	True	True	False	True	True	False	A
A0A979HLR9	P04351	A0A979HLR9	Il2	True	True	False	True	True	False	A
P23204	A0A0R4J1N3	Ppara	A0A0R4J1N3	True	False	True	True	False	True	A
P05627	P13597	Jun	Icam1	True	True	False	True	True	False	A
P37242	P37040	Thrb	Por	True	True	False	True	True	False	A
P08046	P25918	Egr1	Cd19	True	True	False	True	True	False	A
Q3UPW2	P11679	Elf3	Krt8	True	True	False	True	True	False	C
Q61221	Q921I1	Hif1a	Tf	True	True	False	True	True	False	A
Q60929	E9QKT0	Mef2a	E9QKT0	True	True	False	True	True	False	B
P02340	P07607	Tp53	Tyms	True	False	True	True	False	True	A
P01108	Q80VJ3	Myc	Dnph1	True	True	False	True	True	False	A
P17433	A0A087WPA7	Spi1	A0A087WPA7	True	False	True	True	False	True	A
P17433	Q9QUM0	Spi1	Itga2b	True	True	False	True	True	False	A
O70494	Q8R493	Sp3	Chrnb4	True	True	False	True	True	False	A
O70494	P47876	Sp3	Igfbp1	True	True	False	True	True	False	A
P42230	P15314	Stat5a	Irf1	True	False	True	True	False	True	A
Q01147	Q64237	Creb1	Dbh	True	True	False	True	True	False	A
P02340	A0A3Q4EG96	Tp53	A0A3Q4EG96	True	True	False	True	True	False	B
P53566	Q9QXH4	Cebpa	Itgax	True	True	False	True	True	False	A
Q04207	Q6PAJ1	Rela	Bcr	True	True	False	True	True	False	C
A0A979HLR9	P51180	A0A979HLR9	Mip	True	True	False	True	True	False	A
Q9JM73	E9QA15	Srf	E9QA15	True	True	False	True	True	False	B
P15037	P20782	Ets2	Chrne	True	True	False	True	True	False	A
P28033	P97297	Cebpb	Adm	True	True	False	True	True	False	A
P15314	P48346	Irf1	Il15	True	True	False	True	True	False	A
P17433	P97425	Spi1	Ear2	True	True	False	True	True	False	A
P17433	Q8K196	Spi1	Q8K196	True	True	False	True	True	False	A
P17433	P97426	Spi1	Ear1	True	True	False	True	True	False	A
P17433	Q923L7	Spi1	Q923L7	True	True	False	True	True	False	A
P17433	Q923L6	Spi1	Q923L6	True	True	False	True	True	False	A
P17433	O35292	Spi1	Rnase2b	True	True	False	True	True	False	A
O70494	P30558	Sp3	F2r	True	True	False	True	True	False	A
P01101	H3BKZ6	Fos	H3BKZ6	True	True	False	True	True	False	C
Q61069	P28352	Usf1	Apex1	True	True	False	True	True	False	A
Q9WTK5	P08505	Nfkb2	Il6	True	True	False	True	True	False	B
P48281	P31310	Vdr	Hoxa10	True	True	False	True	True	False	A
Q61221	Q02013	Hif1a	Aqp1	True	True	False	True	True	False	A
P09026	D3Z4G2	Hoxb3	D3Z4G2	True	True	False	True	True	False	C
P17433	P13597	Spi1	Icam1	True	True	False	True	True	False	A
Q8BW74	Q60925	Hlf	Dbp	True	True	False	True	True	False	A
P25799	F6Y2T6	Nfkb1	F6Y2T6	True	True	False	True	True	False	A
Q04207	F6Y2T6	Rela	F6Y2T6	True	True	False	True	True	False	A
P15037	P13597	Ets2	Icam1	True	True	False	True	True	False	A
P31313	F8VPT3	Hoxc11	F8VPT3	True	True	False	True	True	False	A
Q8R0K9	P25322	E2f4	Ccnd1	True	True	False	True	True	False	A
P37242	P01216	Thrb	Cga	True	False	True	True	False	True	A
Q61069	Q64213	Usf1	Sf1	True	True	False	True	True	False	A
A0A979HLR9	P16301	A0A979HLR9	Lcat	True	True	False	True	True	False	A
O70494	P16301	Sp3	Lcat	True	True	False	True	True	False	A
A0A979HLR9	O88968	A0A979HLR9	Tcn2	True	True	False	True	True	False	A
O70494	O88968	Sp3	Tcn2	True	True	False	True	True	False	A
E9PVV1	Q9JLJ0	E9PVV1	Litaf	True	True	False	True	True	False	C
P08046	P10417	Egr1	Bcl2	True	False	True	True	False	True	A
Q61069	Q61510	Usf1	Trim25	True	True	False	True	True	False	A
A0A979HLR9	P70375	A0A979HLR9	F7	True	True	False	True	True	False	A
P53566	P31725	Cebpa	S100a9	True	True	False	True	True	False	A
A0A087WSP5	Q6GQT1	A0A087WSP5	A2m	True	True	False	True	True	False	A
A0A087WSP5	P28776	A0A087WSP5	Ido1	True	True	False	True	True	False	A
Q01147	P21183	Creb1	Il5ra	True	True	False	True	True	False	A
P05627	P21183	Jun	Il5ra	True	True	False	True	True	False	A
P97481	P06151	Epas1	Ldha	True	True	False	True	True	False	B
Q61221	P05064	Hif1a	Aldoa	True	True	False	True	True	False	A
Q9WTN3	P53798	Srebf1	Fdft1	True	True	False	True	True	False	A
Q00899	Q61164	Yy1	Ctcf	True	True	False	True	True	False	A
P16951	A0A0R4J1N3	Atf2	A0A0R4J1N3	True	True	False	True	True	False	A
Q01147	P06332	Creb1	Cd4	True	True	False	True	True	False	A
P02340	O09053	Tp53	Wrn	True	False	True	True	False	True	A
P27577	P06804	Ets1	Tnf	True	True	False	True	True	False	A
A0A979HLR9	A0A0R4J018	A0A979HLR9	A0A0R4J018	True	True	False	True	True	False	A
P27577	P97449	Ets1	Anpep	True	True	False	True	True	False	A
A0A087WPA7	P97449	A0A087WPA7	Anpep	True	True	False	True	True	False	A
P49698	P02772	Hnf4a	Afp	True	True	False	True	True	False	A
P01108	Q8VE37	Myc	Rcc1	True	True	False	True	True	False	A
P08046	P06880	Egr1	Gh1	True	True	False	True	True	False	C
P19785	A0A087WPA7	Esr1	A0A087WPA7	True	True	False	True	True	False	A
P23772	Q62148	Gata3	Aldh1a2	True	True	False	True	True	False	B
P22091	Q62148	Tal1	Aldh1a2	True	True	False	True	True	False	A
B5B2N2	P43300	B5B2N2	Egr3	True	True	False	True	True	False	A
Q60591	P43300	Nfatc2	Egr3	True	True	False	True	True	False	A
P09084	P26618	Pax1	Pdgfra	True	True	False	True	True	False	A
P49698	Q08369	Hnf4a	Gata4	True	False	False	False	False	False	B
Q04207	P51682	Rela	Ccr5	True	True	False	True	True	False	A
Q8R0K9	P48964	E2f4	Cdc25a	True	True	False	True	True	False	A
P27577	Q61345	Ets1	Foxd1	True	True	False	True	True	False	A
P17433	Q810W6	Spi1	Cxcr1	True	True	False	True	True	False	A
P17433	P35343	Spi1	Cxcr2	True	True	False	True	True	False	A
P08046	P08228	Egr1	Sod1	True	True	False	True	True	False	A
Q61069	P09813	Usf1	Apoa2	True	True	False	True	True	False	A
Q64705	P09813	Usf2	Apoa2	True	True	False	True	True	False	A
P02340	P58006	Tp53	Sesn1	True	True	False	True	True	False	A
P17433	Q9WTW4	Spi1	Tfec	True	True	False	True	True	False	A
Q3U5D9	P01101	Q3U5D9	Fos	True	True	False	True	True	False	A
P19091	E9PVG4	Ar	E9PVG4	True	True	False	True	True	False	A
P19091	P28867	Ar	Prkcd	True	True	False	True	True	False	A
P19091	Q64442	Ar	Sord	True	True	False	True	True	False	A
P53762	K9J7B2	Arnt	K9J7B2	True	True	False	True	True	False	A
P53762	Q64435	Arnt	Ugt1a6	True	True	False	True	True	False	A
Q02067	F6XJP7	Ascl1	F6XJP7	True	False	True	True	False	True	A
P81269	P10417	Atf1	Bcl2	True	True	False	True	True	False	A
P81269	Q64676	Atf1	Ugt8	True	True	False	True	True	False	A
P53566	P30355	Cebpa	Alox5ap	True	True	False	True	True	False	A
P53566	P16294	Cebpa	F9	True	True	False	True	True	False	A
P53566	S4R1N5	Cebpa	S4R1N5	True	True	False	True	True	False	A
P53566	A0A1D5RLD8	Cebpa	A0A1D5RLD8	True	True	False	True	True	False	A
P53566	P16858	Cebpa	Gapdh	True	True	False	True	True	False	A
P53566	P09535	Cebpa	Igf2	True	True	False	True	True	False	A
P53566	P51557	Cebpa	Star	True	True	False	True	True	False	A
P53566	Q8R3N6	Cebpa	Thoc1	True	True	False	True	True	False	A
P53566	Q8R5A0	Cebpa	Smyd2	True	True	False	True	True	False	A
P28033	P41047	Cebpb	Faslg	True	True	False	True	True	False	A
P28033	Q64373	Cebpb	Bcl2l1	True	True	False	True	True	False	A
P28033	P56213	Cebpb	Gfer	True	False	True	True	False	True	A
P28033	P31725	Cebpb	S100a9	True	True	False	True	True	False	A
Q00322	P30355	Cebpd	Alox5ap	True	True	False	True	True	False	A
Q00322	S4R1N5	Cebpd	S4R1N5	True	True	False	True	True	False	A
Q00322	A0A1D5RLD8	Cebpd	A0A1D5RLD8	True	True	False	True	True	False	A
Q00322	P16858	Cebpd	Gapdh	True	True	False	True	True	False	A
Q01147	P63239	Creb1	Pcsk1	True	True	False	True	True	False	A
Q01147	Q64676	Creb1	Ugt8	True	True	False	True	True	False	A
Q01147	Q9WTZ0	Creb1	Uxt	True	True	False	True	True	False	A
Q61501	P21275	E2f1	Bmp4	True	True	False	True	True	False	A
Q61501	P70211	E2f1	Dcc	True	True	False	True	True	False	A
Q61501	O08575	E2f1	Eya2	True	True	False	True	True	False	A
Q61501	Q60954	E2f1	Meis1	True	True	False	True	True	False	A
Q61501	O35099	E2f1	Map3k5	True	True	False	True	True	False	A
Q61501	S4R1M2	E2f1	S4R1M2	True	True	False	True	True	False	A
Q61501	P62806	E2f1	H4c1; H4c2; H4c3; H4c4; H4c6; H4c8; H4c9; H4c11; H4c12; Hist1h4m; H4c14; H4c16	True	True	False	True	True	False	A
Q61501	Q91ZW3	E2f1	Smarca5	True	True	False	True	True	False	A
Q61501	Q61686	E2f1	Cbx5	True	True	False	True	True	False	A
Q61501	Q9CWM2	E2f1	Cdca4	True	True	False	True	True	False	A
P56931	O35099	E2f2	Map3k5	True	True	False	True	True	False	A
A0A1Y7VML1	O35099	A0A1Y7VML1	Map3k5	True	True	False	True	True	False	A
Q8R0K9	A0A0R4J145	E2f4	A0A0R4J145	True	True	False	True	True	False	A
Q8R0K9	P48967	E2f4	Cdc25c	True	True	False	True	True	False	A
Q8R0K9	O35084	E2f4	Cyp27b1	True	True	False	True	True	False	A
Q8R0K9	A0A286YCB9	E2f4	A0A286YCB9	True	True	False	True	True	False	A
Q8R0K9	P97481	E2f4	Epas1	True	True	False	True	True	False	A
Q8R0K9	O35099	E2f4	Map3k5	True	True	False	True	True	False	A
Q8R0K9	C0HKD8	E2f4	Mfap1a	True	True	False	True	True	False	A
Q8R0K9	Q922D8	E2f4	Mthfd1	True	True	False	True	True	False	A
Q8R0K9	B1AU75	E2f4	B1AU75	True	True	False	True	True	False	A
Q8R0K9	P17918	E2f4	Pcna	True	True	False	True	True	False	A
Q8R0K9	Q8BX09	E2f4	Rbbp5	True	True	False	True	True	False	A
Q8R0K9	Q9Z129	E2f4	Recql	True	True	False	True	True	False	A
Q8R0K9	Q9CQ71	E2f4	Rpa3	True	True	False	True	True	False	A
Q8R0K9	P07742	E2f4	Rrm1	True	True	False	True	True	False	A
Q8R0K9	P35761	E2f4	Ttk	True	False	True	True	False	True	A
Q8R0K9	P07607	E2f4	Tyms	True	True	False	True	True	False	A
Q8R0K9	Q8BFU2	E2f4	H2ac25	True	True	False	True	True	False	C
Q8R0K9	Q8CGP6	E2f4	H2ac12	True	True	False	True	True	False	C
Q8R0K9	Q8CGP5	E2f4	Hist1h2af	True	True	False	True	True	False	C
Q8R0K9	Q64523	E2f4	H2ac20	True	True	False	True	True	False	C
Q8R0K9	C0HKE1	E2f4	H2ac4	True	True	False	True	True	False	C
Q8R0K9	P27661	E2f4	H2ax	True	True	False	True	True	False	C
Q8R0K9	Q8R1M2	E2f4	H2aj	True	True	False	True	True	False	C
Q8R0K9	Q6GSS7	E2f4	Hist2h2aa1; Hist2h2aa2	True	True	False	True	True	False	C
Q8R0K9	Q8CGP4	E2f4	Q8CGP4	True	True	False	True	True	False	C
Q8R0K9	Q64522	E2f4	H2ac21	True	True	False	True	True	False	C
Q8R0K9	P68433	E2f4	H3c1; H3c8; H3c10; H3c11	True	True	False	True	True	False	A
Q8R0K9	P84228	E2f4	H3c2; H3c3; H3c4; H3c6; H3c7; H3c13; H3c14; H3c15	True	True	False	True	True	False	A
Q8R0K9	Q9WTZ0	E2f4	Uxt	True	True	False	True	True	False	A
Q8R0K9	Q91ZW3	E2f4	Smarca5	True	True	False	True	True	False	A
Q8R0K9	Q9JKB3	E2f4	Ybx3	True	True	False	True	True	False	A
Q8R0K9	Q8CGP1	E2f4	H2bc12	True	True	False	True	True	False	A;D
Q8R0K9	P10853	E2f4	H2bc7; H2bc11; H2bc13; H2bc15	True	True	False	True	True	False	A;D
Q8R0K9	Q64524	E2f4	H2bc21	True	True	False	True	True	False	A;D
Q8R0K9	Q8JZP9	E2f4	Gas2l1	True	True	False	True	True	False	C
Q8R0K9	O55022	E2f4	Pgrmc1	True	True	False	True	True	False	A
Q8R0K9	Q9D1C1	E2f4	Ube2c	True	True	False	True	True	False	A
Q8R0K9	A2AQ14	E2f4	Oip5	True	True	False	True	True	False	B
Q8R0K9	Q61686	E2f4	Cbx5	True	True	False	True	True	False	A
Q8R0K9	P60007	E2f4	Anapc15	True	True	False	True	True	False	A
Q8R0K9	A2BDY3	E2f4	A2BDY3	True	True	False	True	True	False	C
Q8R0K9	Q5HZJ0	E2f4	Drosha	True	True	False	True	True	False	A
Q8R0K9	Q9ERH4	E2f4	Nusap1	True	True	False	True	True	False	A
Q8R0K9	Q9CWM2	E2f4	Cdca4	True	True	False	True	True	False	A
Q8R0K9	Q8BHE0	E2f4	Prr11	True	True	False	True	True	False	A
Q8R0K9	Q8K015	E2f4	Cenpo	True	True	False	True	True	False	A
Q8R0K9	Q8BS90	E2f4	Bora	True	True	False	True	True	False	A
Q8R0K9	A6PWY4	E2f4	Wdr76	True	True	False	True	True	False	A
O54917	Q8C0P7	E2f6	Znf451	True	True	False	True	True	False	C
P41969	B9EKR1	Elk1	Ptprz1	True	True	False	True	True	False	A
P81270	P70313	Erg	Nos3	True	True	False	True	True	False	A
P19785	Q9D219	Esr1	Bcl9	True	True	False	True	True	False	A
P19785	O08529	Esr1	Capn2	True	True	False	True	True	False	A
P19785	P42082	Esr1	Cd86	True	True	False	True	True	False	A
P19785	O35054	Esr1	Cldn4	True	True	False	True	True	False	A
Q3U5D9	A0A0N4SV71	Q3U5D9	A0A0N4SV71	True	False	False	False	False	False	C
P19785	P48299	Esr1	Edn3	True	True	False	True	True	False	A
P19785	P37889	Esr1	Fbln2	True	True	False	True	True	False	A
P19785	P13020	Esr1	Gsn	True	True	False	True	True	False	A
P19785	Q9JL15	Esr1	Lgals8	True	True	False	True	True	False	A
P19785	P04247	Esr1	Mb	True	True	False	True	True	False	A
P19785	O35516	Esr1	Notch2	True	True	False	True	True	False	A
P19785	A3KGV1	Esr1	Odf2	True	True	False	True	True	False	C
P19785	P37040	Esr1	Por	True	True	False	True	True	False	A
P19785	P07214	Esr1	Sparc	True	True	False	True	True	False	A
P19785	Q62361	Esr1	Trh	True	True	False	True	True	False	A
P19785	P07607	Esr1	Tyms	True	True	False	True	True	False	A
P19785	Q8K004	Esr1	Spata2	True	True	False	True	True	False	A
P19785	Q5SVT2	Esr1	Q5SVT2	True	True	False	True	True	False	A
P19785	Q61390	Esr1	Cct6b	True	True	False	True	True	False	A
P19785	Q9ES70	Esr1	Nek6	True	True	False	True	True	False	A
Q3U5D9	P26231	Q3U5D9	Ctnna1	True	False	False	False	False	False	C
P19785	Q9CQS8	Esr1	Sec61b	True	True	False	True	True	False	A
P19785	O88322	Esr1	Nid2	True	True	False	True	True	False	A
P19785	Q91ZW2	Esr1	Pofut1	True	True	False	True	True	False	A
P19785	Q8BM75	Esr1	Arid5b	True	True	False	True	True	False	A
O08537	Q9D219	Esr2	Bcl9	True	True	False	True	True	False	B
O08537	O08529	Esr2	Capn2	True	True	False	True	True	False	B
O08537	A0A0G2JEV1	Esr2	A0A0G2JEV1	True	True	False	True	True	False	B
O08537	P41778	Esr2	Pbx1	True	True	False	True	True	False	B
P27577	P08046	Ets1	Egr1	True	True	False	True	True	False	A
P27577	A0A0R4J0R7	Ets1	A0A0R4J0R7	True	True	False	True	True	False	A
P27577	A0A087WPA7	Ets1	A0A087WPA7	True	True	False	True	True	False	A
P27577	E9QPU1	Ets1	E9QPU1	True	True	False	True	True	False	A
P15037	A0A0R4J0R7	Ets2	A0A0R4J0R7	True	True	False	True	True	False	A
A2A5C3	P29754	A2A5C3	Agtr1a	True	True	False	True	True	False	A
A2A5C3	P29755	A2A5C3	Agtr1b	True	True	False	True	True	False	A
Q9R1E0	Q8BH04	Foxo1	Pck2	True	True	False	True	True	False	A
P01101	P50295	Fos	Nat2	True	True	False	True	True	False	A
P01101	P27548	Fos	Cd40lg	True	True	False	True	True	False	A
P01101	P56567	Fos	Csta	True	True	False	True	True	False	A
P01101	B2RV77	Fos	B2RV77	True	True	False	True	True	False	A
P01101	P35174	Fos	Stfa2	True	True	False	True	True	False	A
P01101	Q8BWM3	Fos	Q8BWM3	True	True	False	True	True	False	A
Q00422	Q9CZW5	Gabpa	Tomm70	True	True	False	True	True	False	A
P01101	Q9D8D6	Fos	Q9D8D6	True	True	False	True	True	False	A
P01101	Q05B95	Fos	Q05B95	True	True	False	True	True	False	A
P01101	P35173	Fos	Stfa3	True	True	False	True	True	False	A
P01101	L7N257	Fos	L7N257	True	True	False	True	True	False	A
P01101	Q497J0	Fos	Q497J0	True	True	False	True	True	False	A
P01101	P35175	Fos	Stfa1	True	True	False	True	True	False	A
P01101	P01582	Fos	Il1a	True	True	False	True	True	False	A
P01101	P54843	Fos	Maf	True	True	False	True	True	False	A
P01101	E9Q600	Fos	E9Q600	True	True	False	True	True	False	A
P47930	Q06890	Fosl2	Clu	True	True	False	True	True	False	A
P47930	G3X9D9	Fosl2	G3X9D9	True	True	False	True	True	False	A
P47930	P35456	Fosl2	Plaur	True	True	False	True	True	False	A
P47930	E9PZ30	Fosl2	E9PZ30	True	True	False	True	True	False	A
P47930	Q8R084	Fosl2	Q8R084	True	True	False	True	True	False	A
A0A0A6YWQ4	P15539	A0A0A6YWQ4	Cyp11b2	True	True	False	True	True	False	A
A0A0A6YWQ4	Q3TG86	A0A0A6YWQ4	Q3TG86	True	True	False	True	True	False	A
P17679	Q61093	Gata1	Cybb	True	True	False	True	True	False	A
P17679	A0A0R4J0Y5	Gata1	A0A0R4J0Y5	True	True	False	True	True	False	A
Q3U5D9	E0CXB9	Q3U5D9	E0CXB9	True	False	False	False	False	False	C
O09100	Q61093	Gata2	Cybb	True	False	True	True	False	True	A
O09100	P01108	Gata2	Myc	True	True	False	True	True	False	A
O09100	F6Y2T6	Gata2	F6Y2T6	True	True	False	True	True	False	A
P23772	B2RUJ5	Gata3	Apba1	True	True	False	True	True	False	A
P23772	Q9D3G9	Gata3	Rhoh	True	True	False	True	True	False	A
P23772	G5E829	Gata3	Atp2b1	True	True	False	True	True	False	A
P23772	P01731	Gata3	Cd8a	True	True	False	True	True	False	A
P23772	P10300	Gata3	Cd8b	True	True	False	True	True	False	A
P23772	P27548	Gata3	Cd40lg	True	True	False	True	True	False	A
P23772	Q8VI47	Gata3	Abcc2	True	True	False	True	True	False	A
P23772	P22387	Gata3	Edn1	True	True	False	True	True	False	A
P23772	Q01279	Gata3	Egfr	True	True	False	True	True	False	A
P23772	Q61772	Gata3	Epha7	True	True	False	True	True	False	A
P23772	P07321	Gata3	Epo	True	False	True	True	False	True	A
P23772	G5E8D5	Gata3	G5E8D5	True	True	False	True	True	False	A
P23772	Q8BYN3	Gata3	Itpk1	True	True	False	True	True	False	A
P23772	Q810U4	Gata3	Nrcam	True	True	False	True	True	False	A
P23772	Q9Z0X4	Gata3	Pde3a	True	True	False	True	True	False	A
P23772	Q91W59	Gata3	Rbms1	True	True	False	True	True	False	A
P23772	P60041	Gata3	Sst	True	True	False	True	True	False	A
P23772	Q8K4L3	Gata3	Svil	True	True	False	True	True	False	A
P23772	A0A0A6YVY4	Gata3	A0A0A6YVY4	True	True	False	True	True	False	A
P23772	Q61324	Gata3	Arnt2	True	True	False	True	True	False	A
P23772	Q8BUB6	Gata3	Ust	True	True	False	True	True	False	A
P23772	P62951	Gata3	Blcap	True	True	False	True	True	False	A
P23772	Q6ZPY5	Gata3	Znf507	True	True	False	True	True	False	A
P23772	P28658	Gata3	Atxn10	True	True	False	True	True	False	A
P23772	Q8K3I4	Gata3	Myrip	True	True	False	True	True	False	A
P23772	Q9QXQ1	Gata3	Pde7b	True	True	False	True	True	False	A
P23772	E9Q649	Gata3	Gcnt4	True	True	False	True	True	False	A
P23772	A0A0G2JF55	Gata3	A0A0G2JF55	True	True	False	True	True	False	A
P23772	Q6P9S7	Gata3	Galnt10	True	True	False	True	True	False	A
P23772	Q99PD7	Gata3	Slc24a3	True	True	False	True	True	False	A
P23772	A0A0R4J0H8	Gata3	A0A0R4J0H8	True	True	False	True	True	False	A
P23772	Q8C8V1	Gata3	Zxdc	True	True	False	True	True	False	A
P23772	Q8C9J3	Gata3	Spef2	True	True	False	True	True	False	A
P23772	Q7TPD1	Gata3	Fbxo11	True	True	False	True	True	False	A
P23772	Q8R4I7	Gata3	Neto1	True	True	False	True	True	False	A
P23772	Q61114	Gata3	Bpifb1	True	True	False	True	True	False	A
P23772	Q8K4T1	Gata3	St8sia6	True	True	False	True	True	False	A
Q61169	Q00623	Gata6	Apoa1	True	True	False	True	True	False	A
P06537	P14094	Nr3c1	Atp1b1	True	False	True	True	False	True	A
P35582	P53566	Foxa1	Cebpa	True	True	False	True	True	False	A
P35582	Q8R412	Foxa1	Ifi27l2a	True	True	False	True	True	False	A
P49698	P53566	Hnf4a	Cebpa	True	True	False	True	True	False	A
P53566	P49698	Cebpa	Hnf4a	True	True	False	False	False	False	A
P49698	P70694	Hnf4a	Akr1c6	True	True	False	True	True	False	A;D
P49698	Q8VC77	Hnf4a	Q8VC77	True	True	False	True	True	False	A;D
P49698	P55050	Hnf4a	Fabp2	True	True	False	True	True	False	A
P49698	P56213	Hnf4a	Gfer	True	False	True	True	False	True	A
E9QPS1	P70694	E9QPS1	Akr1c6	True	True	False	True	True	False	A
E9QPS1	Q8VC77	E9QPS1	Q8VC77	True	True	False	True	True	False	A
P23611	Q61093	Irf8	Cybb	True	True	False	True	True	False	A
P31266	P25799	Rbpj	Nfkb1	True	True	False	True	True	False	A
P15314	Q61093	Irf1	Cybb	True	True	False	True	True	False	A
P23906	Q3LFS7	Irf2	Q3LFS7	True	True	False	True	True	False	C
P23906	Q925P2	Irf2	Ceacam2	True	True	False	True	True	False	C
P05627	P50295	Jun	Nat2	True	True	False	True	True	False	A
P05627	P56567	Jun	Csta	True	True	False	True	True	False	A
P05627	B2RV77	Jun	B2RV77	True	True	False	True	True	False	A
P05627	P35174	Jun	Stfa2	True	True	False	True	True	False	A
P05627	Q8BWM3	Jun	Q8BWM3	True	True	False	True	True	False	A
P05627	Q9D8D6	Jun	Q9D8D6	True	True	False	True	True	False	A
P05627	Q05B95	Jun	Q05B95	True	True	False	True	True	False	A
P05627	P35173	Jun	Stfa3	True	True	False	True	True	False	A
P05627	L7N257	Jun	L7N257	True	True	False	True	True	False	A
P05627	Q497J0	Jun	Q497J0	True	True	False	True	True	False	A
P05627	P35175	Jun	Stfa1	True	True	False	True	True	False	A
P05627	P01582	Jun	Il1a	True	True	False	True	True	False	A
P05627	P34960	Jun	Mmp12	True	True	False	True	True	False	A
P05627	Q3UFB7	Jun	Ntrk1	True	True	False	True	True	False	A
P05627	P23204	Jun	Ppara	True	True	False	True	True	False	A
P05627	E9PZ30	Jun	E9PZ30	True	True	False	True	True	False	C
P05627	Q8R084	Jun	Q8R084	True	True	False	True	True	False	C
P09450	Q05769	Junb	Ptgs2	True	True	False	True	True	False	A
P15066	P27548	Jund	Cd40lg	True	True	False	True	True	False	A
P15066	Q06890	Jund	Clu	True	True	False	True	True	False	A
P15066	P56567	Jund	Csta	True	True	False	True	True	False	A
P15066	B2RV77	Jund	B2RV77	True	True	False	True	True	False	A
P15066	P35174	Jund	Stfa2	True	True	False	True	True	False	A
P15066	Q8BWM3	Jund	Q8BWM3	True	True	False	True	True	False	A
P15066	Q9D8D6	Jund	Q9D8D6	True	True	False	True	True	False	A
P15066	Q05B95	Jund	Q05B95	True	True	False	True	True	False	A
P15066	P35173	Jund	Stfa3	True	True	False	True	True	False	A
P15066	L7N257	Jund	L7N257	True	True	False	True	True	False	A
P15066	Q497J0	Jund	Q497J0	True	True	False	True	True	False	A
P15066	P35175	Jund	Stfa1	True	True	False	True	True	False	A
P15066	Q9JI75	Jund	Nqo2	True	True	False	True	True	False	A
Q8BUN5	P37040	Smad3	Por	True	True	False	True	True	False	A
P97471	P86547	Smad4	Bglap2	True	True	False	True	True	False	A
P97471	P86546	Smad4	Bglap	True	True	False	True	True	False	A
P97471	P54615	Smad4	Bglap3	True	True	False	True	True	False	A
P54843	P26011	Maf	Itgb7	True	True	False	True	True	False	A
Q08874	P10284	Mitf	Hoxb4	True	True	False	True	True	False	A
A3KN90	P14094	A3KN90	Atp1b1	True	False	True	True	False	True	A
P48972	A0A087WPA7	Mybl2	A0A087WPA7	True	True	False	True	True	False	A
P01108	P45952	Myc	Acadm	True	True	False	True	True	False	A
P01108	Q9R0H0	Myc	Acox1	True	True	False	True	True	False	A
P01108	Q05117	Myc	Acp5	True	True	False	True	True	False	A
P01108	Q8CE08	Myc	Acp3	True	True	False	True	True	False	A
P01108	P63260	Myc	Actg1	True	True	False	True	True	False	A
P01108	P56375	Myc	Acyp2	True	True	False	True	True	False	A
P01108	P51830	Myc	Adcy9	True	True	False	True	True	False	A
P01108	Q9JLJ2	Myc	Aldh9a1	True	False	True	True	False	True	A
P01108	D3Z6H8	Myc	Amd2	True	True	False	True	True	False	A
P01108	P0DMN7	Myc	Amd1	True	True	False	True	True	False	A
P01108	Q9DBT5	Myc	Ampd2	True	True	False	True	True	False	A
P01108	O08739	Myc	Ampd3	True	True	False	True	True	False	A
P01108	P28352	Myc	Apex1	True	True	False	True	True	False	A
P01108	P12023	Myc	App	True	True	False	True	True	False	A
P01108	P84078	Myc	Arf1	True	True	False	True	True	False	A
P01108	P61750	Myc	Arf4	True	True	False	True	True	False	A
P01108	P84096	Myc	Rhog	True	True	False	True	True	False	A
P01108	A0A0R4J138	Myc	A0A0R4J138	True	True	False	True	True	False	A
P01108	O35885	Myc	Ascl2	True	True	False	True	True	False	A
P01108	Q6PIE5	Myc	Atp1a2	True	True	False	True	True	False	A
P01108	Q9WTT4	Myc	Atp6v1g2	True	True	False	True	True	False	A
P01108	P35455	Myc	Avp	True	True	False	True	True	False	A
P01108	Q9Z2F6	Myc	Bcl3	True	True	False	True	True	False	A
P01108	P16277	Myc	Blk	True	True	False	True	True	False	A
P01108	P21275	Myc	Bmp4	True	True	False	True	True	False	A
P01108	P97929	Myc	Brca2	True	True	False	True	True	False	A
P01108	P23950	Myc	Zfp36l1	True	False	True	True	False	True	A
P01108	O89110	Myc	Casp8	True	False	True	True	False	True	A
P01108	Q8C3Q9	Myc	Casp9	True	True	False	True	True	False	A
P01108	Q91WT9	Myc	Cbs	True	True	False	True	True	False	A
P01108	P56481	Myc	Cckbr	True	True	False	True	True	False	A
P01108	P24860	Myc	Ccnb1	True	True	False	True	True	False	A
P01108	Q60846	Myc	Tnfrsf8	True	True	False	True	True	False	A
P01108	P41731	Myc	Cd63	True	True	False	True	True	False	A
P01108	P15530	Myc	Cd79b	True	True	False	True	True	False	A
P01108	P48967	Myc	Cdc25c	True	True	False	True	True	False	A
P01108	P09690	Myc	Chrnb1	True	True	False	True	True	False	A
P01108	A2A7F6	Myc	A2A7F6	True	True	False	True	True	False	A
P01108	P02463	Myc	Col4a1	True	True	False	True	True	False	A
P01108	P47934	Myc	Crat	True	True	False	True	True	False	A
P01108	Q62426	Myc	Cstb	True	True	False	True	True	False	A
P01108	P43346	Myc	Dck	True	True	False	True	True	False	A
P01108	P09470	Myc	Ace	True	True	False	True	True	False	A
P01108	A0A286YCB9	Myc	A0A286YCB9	True	True	False	True	True	False	A
P01108	Q9ESX5	Myc	Dkc1	True	True	False	True	True	False	A
P01108	P43300	Myc	Egr3	True	True	False	True	True	False	A
P01108	P60843	Myc	Eif4a1	True	True	False	True	True	False	A
P01108	P70445	Myc	Eif4ebp2	True	True	False	True	True	False	A
P01108	P41969	Myc	Elk1	True	True	False	True	True	False	A
P01108	P49222	Myc	Epb42	True	True	False	True	True	False	A
P01108	Q9D379	Myc	Ephx1	True	True	False	True	True	False	A
P01108	Q9R0P3	Myc	Esd	True	True	False	True	True	False	A
P01108	P35505	Myc	Fah	True	True	False	True	True	False	A
P01108	P19096	Myc	Fasn	True	True	False	True	True	False	A
P01108	P22315	Myc	Fech	True	True	False	True	True	False	A
P01108	P54130	Myc	Fgf9	True	True	False	True	True	False	A
P01108	A0A0R4IZY3	Myc	A0A0R4IZY3	True	True	False	True	True	False	A
P01108	P48760	Myc	Fpgs	True	True	False	True	True	False	A
P01108	O35943	Myc	Fxn	True	True	False	True	True	False	A
P01108	O09160	Myc	Fut1	True	True	False	True	True	False	A
P01108	A2AMS3	Myc	A2AMS3	True	True	False	True	True	False	A
P01108	S4R1N5	Myc	S4R1N5	True	True	False	True	True	False	A
P01108	A0A1D5RLD8	Myc	A0A1D5RLD8	True	True	False	True	True	False	A
P01108	P16858	Myc	Gapdh	True	True	False	True	True	False	A
P01108	Q60779	Myc	Gas8	True	True	False	True	True	False	A
P01108	A2BDV6	Myc	A2BDV6	True	True	False	True	True	False	A
P01108	Q8BUD0	Myc	Gpr4	True	True	False	True	True	False	A
P01108	P10889	Myc	Cxcl2	True	True	False	True	True	False	A
P01108	P12850	Myc	Cxcl1	True	True	False	True	True	False	A
P01108	Q9WV60	Myc	Gsk3b	True	True	False	True	True	False	A
P01108	P46425	Myc	Gstp2	True	True	False	True	True	False	A
P01108	P19157	Myc	Gstp1	True	True	False	True	True	False	A
P01108	Q91YN8	Myc	Q91YN8	True	False	True	True	False	True	A
P01108	P70349	Myc	Hint1	True	True	False	True	True	False	A
P01108	A2RSX2	Myc	A2RSX2	True	True	False	True	True	False	A
P01108	P22907	Myc	Hmbs	True	True	False	True	True	False	A
P01108	P09602	Myc	Hmgn2	True	True	False	True	True	False	A
P01108	Q5EBP8	Myc	Q5EBP8	True	True	False	True	True	False	A
P01108	O88569	Myc	Hnrnpa2b1	True	True	False	True	True	False	A
P01108	P09027	Myc	Hoxd3	True	True	False	True	True	False	A
P01108	P70217	Myc	Hoxd13	True	True	False	True	True	False	A
P01108	P51661	Myc	Hsd11b2	True	True	False	True	True	False	A
P01108	P63017	Myc	Hspa8	True	True	False	True	True	False	A
P01108	Q9JI95	Myc	Q9JI95	True	True	False	True	True	False	A
P01108	Q64433	Myc	Hspe1	True	True	False	True	True	False	A
P01108	P13597	Myc	Icam1	True	True	False	True	True	False	A
P01108	P70225	Myc	Il11ra2	True	True	False	True	True	False	A
P01108	Q64385	Myc	Il11ra1	True	True	False	True	True	False	A
P01108	P20109	Myc	Il13	True	True	False	True	True	False	A
P01108	Q91UZ5	Myc	Impa2	True	True	False	True	True	False	A
P01108	Q63ZV0	Myc	Insm1	True	True	False	True	True	False	A
P01108	P15208	Myc	Insr	True	True	False	True	True	False	A
P01108	Q61739	Myc	Itga6	True	False	True	True	False	True	A
P01108	P23906	Myc	Irf2	True	True	False	True	True	False	A
P01108	Q8VEM8	Myc	Slc25a3	True	True	False	True	True	False	A
P01108	P70671	Myc	Irf3	True	True	False	True	True	False	A
P01108	Q9JL16	Myc	Isg20	True	True	False	True	True	False	A
P01108	Q8BG84	Myc	Lair1	True	True	False	True	True	False	A
P01108	Q61292	Myc	Lamb2	True	True	False	True	True	False	A
P01108	P54227	Myc	Stmn1	True	True	False	True	True	False	A
P01108	Q3U9G9	Myc	Lbr	True	True	False	True	True	False	A
P01108	P48678	Myc	Lmna	True	True	False	True	True	False	A
P01108	A0A6I8MWW7	Myc	A0A6I8MWW7	True	True	False	True	True	False	A
P01108	P24527	Myc	Lta4h	True	True	False	True	True	False	A
P01108	P41155	Myc	Ltb	True	True	False	True	True	False	A
P01108	O35253	Myc	Smad7	True	True	False	True	True	False	B
P01108	Q8BRK9	Myc	Man2a2	True	True	False	True	True	False	A
P01108	A0A286YDI1	Myc	A0A286YDI1	True	True	False	True	True	False	A
P01108	Q61881	Myc	Mcm7	True	True	False	True	True	False	A
P01108	P97367	Myc	Meis2	True	True	False	True	True	False	A
P01108	D3YVY2	Myc	D3YVY2	True	True	False	True	True	False	A
P01108	Q9Z120	Myc	Mettl1	True	True	False	True	True	False	A
P01108	C0HKD8	Myc	Mfap1a	True	True	False	True	True	False	A
P01108	Q9R0R1	Myc	Meltf	True	True	False	True	True	False	A
P01108	Q91VS7	Myc	Mgst1	True	True	False	True	True	False	A
P01108	P11247	Myc	Mpo	True	True	False	True	True	False	A
P01108	P26041	Myc	Msn	True	False	True	True	False	True	A
P01108	Q922D8	Myc	Mthfd1	True	True	False	True	True	False	A
P01108	Q9WU20	Myc	Mthfr	True	True	False	True	True	False	A
P01108	P10166	Myc	Mycl	True	True	False	True	True	False	A
P01108	P28656	Myc	Nap1l1	True	True	False	True	True	False	A
P01108	A0A0R4J036	Myc	A0A0R4J036	True	True	False	True	True	False	A
P01108	O08750	Myc	Nfil3	True	True	False	True	True	False	A
P01108	O88995	Myc	Nfkbil1	True	True	False	True	True	False	A
Q3U5D9	P59764	Q3U5D9	Dock4	True	False	False	False	False	False	C
P01108	P10493	Myc	Nid1	True	True	False	True	True	False	A
P01108	Q8VDK1	Myc	Nit1	True	True	False	True	True	False	A
P01108	P31695	Myc	Notch4	True	True	False	True	True	False	A
P01108	A0A0G2JE25	Myc	A0A0G2JE25	True	True	False	True	True	False	A
P01108	O35980	Myc	Nthl1	True	True	False	True	True	False	A
P01108	Q9R1A3	Myc	Ntn3	True	True	False	True	True	False	A
P01108	Q62052	Myc	Oca2	True	True	False	True	True	False	A
P01108	P35486	Myc	Pdha1	True	True	False	True	True	False	A
P01108	O35973	Myc	Per1	True	True	False	True	True	False	A
P01108	Q9R0A0	Myc	Pex14	True	True	False	True	True	False	A
P01108	P67778	Myc	Phb1	True	True	False	True	True	False	A
P01108	O09101	Myc	Pigf	True	True	False	True	True	False	A
P01108	Q6PF93	Myc	Pik3c3	True	True	False	True	True	False	A
P01108	P97350	Myc	Pkp1	True	True	False	True	True	False	A
P01108	P47713	Myc	Pla2g4a	True	True	False	True	True	False	A
P01108	Q8K409	Myc	Polb	True	True	False	True	True	False	A
P01108	O35654	Myc	Pold2	True	True	False	True	True	False	A
P01108	Q8CIH9	Myc	Ppat	True	True	False	True	True	False	A
P01108	Q9CR16	Myc	Ppid	True	True	False	True	True	False	A
P01108	Q3UM45	Myc	Ppp1r7	True	True	False	True	True	False	A
P01108	P58389	Myc	Ptpa	True	False	True	True	False	True	A
P01108	P97313	Myc	Prkdc	True	True	False	True	True	False	A
P01108	Q99M20	Myc	Q99M20	True	True	False	True	True	False	A
P01108	A0A0R4IZY6	Myc	A0A0R4IZY6	True	True	False	True	True	False	A
P01108	Q61207	Myc	Psap	True	True	False	True	True	False	C
P01108	D3Z0X1	Myc	D3Z0X1	True	True	False	True	True	False	A
P01108	O09061	Myc	Psmb1	True	True	False	True	True	False	A
P01108	Q62053	Myc	Ptger2	True	True	False	True	True	False	A
P01108	Q8BVI4	Myc	Qdpr	True	True	False	True	True	False	A
P01108	P22605	Myc	Rarb	True	False	True	True	False	True	A
P01108	Q60972	Myc	Rbbp4	True	True	False	True	True	False	A
P01108	Q9WUK4	Myc	Rfc2	True	True	False	True	True	False	A
P01108	O08849	Myc	Rgs2	True	True	False	True	True	False	A
P01108	P27659	Myc	Rpl3	True	True	False	True	True	False	A
P01108	Q6ZWV3	Myc	Rpl10	True	True	False	True	True	False	A
P01108	P84099	Myc	Rpl19	True	True	False	True	True	False	A
P01108	P67984	Myc	Rpl22	True	True	False	True	True	False	A
P01108	P61255	Myc	Rpl26	True	True	False	True	True	False	A
P01108	P61358	Myc	Rpl27	True	True	False	True	True	False	A
P01108	P14115	Myc	Rpl27a	True	True	False	True	True	False	A
P01108	P62754	Myc	Rps6	True	True	False	True	True	False	A
P01108	P62843	Myc	Rps15	True	True	False	True	True	False	A
P01108	P14131	Myc	Rps16	True	True	False	True	True	False	A
P01108	Q9CZX8	Myc	Rps19	True	True	False	True	True	False	A
P01108	Q61079	Myc	Sim2	True	True	False	True	True	False	A
P01108	Q60898	Myc	Sla	True	True	False	True	True	False	A
P01108	P14142	Myc	Slc2a4	True	True	False	True	True	False	A
P01108	A0A0R4J101	Myc	A0A0R4J101	True	True	False	True	True	False	A
P01108	P41438	Myc	Slc19a1	True	True	False	True	True	False	A
P01108	Q80TR4	Myc	Slit1	True	True	False	True	True	False	A
P01108	P97801	Myc	Smn1	True	True	False	True	True	False	A
P01108	P27048	Myc	Snrpb	True	True	False	True	True	False	A
P01108	Q9CQI7	Myc	Snrpb2	True	True	False	True	True	False	A
P01108	Q9QYY8	Myc	Spast	True	True	False	True	True	False	A
P01108	A0A0R4J136	Myc	A0A0R4J136	True	True	False	True	True	False	A
P01108	P70279	Myc	Surf6	True	True	False	True	True	False	A
P01108	P63044	Myc	Vamp2	True	True	False	True	True	False	A
P01108	Q61286	Myc	Tcf12	True	True	False	True	True	False	A
P01108	P04202	Myc	Tgfb1	True	True	False	True	True	False	A
P01108	P27090	Myc	Tgfb2	True	True	False	True	True	False	A
P01108	Q91YU7	Myc	Q91YU7	True	True	False	True	True	False	A
P01108	Q9Z1T2	Myc	Thbs4	True	True	False	True	True	False	A
P01108	Q04750	Myc	Top1	True	True	False	True	True	False	A
P01108	P10639	Myc	Txn	True	True	False	True	True	False	A
P01108	P07607	Myc	Tyms	True	True	False	True	True	False	A
P01108	P62984	Myc	Uba52	True	True	False	True	True	False	A
P01108	P12242	Myc	Ucp1	True	True	False	True	True	False	A
P01108	P56501	Myc	Ucp3	True	True	False	True	True	False	A
P01108	P70697	Myc	Urod	True	True	False	True	True	False	A
P01108	P48614	Myc	Wnt10b	True	True	False	True	True	False	A
P01108	Q8BQN6	Myc	Znf146	True	True	False	True	True	False	A
P01108	Q91W50	Myc	Csde1	True	False	True	True	False	True	A
P01108	A0A096P6K7	Myc	A0A096P6K7	True	True	False	True	True	False	A
P01108	Q8CHZ9	Myc	Mterf1a	True	True	False	True	True	False	A
P01108	P48755	Myc	Fosl1	True	True	False	True	True	False	A
P01108	Q61584	Myc	Fxr1	True	True	False	True	True	False	A
P01108	O08715	Myc	Akap1	True	True	False	True	True	False	A
P01108	P62806	Myc	H4c1; H4c2; H4c3; H4c4; H4c6; H4c8; H4c9; H4c11; H4c12; Hist1h4m; H4c14; H4c16	True	True	False	True	True	False	A
P01108	Q9WTZ0	Myc	Uxt	True	True	False	True	True	False	A
P01108	Q9QXY9	Myc	Pex3	True	True	False	True	True	False	A
P01108	Q9JKB3	Myc	Ybx3	True	True	False	True	True	False	A
P01108	Q9JK23	Myc	Psmg1	True	True	False	True	True	False	A
P01108	Q8R1B4	Myc	Eif3c	True	True	False	True	True	False	A
P01108	Q99P88	Myc	Nup155	True	True	False	True	True	False	A
P01108	Q9R013	Myc	Ctsf	True	True	False	True	True	False	A
P01108	O88895	Myc	Hdac3	True	True	False	False	False	False	A
P01108	Q64337	Myc	Sqstm1	True	True	False	True	True	False	A
P01108	Q8K363	Myc	Ddx18	True	True	False	True	True	False	A
P01108	O55101	Myc	Syngr2	True	True	False	True	True	False	A
P01108	A2AWR5	Myc	A2AWR5	True	True	False	True	True	False	A
P01108	O88627	Myc	Slc28a2	True	True	False	True	True	False	A
P01108	A0A0R4IZX2	Myc	A0A0R4IZX2	True	True	False	True	True	False	A
P01108	O70333	Myc	Cript	True	True	False	True	True	False	A
P01108	Q3UV55	Myc	Nr1d1	True	True	False	True	True	False	A
P01108	Q8VH51	Myc	Rbm39	True	True	False	True	True	False	A
P01108	Q5SUH7	Myc	Q5SUH7	True	True	False	True	True	False	A
P01108	Q9JJK5	Myc	Herpud1	True	True	False	True	True	False	A
P01108	Q8CFQ3	Myc	Aqr	True	True	False	True	True	False	A
P01108	Q9DCC8	Myc	Tomm20	True	True	False	True	True	False	A
P01108	Q9CWZ3	Myc	Rbm8a	True	True	False	True	True	False	A
P01108	Q569Z6	Myc	Thrap3	True	True	False	True	True	False	A
P01108	D3YTQ3	Myc	D3YTQ3	True	True	False	True	True	False	A
P01108	Q91VJ5	Myc	Pqbp1	True	True	False	True	True	False	A
P01108	P52760	Myc	Rida	True	True	False	True	True	False	A
P01108	A0A494B9E3	Myc	A0A494B9E3	True	True	False	True	True	False	A
P01108	Q9JII6	Myc	Akr1a1	True	True	False	True	True	False	A
P01108	Q8BHB0	Myc	Nod1	True	True	False	True	True	False	A
P01108	Q03958	Myc	Pfdn6	True	True	False	True	True	False	A
P01108	Q9D662	Myc	Sec23b	True	True	False	True	True	False	A
P01108	Q9DCL9	Myc	Paics	True	True	False	True	True	False	A
P01108	A0A6I8MWY6	Myc	A0A6I8MWY6	True	True	False	True	True	False	A
P01108	Q3TZR9	Myc	Q3TZR9	True	True	False	True	True	False	A
P01108	Q3US59	Myc	Q3US59	True	True	False	True	True	False	A
P01108	Q9D1C1	Myc	Ube2c	True	True	False	True	True	False	A
P01108	D3Z313	Myc	D3Z313	True	True	False	True	True	False	A
P01108	Q9D753	Myc	Exosc8	True	True	False	True	True	False	A
P01108	P80316	Myc	Cct5	True	True	False	True	True	False	A
P01108	Q923E4	Myc	Sirt1	True	True	False	False	False	False	A
P01108	Q61686	Myc	Cbx5	True	True	False	True	True	False	A
P01108	Q8C0P7	Myc	Znf451	True	True	False	True	True	False	A
P01108	Q8CI11	Myc	Gnl3	True	True	False	True	True	False	A
P01108	Q9CRA7	Myc	Dmac2l	True	True	False	True	True	False	A
P01108	Q8VCK3	Myc	Tubg2	True	True	False	True	True	False	A
P01108	Q9QZV9	Myc	Nxt1	True	True	False	True	True	False	A
P01108	Q9DB25	Myc	Alg5	True	True	False	True	True	False	A
P01108	Q9CWW7	Myc	Cxxc1	True	True	False	True	True	False	A
P01108	Q9D7Z3	Myc	Nol7	True	True	False	True	True	False	A
P01108	Q9JMD1	Myc	Sfmbt1	True	True	False	True	True	False	A
P01108	Q8K224	Myc	Nat10	True	True	False	True	True	False	A
P01108	A0A0R4J0B4	Myc	A0A0R4J0B4	True	True	False	True	True	False	A
P01108	Q8BGY2	Myc	Eif5a2	True	True	False	True	True	False	A
P01108	Q04692	Myc	Smarcad1	True	True	False	True	True	False	A
P01108	Q8BZ97	Myc	Prdm8	True	True	False	True	True	False	A
P01108	Q3TCT4	Myc	Entpd7	True	True	False	True	True	False	A
P01108	Q9CRA5	Myc	Golph3	True	True	False	True	True	False	A
P01108	Q91V61	Myc	Sfxn3	True	True	False	True	True	False	A
P01108	Q8R0Z5	Myc	Slc25a28	True	True	False	True	True	False	A
P01108	A0A140LHC2	Myc	A0A140LHC2	True	True	False	True	True	False	A
P01108	A0A0R4J1R7	Myc	A0A0R4J1R7	True	True	False	True	True	False	A
P01108	Q99K28	Myc	Arfgap2	True	True	False	True	True	False	A
P01108	Q99LT0	Myc	Dpy30	True	True	False	True	True	False	A
P01108	Q8BHW4	Myc	Q8BHW4	True	True	False	True	True	False	A
P03966	P18242	Mycn	Ctsd	True	True	False	True	True	False	A
P03966	Q01279	Mycn	Egfr	True	True	False	True	True	False	B
P03966	P97310	Mycn	Mcm2	True	True	False	True	True	False	A
P03966	P25206	Mycn	Mcm3	True	True	False	True	True	False	A
P03966	P49718	Mycn	Mcm5	True	True	False	True	True	False	A
P03966	P97311	Mycn	Mcm6	True	True	False	True	True	False	A
P03966	Q61881	Mycn	Mcm7	True	True	False	True	True	False	A
P03966	P05622	Mycn	Pdgfrb	True	True	False	True	True	False	B
P03966	Q8BG02	Mycn	Ppp2r2c	True	True	False	True	True	False	C
P03966	Q9WTX8	Mycn	Mad1l1	True	True	False	True	True	False	B
P03966	A0A0N4SV71	Mycn	A0A0N4SV71	True	True	False	True	True	False	B
P03966	Q5SXA9	Mycn	Wwc1	True	True	False	True	True	False	B
P03966	Q08EC9	Mycn	Q08EC9	True	True	False	True	True	False	C
P03966	Q9CWV1	Mycn	Mcm8	True	True	False	True	True	False	A
P12979	E9Q4Z2	Myog	Acacb	True	True	False	True	True	False	A
O08750	P10749	Nfil3	Il1b	True	True	True	True	False	True	A
P25799	P30355	Nfkb1	Alox5ap	True	True	False	True	True	False	A
P25799	O55179	Nfkb1	O55179	True	True	False	True	True	False	A
P25799	Q07440	Nfkb1	Bcl2a1	True	True	False	True	True	False	A
P25799	Q497M6	Nfkb1	Q497M6	True	True	False	True	True	False	A
P25799	P97929	Nfkb1	Brca2	True	True	False	True	True	False	A
P25799	P27548	Nfkb1	Cd40lg	True	True	False	True	True	False	A
D3Z4G2	A0A0R4J0H3	D3Z4G2	A0A0R4J0H3	True	True	False	True	True	False	A
P25799	P04441	Nfkb1	Cd74	True	True	False	True	True	False	A
P25799	Q01149	Nfkb1	Col1a2	True	False	True	True	False	True	A
P25799	P97427	Nfkb1	Crmp1	True	True	False	True	True	False	A
P25799	Q64669	Nfkb1	Nqo1	True	True	False	True	True	False	A
P25799	Q6PKB0	Nfkb1	Q6PKB0	True	True	False	True	True	False	A
P25799	P70434	Nfkb1	Irf7	True	True	False	True	True	False	A
P25799	Q922W6	Nfkb1	Q922W6	True	True	False	True	True	False	A
P25799	O70570	Nfkb1	Pigr	True	True	False	True	True	False	A
P25799	Q03366	Nfkb1	Ccl7	True	True	False	True	True	False	A;D
P25799	P48298	Nfkb1	Ccl11	True	True	False	True	True	False	A;D
P25799	P50228	Nfkb1	Cxcl5	True	True	False	True	True	False	A
P25799	E9QPU1	Nfkb1	E9QPU1	True	True	False	True	True	False	A
P62960	Q3UTR7	Ybx1	Q3UTR7	True	True	False	True	True	False	A
Q00175	A2RTV8	Pgr	A2RTV8	True	True	False	True	True	False	A
Q9QYE0	Q9R1S7	Plag1	Abcc6	True	True	False	True	True	False	A
A0A0A6YWE3	Q9R1S7	A0A0A6YWE3	Abcc6	True	True	False	True	True	False	A
A0A0R4J1Z4	Q04683	A0A0R4J1Z4	Cxcr5	True	True	False	True	True	False	A
A0A0R4J1Z4	P20490	A0A0R4J1Z4	Ms4a2	True	True	False	True	True	False	A
A0A0R4J1Z4	F8VPT3	A0A0R4J1Z4	F8VPT3	True	True	False	True	True	False	A
A0A0R4J1Z4	E9QPU1	A0A0R4J1Z4	E9QPU1	True	True	True	True	True	False	A
Q63934	P25322	Pou4f2	Ccnd1	True	True	False	True	True	False	A
P35396	P48026	Ppard	Sat1	True	True	False	True	True	False	A
P11416	P51658	Rara	Hsd17b2	True	True	False	True	True	False	A
P11416	Q8BUN5	Rara	Smad3	True	True	False	True	True	False	B
P11416	D3Z4L9	Rara	D3Z4L9	True	True	False	True	True	False	A
P11416	P35419	Rara	Tpo	True	True	False	True	True	False	A
P11416	Q8CBD1	Rara	Nrip1	True	True	False	True	True	False	A
P11416	G5E8C3	Rara	G5E8C3	True	True	False	True	True	False	A
P11416	O35627	Rara	Nr1i3	True	True	False	True	True	False	A
P22605	P28474	Rarb	Adh5	True	True	False	True	True	False	A
A4QPD3	P27548	A4QPD3	Cd40lg	True	True	False	True	True	False	A
Q04207	O55179	Rela	O55179	True	True	False	True	True	False	A
Q04207	Q07440	Rela	Bcl2a1	True	True	False	True	True	False	A
Q04207	Q497M6	Rela	Q497M6	True	True	False	True	True	False	A
Q04207	P21237	Rela	Bdnf	True	True	False	True	True	False	C
Q04207	P97929	Rela	Brca2	True	True	False	True	True	False	A
Q04207	P04441	Rela	Cd74	True	True	False	True	True	False	A
Q04207	Q01149	Rela	Col1a2	True	False	True	True	False	True	A
Q04207	Q64459	Rela	Cyp3a11	True	True	True	True	False	True	A;D
Q04207	Q9JMA7	Rela	Cyp3a41a; Cyp3a41b	True	True	True	True	False	True	A;D
Q04207	Q64464	Rela	Cyp3a13	True	True	True	True	False	True	A;D
Q04207	Q6PKB0	Rela	Q6PKB0	True	True	False	True	True	False	A
Q04207	P12813	Rela	Nr4a1	True	True	False	True	True	False	A
Q04207	P70434	Rela	Irf7	True	True	False	True	True	False	A
Q04207	Q3THS6	Rela	Mat2a	True	True	False	True	True	False	A
Q04207	Q61865	Rela	Mia	True	True	False	True	True	False	C
Q3U5D9	O70318	Q3U5D9	Epb41l2	True	False	False	False	False	False	C
Q04207	O70570	Rela	Pigr	True	True	False	True	True	False	A
Q04207	P48759	Rela	Ptx3	True	True	False	True	True	False	A
Q04207	P50228	Rela	Cxcl5	True	True	False	True	True	False	A
Q04207	D6RFS9	Rela	D6RFS9	True	True	False	True	True	False	C
P48377	Q01149	Rfx1	Col1a2	True	True	False	True	True	False	A
P28700	Q04683	Rxra	Cxcr5	True	True	False	True	True	False	A
P28700	P00184	Rxra	Cyp1a1	True	True	False	True	True	False	C
P28700	Q64459	Rxra	Cyp3a11	True	True	False	True	True	False	A
P28700	Q9D7Z3	Rxra	Nol7	True	True	False	True	True	False	A
P28700	Q9JMA7	Rxra	Cyp3a41a; Cyp3a41b	True	True	False	True	True	False	A
P28700	Q64464	Rxra	Cyp3a13	True	True	False	True	True	False	A
P28700	P51658	Rxra	Hsd17b2	True	True	False	True	True	False	A
D3YU76	P10300	D3YU76	Cd8b	True	True	False	True	True	False	A
B1AUF1	O35253	B1AUF1	Smad7	True	True	False	True	True	False	A
A0A979HLR9	P25962	A0A979HLR9	Adrb3	True	True	False	True	True	False	A
A0A979HLR9	Q8R5L1	A0A979HLR9	Q8R5L1	True	True	False	True	True	False	A
A0A979HLR9	P40240	A0A979HLR9	Cd9	True	True	False	True	True	False	A
A0A979HLR9	P25918	A0A979HLR9	Cd19	True	True	False	True	True	False	A
A0A979HLR9	Q63870	A0A979HLR9	Col7a1	True	True	False	True	True	False	A
A0A979HLR9	O88947	A0A979HLR9	F10	True	True	False	True	True	False	A
A0A979HLR9	P56213	A0A979HLR9	Gfer	True	True	False	True	True	False	A
A0A979HLR9	P26150	A0A979HLR9	Hsd3b3	True	True	False	True	True	False	A
A0A979HLR9	O35469	A0A979HLR9	Hsd3b6	True	True	False	True	True	False	A
A0A979HLR9	P26149	A0A979HLR9	Hsd3b2	True	True	False	True	True	False	A
A0A979HLR9	P24815	A0A979HLR9	Hsd3b1	True	True	False	True	True	False	A
A0A979HLR9	Q9Z0Z3	A0A979HLR9	Skp2	True	True	False	True	True	False	A
A0A979HLR9	P47876	A0A979HLR9	Igfbp1	True	True	False	True	True	False	A
A0A979HLR9	Q60860	A0A979HLR9	Ltc4s	True	True	False	True	True	False	A
A0A979HLR9	P23188	A0A979HLR9	Furin	True	True	False	True	True	False	A
A0A979HLR9	P43252	A0A979HLR9	Ptgir	True	True	False	True	True	False	A
A0A979HLR9	Q64434	A0A979HLR9	Ptk6	True	True	False	True	True	False	A
A0A979HLR9	P41438	A0A979HLR9	Slc19a1	True	True	False	True	True	False	A
A0A979HLR9	Q04519	A0A979HLR9	Smpd1	True	True	False	True	True	False	A
A0A979HLR9	P15306	A0A979HLR9	Thbd	True	True	False	True	True	False	A
A0A979HLR9	P62806	A0A979HLR9	H4c1; H4c2; H4c3; H4c4; H4c6; H4c8; H4c9; H4c11; H4c12; Hist1h4m; H4c14; H4c16	True	True	False	True	True	False	A
A0A979HLR9	Q9D7Z3	A0A979HLR9	Nol7	True	True	False	True	True	False	A
O70494	Q62469	Sp3	Itga2	True	True	False	True	True	False	A
O70494	Q60860	Sp3	Ltc4s	True	True	False	True	True	False	A
O70494	H7BX37	Sp3	H7BX37	True	True	False	True	True	False	A
O70494	P12032	Sp3	Timp1	True	True	False	True	True	False	A
O70494	P50220	Sp3	Nkx2-1	True	True	False	True	True	False	A
O70494	A0A0R4J018	Sp3	A0A0R4J018	True	True	False	True	True	False	A
P17433	P06537	Spi1	Nr3c1	True	True	False	True	True	False	A
P17433	P19973	Spi1	Lsp1	True	True	False	True	True	False	A
Q3U1N2	O08601	Srebf2	Mttp	True	False	True	True	False	True	A
A0A087WSP5	Q61510	A0A087WSP5	Trim25	True	True	False	True	True	False	A
A0A087WSP5	Q60641	A0A087WSP5	Nr1h4	True	False	True	True	False	True	A
P22091	O09047	Tal1	C3ar1	True	True	False	True	True	False	A
P22091	Q9QVP9	Tal1	Ptk2b	True	True	False	True	True	False	B
P22091	G3X8S2	Tal1	G3X8S2	True	True	False	True	True	False	A
Q3U5D9	P81270	Q3U5D9	Erg	True	False	False	False	False	False	B
P22091	P63328	Tal1	Ppp3ca	True	True	False	True	True	False	A
P22091	Q6ZQ93	Tal1	Usp34	True	True	False	True	True	False	A
P22091	Q9JME2	Tal1	Chst11	True	True	False	True	True	False	A
P22091	Q9JIY0	Tal1	Plekho1	True	True	False	True	True	False	A
P22091	E9Q411	Tal1	E9Q411	True	True	False	True	True	False	A
E9QQ91	Q9EPS3	E9QQ91	Glce	True	True	False	True	True	False	A
P22091	Q99PF4	Tal1	Cdh23	True	True	False	True	True	False	A
P29037	P12023	Tbp	App	True	True	False	True	True	False	A
P29037	P11276	Tbp	Fn1	True	True	False	True	True	False	A
E9QQ91	P01108	E9QQ91	Myc	True	True	False	True	True	False	A
Q64318	A2A864	Zeb1	A2A864	True	False	True	True	False	True	A
Q64318	G5E874	Zeb1	G5E874	True	False	True	True	False	True	A
Q64318	Q62266	Zeb1	Sprr1a	True	True	False	True	True	False	A
Q32NY6	A0A0R4J1N3	Q32NY6	A0A0R4J1N3	True	False	True	True	False	True	A
P43135	P23204	Nr2f2	Ppara	True	False	True	True	False	True	A
P50220	Q9CQI1	Nkx2-1	Q9CQI1	True	True	False	True	True	False	A
P02340	P11352	Tp53	Gpx1	True	True	False	True	True	False	A
P02340	Q61493	Tp53	Rev3l	True	True	False	True	True	False	B
P02340	Q3U3M5	Tp53	Q3U3M5	True	True	False	True	True	False	A
P02340	Q921P9	Tp53	Tceal1	True	True	False	True	True	False	A
P02340	E9PZJ8	Tp53	Ascc3	True	True	False	True	True	False	A
P02340	Q8VDM6	Tp53	Hnrnpul1	True	True	False	True	True	False	A
P02340	Q99N92	Tp53	Mrpl27	True	True	False	True	True	False	A
P02340	Q99KW9	Tp53	Itfg1	True	True	False	True	True	False	C
P02340	G5E8C2	Tp53	G5E8C2	True	True	False	True	True	False	C
Q61069	P00186	Usf1	Cyp1a2	True	True	False	True	True	False	A
Q61069	Q62000	Usf1	Ogn	True	True	False	True	True	False	A
Q61069	Q60715	Usf1	P4ha1	True	True	False	True	True	False	A
Q64705	P30285	Usf2	Cdk4	True	True	False	True	True	False	C
Q61069	O88968	Usf1	Tcn2	True	True	False	True	True	False	A
Q61069	P27090	Usf1	Tgfb2	True	True	False	True	True	False	A
Q61069	Q9CY58	Usf1	Serbp1	True	True	False	True	True	False	A
Q64705	Q3LFS7	Usf2	Q3LFS7	True	True	False	True	True	False	A
Q64705	Q925P2	Usf2	Ceacam2	True	True	False	True	True	False	A
Q64705	P00186	Usf2	Cyp1a2	True	True	False	True	True	False	A
Q64705	Q60715	Usf2	P4ha1	True	True	False	True	True	False	A
Q64705	O88968	Usf2	Tcn2	True	True	False	True	True	False	A
Q64705	P27090	Usf2	Tgfb2	True	True	False	True	True	False	A
Q64705	Q64213	Usf2	Sf1	True	True	False	True	True	False	A
P48281	P18893	Vdr	Il10	True	True	True	True	False	True	A
Q00899	Q920E5	Yy1	Fdps	True	False	True	True	False	True	A
O70230	Q8CIB9	Znf143	Esco2	True	True	False	True	True	False	A
E9Q2D3	P41233	E9Q2D3	Abca1	True	False	True	True	False	True	A
Q8K1S5	P52946	Klf11	Pdx1	True	True	False	True	True	False	A
O88898	Q9WTL8	Tp63	Bmal1	True	True	False	True	True	False	B
O88898	P15535	Tp63	B4galt1	True	True	False	True	True	False	C
O88898	Q60760	Tp63	Grb10	True	True	False	True	True	False	B
O88898	Q03141	Tp63	Mark3	True	True	False	True	True	False	C
O88898	P23204	Tp63	Ppara	True	True	False	True	True	False	A
O88898	Q8JZP2	Tp63	Syn3	True	True	False	True	True	False	B
O54915	Q8R5G7	Nr1i2	Arap3	True	True	False	True	True	False	C
O54915	Q8C0S4	Nr1i2	Ttc21a	True	True	False	True	True	False	C
A0A0R4J046	Q61245	A0A0R4J046	Col11a1	True	False	True	True	False	True	A
A0A0R4J046	Q9JK91	A0A0R4J046	Mlh1	True	False	True	True	False	True	A
A0A0R4J046	Q04887	A0A0R4J046	Sox9	True	True	False	True	True	False	A
Q91VN7	P00860	Q91VN7	Odc1	True	True	False	True	True	False	A
Q9WV30	P07091	Nfat5	S100a4	True	True	False	True	True	False	A
Q32NY8	P08920	Q32NY8	Cd2	True	False	True	True	False	True	A
P19091	P15116	Ar	Cdh2	True	True	False	True	True	False	A
P19091	P35582	Ar	Foxa1	True	True	False	True	True	False	A
P19091	Q9Z0Z7	Ar	Klf5	True	True	False	True	True	False	A
P19091	O70583	Ar	Mid1	True	True	False	True	True	False	B
P19091	Q62433	Ar	Ndrg1	True	True	False	True	True	False	A
P19091	O70570	Ar	Pigr	True	True	False	True	True	False	A
P19091	Q3TWH3	Ar	Q3TWH3	True	True	False	True	True	False	A
P19091	G3UW90	Ar	G3UW90	True	True	False	True	True	False	A
P53762	O35185	Arnt	Bhlhe40	True	True	False	True	True	False	A
P53762	P19785	Arnt	Esr1	True	True	False	True	True	False	B
P01101	P53762	Fos	Arnt	True	False	False	False	False	False	A
Q02067	Q8R493	Ascl1	Chrnb4	True	True	False	True	True	False	C
P81269	Q61456	Atf1	Ccna1	True	False	True	True	False	True	A
P81269	P15539	Atf1	Cyp11b2	True	True	False	True	True	False	A
P81269	Q3TG86	Atf1	Q3TG86	True	True	False	True	True	False	A
P81269	P70424	Atf1	Erbb2	True	True	False	True	True	False	A
P81269	A0A0R4J0A4	Atf1	A0A0R4J0A4	True	True	False	True	True	False	A
P81269	P06151	Atf1	Ldha	True	True	False	True	True	False	A
P81269	Q9CQV6	Atf1	Map1lc3b	True	True	False	True	True	False	A
P81269	Q9D3P9	Atf1	Nts	True	True	False	True	True	False	A
P81269	P63239	Atf1	Pcsk1	True	True	False	True	True	False	A
P81269	P35456	Atf1	Plaur	True	True	False	True	True	False	A
P81269	Q61609	Atf1	Slc20a1	True	True	False	True	True	False	A
P81269	Q01320	Atf1	Top2a	True	True	False	True	True	False	A
P16951	P15539	Atf2	Cyp11b2	True	True	False	True	True	False	A
P16951	Q3TG86	Atf2	Q3TG86	True	True	False	True	True	False	A
P16951	Q9ESS0	Atf2	Dusp10	True	True	False	True	True	False	B
P16951	Q8BH04	Atf2	Pck2	True	True	False	True	True	False	A
Q06507	Q811T9	Atf4	Disc1	True	True	False	True	True	False	A
Q06507	Q9QZM4	Atf4	Tnfrsf10b	True	True	False	True	True	False	B
O70191	Q811T9	Atf5	Disc1	True	True	False	True	True	False	A
F6VAN0	A0A2R8VHR8	Atf6	Ddit3	True	True	False	True	True	False	A
F6VAN0	P35639	Atf6	Ddit3	True	True	False	True	True	False	A
F6VAN0	Q91YW3	Atf6	Dnajc3	True	True	False	True	True	False	A
F6VAN0	Q9ES97	Atf6	Rtn3	True	True	False	True	True	False	A
F6VAN0	Q9JM73	Atf6	Srf	True	True	False	True	True	False	A
P41183	Q8C2B3	Bcl6	Hdac7	True	False	True	True	False	True	A
P41183	Q64287	Bcl6	Irf4	True	False	True	True	False	True	A
Q3U5D9	Q8BIE6	Q3U5D9	Frmd4a	True	False	False	False	False	False	C
P43241	Q3ZAS0	Cdx2	Slc9a2	True	True	False	True	True	False	A
P53566	P07141	Cebpa	Csf1	True	True	False	True	True	False	A
P53566	Q810W6	Cebpa	Cxcr1	True	True	False	True	True	False	A
P53566	P35343	Cebpa	Cxcr2	True	True	False	True	True	False	A
P53566	P11276	Cebpa	Fn1	True	True	False	True	True	False	A
P53566	Q99JP6	Cebpa	Homer3	True	True	False	True	True	False	A
P53566	Q3U2G2	Cebpa	Q3U2G2	True	True	False	True	True	False	A
P53566	P13597	Cebpa	Icam1	True	True	False	True	True	False	A
P53566	P20067	Cebpa	Id1	True	True	False	True	True	False	A
P53566	P05017	Cebpa	Igf1	True	True	False	True	True	False	A
P53566	P18893	Cebpa	Il10	True	True	False	True	True	False	A
P53566	P04401	Cebpa	Il5	True	True	False	True	True	False	A
P53566	Q9WTX8	Cebpa	Mad1l1	True	True	False	True	True	False	A
P53566	P30204	Cebpa	Msr1	True	True	False	True	True	False	A
P53566	Q8BH04	Cebpa	Pck2	True	True	False	True	True	False	A
P53566	P05366	Cebpa	Saa1	True	True	False	True	True	False	A
P53566	P05367	Cebpa	Saa2	True	True	False	True	True	False	A
P53566	P04918	Cebpa	Saa3	True	True	False	True	True	False	A
P53566	P32261	Cebpa	Serpinc1	True	True	False	True	True	False	A
P53566	O08705	Cebpa	Slc10a1	True	True	False	True	True	False	A
P53566	P98156	Cebpa	Vldlr	True	True	False	True	True	False	A
P28033	P40223	Cebpb	Csf3r	True	True	False	True	True	False	A
P28033	P97315	Cebpb	Csrp1	True	True	False	True	True	False	A
P28033	Q06194	Cebpb	F8	True	True	False	True	True	False	A
P28033	P23188	Cebpb	Furin	True	True	False	True	True	False	A
P28033	Q9R0S0	Cebpb	Q9R0S0	True	True	False	True	True	False	A
P28033	A0A0R4J1N5	Cebpb	A0A0R4J1N5	True	True	False	True	True	False	A
P28033	O08705	Cebpb	Slc10a1	True	True	False	True	True	False	A
Q6PZD9	P01108	Cebpe	Myc	True	False	True	True	False	True	A
Q00322	Q9R0S0	Cebpd	Q9R0S0	True	True	False	True	True	False	A
Q00322	P20263	Cebpd	Pou5f1	True	True	False	True	True	False	A
Q6PZD9	P28293	Cebpe	Ctsg	True	True	False	True	True	False	A
Q6PZD9	P17679	Cebpe	Gata1	True	False	True	True	False	True	A
Q01147	P97718	Creb1	Adra1a	True	True	False	True	True	False	A
Q01147	Q61125	Creb1	Bdkrb1	True	True	False	True	True	False	A
Q01147	A0A0R4J0N8	Creb1	A0A0R4J0N8	True	True	False	True	True	False	A
Q01147	P27786	Creb1	Cyp17a1	True	True	False	True	True	False	A
Q01147	P70424	Creb1	Erbb2	True	True	False	True	True	False	A
Q01147	Q8VCC1	Creb1	Hpgd	True	True	False	True	True	False	A
Q01147	O08540	Creb1	Msmb	True	True	False	True	True	False	A
Q01147	Q9D3P9	Creb1	Nts	True	True	False	True	True	False	A
Q01147	P00860	Creb1	Odc1	True	True	False	True	True	False	A
Q01147	O35654	Creb1	Pold2	True	True	False	True	True	False	A
Q01147	Q6PEE3	Creb1	Rrm2b	True	True	False	True	True	False	A
Q01147	P41438	Creb1	Slc19a1	True	True	False	True	True	False	A
Q01147	Q61609	Creb1	Slc20a1	True	True	False	True	True	False	A
A0A0R4J082	O35874	A0A0R4J082	Slc1a4	True	False	True	True	False	True	A
A0A087WSP5	A0A0N4SV71	A0A087WSP5	A0A0N4SV71	True	False	False	False	False	False	B
P27699	P28563	Crem	Dusp1	True	False	True	True	False	True	A
Q61164	Q3TVI8	Ctcf	Pbxip1	True	True	False	True	True	False	A
Q61164	E9PX52	Ctcf	E9PX52	True	True	False	True	True	False	A
Q61164	P25322	Ctcf	Ccnd1	True	True	False	True	True	False	A
Q61164	P54265	Ctcf	Dmpk	True	True	False	True	True	False	A
Q61164	A7MCT6	Ctcf	Etnk2	True	True	False	True	True	False	A
Q61164	P70178	Ctcf	Six5	True	True	False	True	True	False	A
Q61164	Q60857	Ctcf	Slc6a4	True	True	False	True	True	False	A
P13864	P43247	Dnmt1	Msh2	True	True	False	True	True	False	A
P13864	A0A0R4J001	Dnmt1	A0A0R4J001	True	True	False	True	True	False	A
P13864	P39876	Dnmt1	Timp3	True	False	True	True	False	True	A
Q61501	P97477	E2f1	Aurka	True	True	False	True	True	False	A
Q61501	P97864	E2f1	Casp7	True	True	False	True	True	False	A
Q61501	Q9JJN6	E2f1	Ctnnbip1	True	True	False	True	True	False	A
Q61501	P13864	E2f1	Dnmt1	True	True	True	True	True	False	A
Q61501	Q9DC58	E2f1	Dram1	True	True	False	True	True	False	A
Q61501	P07903	E2f1	Ercc1	True	True	False	True	True	False	A
Q61501	A2A5C3	E2f1	A2A5C3	True	True	False	True	True	False	A
Q61501	Q9JL70	E2f1	Fanca	True	True	False	True	True	False	A
Q61501	O89106	E2f1	Fhit	True	False	True	True	False	True	A
Q61501	A0A0R4J0A4	E2f1	A0A0R4J0A4	True	True	False	True	True	False	A
Q61501	Q9CY94	E2f1	Gins3	True	True	False	True	True	False	A
Q61501	P10749	E2f1	Il1b	True	True	False	True	True	False	A
Q61501	P35918	E2f1	Kdr	True	True	False	True	True	False	A
Q61501	Q91VR7	E2f1	Map1lc3a	True	True	False	True	True	False	A
Q61501	A0A2I3BPL3	E2f1	A0A2I3BPL3	True	True	False	True	True	False	A
Q61501	P49718	E2f1	Mcm5	True	True	False	True	True	False	A
Q61501	Q9JJ26	E2f1	Mefv	True	True	False	True	True	False	A
Q3U5D9	F6QB26	Q3U5D9	F6QB26	True	False	False	False	False	False	C
Q61501	A0A087WPA7	E2f1	A0A087WPA7	True	True	False	True	True	False	A
Q61501	Q5SV64	E2f1	Q5SV64	True	True	False	True	True	False	A
Q61501	Q8BMA5	E2f1	Npat	True	True	False	True	True	False	A
Q61501	E9Q612	E2f1	Ptpro	True	True	False	True	True	False	A
Q61501	Q8JZL7	E2f1	Rasgef1b	True	True	False	True	True	False	A
Q61501	Q9Z1S3	E2f1	Rasgrp1	True	True	False	True	True	False	A
Q61501	Q9CQJ4	E2f1	Rnf2	True	True	False	True	True	False	C
Q61501	P07742	E2f1	Rrm1	True	True	False	True	True	False	A
Q61501	P11157	E2f1	Rrm2	True	True	False	True	True	False	A
Q61501	Q91YK2	E2f1	Rrp1b	True	True	False	True	True	False	A
Q61501	Q01320	E2f1	Top2a	True	True	False	True	True	False	A
Q61501	A0A0R4J0B3	E2f1	A0A0R4J0B3	True	True	False	True	True	False	A
Q61501	Q91WL8	E2f1	Wwox	True	False	True	True	False	True	A
A0A1Y7VML1	Q07832	A0A1Y7VML1	Plk1	True	True	False	True	True	False	A
Q8R0K9	O70126	E2f4	Aurkb	True	True	False	True	True	False	A
Q8R0K9	P97377	E2f4	Cdk2	True	True	False	True	True	False	A
Q8R0K9	Q61191	E2f4	Hcfc1	True	True	False	True	True	False	A
Q8R0K9	Q571G4	E2f4	Lin54	True	True	False	True	True	False	A
Q8R0K9	Q0VBD2	E2f4	Mcm10	True	False	True	True	False	True	A
Q8R0K9	Q6ZQF0	E2f4	Topbp1	True	False	True	True	False	True	A
Q61502	P01108	E2f5	Myc	True	False	True	True	False	True	A
Q6S7F2	Q61501	E2f7	E2f1	True	False	True	True	False	True	A
Q58FA4	Q61501	E2f8	E2f1	True	False	True	True	False	True	A
P08046	P45376	Egr1	Akr1b1	True	True	False	True	True	False	A
P08046	P61809	Egr1	Cdk5r1	True	True	False	True	True	False	A
P08046	B2RWS6	Egr1	Ep300	True	True	False	True	True	False	A
P08046	P20693	Egr1	Fcer2	True	False	True	True	False	True	A
P08046	Q91ZJ9	Egr1	Hyal1	True	True	False	True	True	False	A
P08046	P16297	Egr1	Il2rb	True	True	False	True	True	False	A
P08046	Q63739	Egr1	Ptp4a1	True	True	False	True	True	False	A
P08046	Q3TYD6	Egr1	Lmtk2	True	True	False	True	True	False	A
P08046	P21661	Egr1	Pcsk2	True	True	False	True	True	False	A
P08046	P06869	Egr1	Plau	True	True	False	True	True	False	A
P08046	P35456	Egr1	Plaur	True	True	False	True	True	False	A
P08046	P37040	Egr1	Por	True	True	False	True	True	False	A
P08046	Q05769	Egr1	Ptgs2	True	True	True	True	True	False	A
P08046	A0A0J9YTU7	Egr1	A0A0J9YTU7	True	True	False	True	True	False	A
P08046	Q9D2E2	Egr1	Toe1	True	True	False	True	True	False	A
P08046	A0A0U1RQ75	Egr1	A0A0U1RQ75	True	True	False	True	True	False	A
P08046	Q921J4	Egr1	Ube2s	True	True	False	True	True	False	A
P41969	O35740	Elk1	Cited2	True	True	False	True	True	False	A
P41969	P70424	Elk1	Erbb2	True	True	False	True	True	False	A
P41969	Q11127	Elk1	Fut4	True	True	False	True	True	False	A
P41969	A0A0R4IZW4	Elk1	A0A0R4IZW4	True	True	False	True	True	False	A
Q00899	B2RWS6	Yy1	Ep300	True	True	False	True	True	False	A
P97481	Q8VHB5	Epas1	Ca9	True	True	False	True	True	False	A
O08537	P01101	Esr2	Fos	True	False	True	True	False	True	A
P81270	P15655	Erg	Fgf2	True	False	True	True	False	True	A
P81270	Q9JIQ8	Erg	Tmprss2	True	True	False	True	True	False	A
P19785	O88700	Esr1	Blm	True	True	False	True	True	False	A
P19785	P28033	Esr1	Cebpb	True	True	False	True	True	False	A
P19785	A0A2I3BPD4	Esr1	A0A2I3BPD4	True	True	False	True	True	False	A
P19785	Q02248	Esr1	Ctnnb1	True	False	True	True	False	True	A
P19785	P40224	Esr1	Cxcl12	True	True	False	True	True	False	A
P19785	P09450	Esr1	Junb	True	True	False	True	True	False	A
O08537	P05627	Esr2	Jun	True	True	False	True	True	False	A
P19785	E9PZ30	Esr1	E9PZ30	True	True	False	True	True	False	A
P19785	Q8R084	Esr1	Q8R084	True	True	False	True	True	False	A
P19785	P68254	Esr1	Ywhaq	True	True	False	True	True	False	A
O08537	P31996	Esr2	Cd68	True	True	False	True	True	False	A
O08537	P18242	Esr2	Ctsd	True	True	False	True	True	False	A
O08537	Q8CDB0	Esr2	Mknk2	True	True	False	True	True	False	A
O08537	P06800	Esr2	Ptprc	True	True	False	True	True	False	A
O08537	Q08423	Esr2	Tff1	True	True	False	True	True	False	A
O08580	P43136	Esrra	Nr2f6	True	False	True	True	False	True	A
P27577	Q8BMB0	Ets1	Emsy	True	True	False	True	True	False	A
P27577	P01731	Ets1	Cd8a	True	True	False	True	True	False	A
P27577	P11087	Ets1	Col1a1	True	True	False	True	True	False	A
P27577	P40223	Ets1	Csf3r	True	True	False	True	True	False	A
P27577	P67871	Ets1	Csnk2b	True	True	False	True	True	False	A
P27577	P81270	Ets1	Erg	True	True	False	True	True	False	A
P81270	P27577	Erg	Ets1	True	False	False	False	False	False	C
P27577	Q8BH61	Ets1	F13a1	True	True	False	True	True	False	A
P27577	O70514	Ets1	Fgfbp1	True	True	False	True	True	False	A
P27577	Q8VCC1	Ets1	Hpgd	True	True	False	True	True	False	A
P27577	P16297	Ets1	Il2rb	True	True	False	True	True	False	A
P27577	O54890	Ets1	Itgb3	True	True	False	True	True	False	A
P27577	P06240	Ets1	Lck	True	True	False	True	True	False	A
P27577	P23804	Ets1	Mdm2	True	True	True	True	False	True	A
P27577	Q62433	Ets1	Ndrg1	True	False	True	True	False	True	A
P27577	Q9WVC8	Ets1	Slc26a3	True	True	False	True	True	False	A
P27577	Q9QXV8	Ets1	Spry2	True	True	False	True	True	False	A
P27577	Q64337	Ets1	Sqstm1	True	True	False	True	True	False	B
P27577	Q8VE65	Ets1	Taf12	True	True	False	True	True	False	A
P27577	P36423	Ets1	Tbxas1	True	True	True	True	False	True	A
P27577	Q62312	Ets1	Tgfbr2	True	True	False	True	True	False	A
P27577	Q9QYH9	Ets1	Tnfsf14	True	True	False	True	True	False	A
P27577	P70315	Ets1	Was	True	True	False	True	True	False	A
P15037	O35608	Ets2	Angpt2	True	True	False	True	True	False	A
P15037	Q2VLH6	Ets2	Cd163	True	True	False	True	True	False	A
P15037	P11440	Ets2	Cdk1	True	True	False	True	True	False	A
P15037	P40223	Ets2	Csf3r	True	True	False	True	True	False	A
P15037	P08046	Ets2	Egr1	True	True	False	True	True	False	A
P15037	P81270	Ets2	Erg	True	True	False	True	True	False	A
P15037	P30204	Ets2	Msr1	True	True	False	True	True	False	A
P15037	P70453	Ets2	Pde7a	True	True	False	True	True	False	A
P15037	E9QPU1	Ets2	E9QPU1	True	True	False	True	True	False	A
Q8R4Z4	P25799	Etv3	Nfkb1	True	False	True	True	False	True	A
A2A5C3	Q61125	A2A5C3	Bdkrb1	True	True	False	True	True	False	A
A2A5C3	Q6PI17	A2A5C3	Q6PI17	True	True	False	True	True	False	A
A2A5C3	P06804	A2A5C3	Tnf	True	True	False	True	True	False	A
P26323	P09240	Fli1	Cck	True	True	False	True	True	False	C
P01101	Q64373	Fos	Bcl2l1	True	True	False	True	True	False	A
P26323	P41136	Fli1	Id2	True	True	False	True	True	False	A
P01101	P68134	Fos	Acta1	True	True	False	True	True	False	A
P01101	Q9D275	Fos	Batf3	True	True	False	True	True	False	A
P01101	A0A2R8VHR8	Fos	Ddit3	True	True	False	True	True	False	A
P01101	P35639	Fos	Ddit3	True	True	False	True	True	False	A
P01101	P25446	Fos	Fas	True	True	False	True	True	False	A
P01101	P35582	Fos	Foxa1	True	True	False	True	True	False	A
P01101	Q61699	Fos	Hsph1	True	True	False	True	True	False	A
P01101	Q52KR2	Fos	Lrig2	True	True	False	True	True	False	A
P01101	P08551	Fos	Nefl	True	True	False	True	True	False	A
P01101	P25799	Fos	Nfkb1	True	False	True	True	False	True	A
P01101	P20181	Fos	Ntf3	True	True	False	True	True	False	A
P01101	Q9D3P9	Fos	Nts	True	True	False	True	True	False	A
P01101	P35486	Fos	Pdha1	True	True	False	True	True	False	A
P01101	P06869	Fos	Plau	True	True	False	True	True	False	A
P01101	P97471	Fos	Smad4	True	True	False	True	True	False	A
P17433	P01101	Spi1	Fos	True	False	False	False	False	False	A
P01101	Q9QZX7	Fos	Srr	True	True	False	True	True	False	A
P48755	O54890	Fosl1	Itgb3	True	False	True	True	False	True	A
P47930	P41183	Fosl2	Bcl6	True	True	False	True	True	False	A
P47930	P48754	Fosl2	Brca1	True	True	False	True	True	False	A
P47930	P29477	Fosl2	Nos2	True	True	False	True	True	False	A
P47930	P51680	Fosl2	Ccr4	True	True	False	True	True	False	A
P47930	P48755	Fosl2	Fosl1	True	True	False	True	True	False	A
P35582	P41233	Foxa1	Abca1	True	False	True	True	False	True	A
P35582	P26361	Foxa1	Cftr	True	False	True	True	False	True	A
P19785	P35582	Esr1	Foxa1	True	False	False	False	False	False	B
P35582	P19785	Foxa1	Esr1	True	True	False	True	True	False	A
P35582	Q9DCV7	Foxa1	Krt7	True	True	False	True	True	False	A
P35582	P01108	Foxa1	Myc	True	True	False	True	True	False	A
P35582	Q04690	Foxa1	Nf1	True	True	False	True	True	False	A
P35582	P35546	Foxa1	Ret	True	True	False	True	True	False	A
P35583	P26361	Foxa2	Cftr	True	False	True	True	False	True	A
P35583	E9QQ91	Foxa2	E9QQ91	True	True	False	True	True	False	B
O88470	Q923E4	Foxl2	Sirt1	True	True	False	True	True	False	A
Q6P1H7	Q5SXJ3	Q6P1H7	Brip1	True	True	False	True	True	False	B
Q6P1H7	P30306	Q6P1H7	Cdc25b	True	True	False	True	True	False	A
Q9R1E0	P15919	Foxo1	Rag1	True	True	False	True	True	False	A
Q9WVH3	P50592	Foxo4	Tnfsf10	True	True	False	True	True	False	A
H3BJ24	P15919	H3BJ24	Rag1	True	True	False	True	True	False	A
Q99JB6	P51680	Foxp3	Ccr4	True	True	False	True	True	False	A
Q00422	P70424	Gabpa	Erbb2	True	True	False	True	True	False	C
P17679	P23188	Gata1	Furin	True	True	False	True	True	False	C
P17679	P51175	Gata1	Ppox	True	False	True	True	False	True	C
P23772	A0A0R4IZW5	Gata3	A0A0R4IZW5	True	True	False	True	True	False	A
P23772	P43241	Gata3	Cdx2	True	True	False	True	True	False	A
P23772	P14753	Gata3	Epor	True	True	False	True	True	False	A
P23772	P97378	Gata3	Il12rb2	True	False	True	True	False	True	A
P23772	P25799	Gata3	Nfkb1	True	True	False	False	False	False	A
P25799	P23772	Nfkb1	Gata3	True	True	False	True	True	False	A
Q04207	P23772	Rela	Gata3	True	True	False	True	True	False	A
P23772	E9QQ91	Gata3	E9QQ91	True	True	False	True	True	False	A
P47806	P08152	Gli1	Egr2	True	False	True	True	False	True	A
Q0VGT2	P25446	Gli2	Fas	True	False	True	True	False	True	A
Q0VGT2	P35583	Gli2	Foxa2	True	True	False	True	True	False	A
Q0VGT2	P47931	Gli2	Fst	True	True	False	True	True	False	A
Q0VGT2	O70283	Gli2	Wnt2b	True	True	False	True	True	False	A
E9Q1A8	F8WH69	E9Q1A8	F8WH69	True	False	True	True	False	True	A
P01101	O09106	Fos	Hdac1	True	False	False	False	False	False	C
P27792	P25801	Lyl1	Lmo2	True	False	False	False	False	False	C
Q60929	A0A1B0GSQ5	Mef2a	A0A1B0GSQ5	True	False	False	False	False	False	C
Q9QUS4	P62737	Hey2	Acta2	True	False	True	True	False	True	A
Q9QUS4	Q61169	Hey2	Gata6	True	False	True	True	False	True	A
P43120	P49698	Hhex	Hnf4a	True	True	False	True	True	False	A
Q9R1Y5	P98156	Hic1	Vldlr	True	False	True	True	False	True	A
Q61221	P40224	Hif1a	Cxcl12	True	True	False	True	True	False	A
Q61221	A0A0J9YTV4	Hif1a	A0A0J9YTV4	True	True	False	True	True	False	A
Q61221	A0A1Y7VML1	Hif1a	A0A1Y7VML1	True	True	False	True	True	False	A
Q61221	P17182	Hif1a	Eno1	True	True	False	True	True	False	A
Q61221	Q9D6U8	Hif1a	Fam162a	True	True	False	True	True	False	A
Q61221	P34884	Hif1a	Mif	True	True	False	True	True	False	A
Q61221	P06537	Hif1a	Nr3c1	True	True	False	True	True	False	A
Q61221	P23204	Hif1a	Ppara	True	True	False	True	True	False	C
Q61221	Q7TMB3	Hif1a	Ppp1r3c	True	True	False	True	True	False	A
Q61221	O35716	Hif1a	Socs1	True	True	False	True	True	False	A
Q61221	G3X8Y8	Hif1a	G3X8Y8	True	True	False	True	True	False	A
Q61221	P49766	Hif1a	Vegfb	True	True	False	True	True	False	A
Q61221	Q3U0X6	Hif1a	Q3U0X6	True	True	False	True	True	False	A
Q8BW74	A0A087WR05	Hlf	A0A087WR05	True	False	True	True	False	True	A
P49698	Q99PE8	Hnf4a	Abcg5	True	False	True	True	False	True	A
P49698	Q3LFS7	Hnf4a	Q3LFS7	True	True	False	True	True	False	A
P49698	Q925P2	Hnf4a	Ceacam2	True	True	False	True	True	False	A
P49698	P29037	Hnf4a	Tbp	True	True	False	True	True	False	A
P49698	A0A0B4J1E4	Hnf4a	A0A0B4J1E4	True	True	False	True	True	False	A
P49698	P35951	Hnf4a	Ldlr	True	True	False	True	True	False	A
P49698	Q80W65	Hnf4a	Pcsk9	True	True	False	True	True	False	A
P49698	P32261	Hnf4a	Serpinc1	True	True	False	True	True	False	A
P49698	E9QQ91	Hnf4a	E9QQ91	True	True	False	True	True	False	A
E9QPS1	Q9JKY7	E9QPS1	Q9JKY7	True	True	False	True	True	False	A
E9QPS1	Q6P8N9	E9QPS1	Q6P8N9	True	True	False	True	True	False	A
P31310	O54890	Hoxa10	Itgb3	True	True	False	True	True	False	A
A0A0R4J193	P24529	A0A0R4J193	Th	True	True	False	True	True	False	A
P09021	P24529	Hoxa5	Th	True	True	False	True	True	False	A
P70321	A0A0J9YTU7	Hoxb13	A0A0J9YTU7	True	False	True	True	False	True	A
P09025	O08712	Hoxc8	Tnfrsf11b	True	True	False	True	True	False	A
P09027	P09055	Hoxd3	Itgb1	True	True	False	True	True	False	A
P09027	O54890	Hoxd3	Itgb3	True	True	False	True	True	False	A
P38532	Q60864	Hsf1	Stip1	True	True	False	True	True	False	B
P38532	P0CG49	Hsf1	Ubb	True	True	False	True	True	False	B
Q3U5D9	Q8VCD7	Q3U5D9	Kdm4c	True	False	False	False	False	False	C
P38533	P47809	Hsf2	Map2k4	True	False	True	True	False	True	A
P38533	A0A2I3BPL3	Hsf2	A0A2I3BPL3	True	False	True	True	False	True	A
P15314	P97864	Irf1	Casp7	True	True	False	True	True	False	A
Q61501	P15314	E2f1	Irf1	True	False	False	False	False	False	C
P15314	P18893	Irf1	Il10	True	True	False	True	True	False	A
P15314	O35955	Irf1	Psmb10	True	True	False	True	True	False	B
P70671	P70434	Irf3	Irf7	True	True	False	True	True	False	A
P70671	P42669	Irf3	Pura	True	False	True	True	False	True	A
Q64287	P20693	Irf4	Fcer2	True	True	False	True	True	False	A
P56477	P06804	Irf5	Tnf	True	True	False	True	True	False	A
P70434	P17515	Irf7	Cxcl10	True	True	False	True	True	False	A
P23611	O35732	Irf8	Cflar	True	True	False	True	True	False	C
P23611	Q9QUK6	Irf8	Tlr4	True	True	False	True	True	False	B
E9PZJ2	Q8K3I6	E9PZJ2	Il27	True	True	True	True	False	True	A
P05627	P68134	Jun	Acta1	True	True	False	True	True	False	A
P05627	Q9D275	Jun	Batf3	True	True	False	True	True	False	A
P05627	P40237	Jun	Cd82	True	True	False	True	True	False	A
P05627	P27699	Jun	Crem	True	True	False	True	True	False	A
P05627	P15037	Jun	Ets2	True	True	False	True	True	False	A
P05627	Q9QUM5	Jun	Q9QUM5	True	True	False	True	True	False	A
P05627	Q61805	Jun	Lbp	True	False	True	True	False	True	A
P05627	P19788	Jun	Mgp	True	True	False	True	True	False	A
P05627	P10639	Jun	Txn	True	True	False	True	True	False	A
P05627	Q9WTK5	Jun	Nfkb2	True	True	False	True	True	False	A
P05627	P35486	Jun	Pdha1	True	True	False	True	True	False	A
P05627	O35654	Jun	Pold2	True	True	False	True	True	False	A
P05627	P22605	Jun	Rarb	True	True	False	True	True	False	A
P05627	Q08775	Jun	Runx2	True	True	False	True	True	False	A
P05627	Q6PI17	Jun	Q6PI17	True	True	False	True	True	False	A
P05627	Q9QZM4	Jun	Tnfrsf10b	True	True	False	True	True	False	A
P05627	Q3UPN1	Jun	Q3UPN1	True	True	False	True	True	False	A
P15066	P43406	Jund	Itgav	True	False	True	True	False	True	A
P15066	O54890	Jund	Itgb3	True	False	True	True	False	True	A
O89091	P39689	Klf10	Cdkn1a	True	True	False	True	True	False	A
Q3U5D9	Q8BGA2	Q3U5D9	Lhfpl2	True	False	False	False	False	False	C
Q60793	P15306	Klf4	Thbd	True	True	False	True	True	False	A
Q9Z0Z7	Q01705	Klf5	Notch1	True	True	False	True	True	False	A
Q8BPQ2	Q60860	Q8BPQ2	Ltc4s	True	True	False	True	True	False	A
P27782	Q03366	Lef1	Ccl7	True	True	False	True	True	False	A
P27782	P48298	Lef1	Ccl11	True	True	False	True	True	False	A
P27782	Q810U4	Lef1	Nrcam	True	True	False	True	True	False	A
P27782	Q61503	Lef1	Nt5e	True	True	False	True	True	False	A
P27782	E9PVV1	Lef1	E9PVV1	True	True	False	True	True	False	A
P53776	Q00286	Lhx4	Pou1f1	True	True	False	True	True	False	A
A0A0G2JEM8	A0A0G2JGW6	A0A0G2JEM8	A0A0G2JGW6	True	True	False	True	True	False	C
A0A0G2JEM8	Q924X2	A0A0G2JEM8	Cpt1b	True	True	False	True	True	False	A
A0A0G2JEM8	P12813	A0A0G2JEM8	Nr4a1	True	False	True	True	False	True	A
A0A0G2JEM8	Q99P68	A0A0G2JEM8	Sost	True	False	True	True	False	True	A
E9QKT0	Q60765	E9QKT0	Atf3	True	True	False	True	True	False	A
E9QKT0	Q99P68	E9QKT0	Sost	True	False	True	True	False	True	A
Q08874	O55179	Mitf	O55179	True	False	True	True	False	True	A
Q08874	Q07440	Mitf	Bcl2a1	True	False	True	True	False	True	A
Q08874	Q497M6	Mitf	Q497M6	True	False	True	True	False	True	A
Q08874	P97377	Mitf	Cdk2	True	True	False	True	True	False	A
Q08874	Q4U2R1	Mitf	Herc2	True	True	False	True	True	False	A
Q08874	Q60696	Mitf	Pmel	True	True	False	True	True	False	A
Q08874	P68404	Mitf	Prkcb	True	True	False	True	True	False	A
Q08874	P97298	Mitf	Serpinf1	True	True	False	True	True	False	A
O88940	P18893	Msc	Il10	True	True	False	True	True	False	A
O88940	P33434	Msc	Mmp2	True	True	False	True	True	False	A
A0A087WPA7	P53566	A0A087WPA7	Cebpa	True	True	False	True	True	False	A
P53566	A0A087WPA7	Cebpa	A0A087WPA7	True	False	True	False	False	False	C
A0A087WPA7	P11087	A0A087WPA7	Col1a1	True	True	False	True	True	False	A
P23772	A0A087WPA7	Gata3	A0A087WPA7	True	False	False	False	False	False	C
A0A087WPA7	P15626	A0A087WPA7	Gstm2	True	True	False	True	True	False	A
A0A087WPA7	Q9QXK8	A0A087WPA7	Nmu	True	True	False	True	True	False	A
A0A087WPA7	Q61079	A0A087WPA7	Sim2	True	True	False	True	True	False	A
A0A087WPA7	P04184	A0A087WPA7	Tk1	True	True	False	True	True	False	A
A0A087WPA7	P70315	A0A087WPA7	Was	True	True	False	True	True	False	A
P01108	P16460	Myc	Ass1	True	True	False	True	True	False	A
Q3U5D9	A0A0A6YVZ8	Q3U5D9	A0A0A6YVZ8	True	False	False	False	False	False	C
P01108	A0A0R4J008	Myc	A0A0R4J008	True	True	False	True	True	False	A
P01108	Q4KN81	Myc	Q4KN81	True	True	False	True	True	False	A
P01108	Q31093	Myc	Q31093	True	True	False	True	True	False	A
P01108	O19441	Myc	O19441	True	True	False	True	True	False	A
P01108	P50431	Myc	Shmt1	True	True	False	True	True	False	A
P01108	P54751	Myc	St3gal1	True	True	False	True	True	False	A
P01108	A0A2R8W6R9	Myc	A0A2R8W6R9	True	True	False	True	True	False	A
P01108	O09053	Myc	Wrn	True	True	False	True	True	False	A
P03966	P41136	Mycn	Id2	True	True	False	True	True	False	B
Q80Z64	P25322	Nanog	Ccnd1	True	True	False	True	True	False	C
Q80Z64	P43241	Nanog	Cdx2	True	False	True	True	False	True	A
Q80Z64	Q08369	Nanog	Gata4	True	False	True	True	False	True	A
Q80Z64	E9PXD6	Nanog	E9PXD6	True	True	False	True	True	False	A
Q80Z64	P02469	Nanog	Lamb1	True	False	True	True	False	True	A
Q05BA5	P10417	Q05BA5	Bcl2	True	True	False	True	True	False	A
Q3U5D9	Q811L6	Q3U5D9	Mast4	True	False	False	False	False	False	C
B5B2N2	P01580	B5B2N2	Ifng	True	True	False	True	True	False	A
A0A0R4J0Y5	P97494	A0A0R4J0Y5	Gclc	True	True	False	True	True	False	B
Q60795	Q6P8Q0	Nfe2l2	Q6P8Q0	True	True	True	True	True	False	A
Q60795	P13745	Nfe2l2	Gsta1	True	True	True	True	True	False	A
Q60795	P10648	Nfe2l2	Gsta2	True	True	True	True	True	False	A
Q60795	E9Q6L7	Nfe2l2	E9Q6L7	True	True	True	True	True	False	A
Q60795	Q9WU20	Nfe2l2	Mthfr	True	True	False	True	True	False	A
Q02780	P39689	Nfia	Cdkn1a	True	False	True	True	False	True	A
P70255	Q8VC19	Nfic	Alas1	True	True	False	True	True	False	A
P70255	D3Z556	Nfic	D3Z556	True	True	False	True	True	False	A
P70255	P11087	Nfic	Col1a1	True	True	False	True	True	False	A
P70255	Q8K284	Nfic	Gtf3c1	True	True	False	True	True	False	A
P70255	Q8BL74	Nfic	Gtf3c2	True	True	False	True	True	False	A
P70255	A0A0J9YUJ3	Nfic	A0A0J9YUJ3	True	True	False	True	True	False	A
P70255	O54865	Nfic	Gucy1b1	True	True	False	True	True	False	A
P70255	Q08048	Nfic	Hgf	True	True	False	True	True	False	C
P70255	P63158	Nfic	Hmgb1	True	True	False	True	True	False	A
P70255	P51661	Nfic	Hsd11b2	True	True	False	True	True	False	A
P70255	P11688	Nfic	Itga5	True	False	True	True	False	True	A
P70255	P05627	Nfic	Jun	True	True	False	True	True	False	A
P70255	P51942	Nfic	Matn1	True	False	True	True	False	True	A
P70255	O35654	Nfic	Pold2	True	True	False	True	True	False	A
P70255	O54956	Nfic	Pole2	True	True	False	True	True	False	A
P70255	Q9DBP0	Nfic	Slc34a2	True	True	False	True	True	False	A
P25799	Q6GQT1	Nfkb1	A2m	True	True	False	True	True	False	A
P25799	P21447	Nfkb1	Abcb1a	True	True	True	True	True	False	A
P25799	Q60612	Nfkb1	Adora1	True	True	False	True	True	False	A
P25799	Q60613	Nfkb1	Adora2a	True	True	False	True	True	False	C
P25799	Q62151	Nfkb1	Ager	True	True	False	True	True	False	A
P25799	P31750	Nfkb1	Akt1	True	False	True	True	False	True	A
P25799	A0A8Q0P8A2	Nfkb1	A0A8Q0P8A2	True	True	False	True	True	False	A
P25799	Q60765	Nfkb1	Atf3	True	True	False	True	True	False	A
P25799	P01887	Nfkb1	B2m	True	True	False	True	True	False	A
P25799	Q62210	Nfkb1	Birc2	True	True	True	True	True	False	A
P25799	A0A0R4J190	Nfkb1	A0A0R4J190	True	True	False	True	True	False	A
P25799	O88430	Nfkb1	Ccl22	True	True	False	True	True	False	A
P25799	P10855	Nfkb1	Ccl3	True	True	False	True	True	False	A
P25799	P14097	Nfkb1	Ccl4	True	True	False	True	True	False	A
P25799	P30280	Nfkb1	Ccnd2	True	True	False	True	True	False	A
P25799	P47774	Nfkb1	Ccr7	True	True	False	True	True	False	A
P25799	P37217	Nfkb1	Cd69	True	True	False	True	True	False	A
P25799	Q00609	Nfkb1	Cd80	True	True	False	True	True	False	A
P25799	O88324	Nfkb1	Cd83	True	True	False	True	True	False	A
P25799	P42082	Nfkb1	Cd86	True	True	False	True	True	False	A
P25799	P11087	Nfkb1	Col1a1	True	False	True	True	False	True	A
P25799	Q60737	Nfkb1	Csnk2a1	True	True	False	True	True	False	A
P25799	P10605	Nfkb1	Ctsb	True	True	False	True	True	False	A
P25799	P28649	Nfkb1	Cyp19a1	True	False	True	True	False	True	A
P25799	O35084	Nfkb1	Cyp27b1	True	True	False	True	True	False	A
P25799	P22387	Nfkb1	Edn1	True	True	False	True	True	False	A
P25799	Q9EQH2	Nfkb1	Erap1	True	True	False	True	True	False	B
P25799	A0A0R4J088	Nfkb1	A0A0R4J088	True	True	False	True	True	False	A
P25799	Q06194	Nfkb1	F8	True	True	False	True	True	False	A
P25799	P41047	Nfkb1	Faslg	True	True	False	True	True	False	A
P25799	Q9QXD6	Nfkb1	Fbp1	True	True	False	True	True	False	A
P25799	P97946	Nfkb1	Vegfd	True	True	False	True	True	False	A
P25799	Q9R0S0	Nfkb1	Q9R0S0	True	True	False	True	True	False	A
P25799	P48540	Nfkb1	Gdnf	True	True	False	True	True	False	A
P25799	P46425	Nfkb1	Gstp2	True	True	False	True	True	False	A
P25799	P19157	Nfkb1	Gstp1	True	True	False	True	True	False	A
P25799	Q8C2B3	Nfkb1	Hdac7	True	True	False	True	True	False	B
P25799	Q4KN81	Nfkb1	Q4KN81	True	True	False	True	True	False	A
P25799	Q31093	Nfkb1	Q31093	True	True	False	True	True	False	A
P25799	O19441	Nfkb1	O19441	True	True	False	True	True	False	A
P25799	P43431	Nfkb1	Il12a	True	True	False	True	True	False	A
P25799	Q3THS6	Nfkb1	Mat2a	True	True	False	True	True	False	A
P25799	P43432	Nfkb1	Il12b	True	True	True	True	False	True	A
P25799	P70380	Nfkb1	Il18	True	True	False	True	True	False	A
P25799	P15314	Nfkb1	Irf1	True	True	False	True	True	False	A
P25799	P09450	Nfkb1	Junb	True	True	False	True	True	False	A
P25799	F6YRW4	Nfkb1	F6YRW4	True	True	False	True	True	False	B
P25799	P15948	Nfkb1	Klk1b22	True	True	True	True	True	False	A
P25799	P00755	Nfkb1	Klk1b1	True	True	True	True	True	False	A
P25799	Q61754	Nfkb1	Klk1b24	True	True	True	True	True	False	A
P25799	P04071	Nfkb1	Klk1b16	True	True	True	True	True	False	A
P25799	Q61759	Nfkb1	Klk1b21	True	True	True	True	True	False	A
P25799	P15949	Nfkb1	Klk1b9	True	True	True	True	True	False	A
P25799	P15947	Nfkb1	Klk1	True	True	True	True	True	False	A
P25799	Q9JM71	Nfkb1	Klk1b27	True	True	True	True	True	False	A
P25799	P00756	Nfkb1	Klk1b3	True	True	True	True	True	False	A
P25799	P15945	Nfkb1	Klk1b5	True	True	True	True	True	False	A
P25799	P07628	Nfkb1	Klk1b8	True	True	True	True	True	False	A
P25799	P36369	Nfkb1	Klk1b26	True	True	True	True	True	False	A
P25799	P15946	Nfkb1	Klk1b11	True	True	True	True	True	False	A
P25799	P00757	Nfkb1	Klk1b4	True	True	True	True	True	False	A
P25799	P11152	Nfkb1	Lpl	True	True	False	True	True	False	A
P25799	P53690	Nfkb1	Mmp14	True	True	False	True	True	False	A
P25799	P33434	Nfkb1	Mmp2	True	True	False	True	True	False	A
P25799	E9PY55	Nfkb1	E9PY55	True	True	False	True	True	False	B
P25799	E9Q5C9	Nfkb1	Nolc1	True	True	False	True	True	False	A
P25799	P40753	Nfkb1	Nppb	True	True	False	True	True	False	C
P25799	Q9EQ09	Nfkb1	Olr1	True	True	False	True	True	False	C
P25799	P35456	Nfkb1	Plaur	True	True	False	True	True	False	A
P25799	P70453	Nfkb1	Pde7a	True	True	False	True	True	False	A
P25799	P06869	Nfkb1	Plau	True	True	False	True	True	False	A
P25799	Q62035	Nfkb1	Ptafr	True	True	False	True	True	False	A
P25799	G5E8B1	Nfkb1	G5E8B1	True	True	False	True	True	False	A
P25799	P58801	Nfkb1	Ripk2	True	True	False	True	True	False	A
P25799	Q6PEE3	Nfkb1	Rrm2b	True	True	False	True	True	False	A
Q3U5D9	O70583	Q3U5D9	Mid1	True	False	False	False	False	False	C
P25799	Q80X76	Nfkb1	Serpina3f	True	False	True	True	False	True	A
P25799	A0A0R4J0I1	Nfkb1	A0A0R4J0I1	True	False	True	True	False	True	A
P25799	Q03734	Nfkb1	Serpina3m	True	False	True	True	False	True	A
P25799	G3X8T9	Nfkb1	G3X8T9	True	False	True	True	False	True	A
P25799	D3Z450	Nfkb1	D3Z450	True	False	True	True	False	True	A
P25799	P29621	Nfkb1	Serpina3c	True	False	True	True	False	True	A
P25799	Q9D154	Nfkb1	Serpinb1a	True	True	False	True	True	False	A
P25799	Q64337	Nfkb1	Sqstm1	True	True	False	True	True	False	B
P25799	G5E899	Nfkb1	G5E899	True	True	True	True	True	False	A
P25799	O35718	Nfkb1	Socs3	True	True	False	True	True	False	A
P25799	Q9JKD8	Nfkb1	Tbx21	True	True	False	True	True	False	A
P25799	Q62395	Nfkb1	Tff3	True	True	False	True	True	False	A
P25799	P15306	Nfkb1	Thbd	True	False	True	True	False	True	A
P25799	P12032	Nfkb1	Timp1	True	False	True	True	False	True	A
P25799	G3X8Y8	Nfkb1	G3X8Y8	True	True	False	True	True	False	A
P25799	Q80YX1	Nfkb1	Tnc	True	True	False	True	True	False	A
P25799	Q60769	Nfkb1	Tnfaip3	True	True	False	True	True	False	A
P25799	Q9QZM4	Nfkb1	Tnfrsf10b	True	True	False	True	True	False	A
P25799	P50592	Nfkb1	Tnfsf10	True	True	True	True	True	False	A
P25799	Q9QYH9	Nfkb1	Tnfsf14	True	True	False	True	True	False	C
P25799	A0A1D5RMN0	Nfkb1	A0A1D5RMN0	True	True	False	True	True	False	B
P25799	P39428	Nfkb1	Traf1	True	True	False	True	True	False	A
P25799	Q60989	Nfkb1	Xiap	True	True	True	True	True	False	A
Q9WTK5	P84444	Nfkb2	Ccl21a	True	True	False	True	True	False	A
Q9WTK5	P86792	Nfkb2	Ccl21b	True	True	False	True	True	False	A
Q9WTK5	P30280	Nfkb2	Ccnd2	True	True	False	True	True	False	A
Q9WTK5	Q64261	Nfkb2	Cdk6	True	True	False	True	True	False	A
Q9WTK5	Q78PY7	Nfkb2	Snd1	True	True	False	True	True	False	A
P23708	Q6P5B5	Nfya	Q6P5B5	True	True	False	True	True	False	A
P63139	Q6P5B5	Nfyb	Q6P5B5	True	True	False	True	True	False	A
P70353	Q920E5	Nfyc	Fdps	True	True	False	True	True	False	C
P42582	P27792	Nkx2-5	Lyl1	True	True	False	True	True	False	C
G3UYV8	Q9R194	G3UYV8	Cry2	True	True	False	True	True	False	A
Q60641	P21440	Nr1h4	Abcb4	True	True	False	True	True	False	A
Q60641	O54915	Nr1h4	Nr1i2	True	True	False	True	True	False	A
Q32NY6	P09813	Q32NY6	Apoa2	True	False	True	True	False	True	A
P43136	P30730	Nr2f6	Lhcgr	True	False	True	True	False	True	A
P06537	P16951	Nr3c1	Atf2	True	False	True	True	False	True	A
P06537	Q64261	Nr3c1	Cdk6	True	False	True	True	False	True	A
P06537	P27577	Nr3c1	Ets1	True	False	True	True	False	True	A
A0A087WSP5	P06537	A0A087WSP5	Nr3c1	True	False	False	False	False	False	B
O08755	Q08874	Onecut1	Mitf	True	True	False	True	True	False	B
Q9WU00	Q6P5B5	Nrf1	Q6P5B5	True	True	False	True	True	False	A
Q3U5D9	D3YV80	Q3U5D9	D3YV80	True	False	False	False	False	False	C
G3X8Q7	P02340	G3X8Q7	Tp53	True	False	True	True	False	True	A
Q02650	P10417	Pax5	Bcl2	True	False	True	True	False	True	A
Q02650	P20693	Pax5	Fcer2	True	True	False	True	True	False	B
Q02650	P16054	Pax5	Prkce	True	True	False	True	True	False	B
P63015	P11688	Pax6	Itga5	True	True	False	True	True	False	A
P63015	P09055	Pax6	Itgb1	True	True	False	True	True	False	A
P63015	Q8BKZ9	Pax6	Pdhx	True	False	True	True	False	True	A
O35984	Q60954	Pbx2	Meis1	True	True	False	True	True	False	C
Q00175	P15948	Pgr	Klk1b22	True	True	False	True	True	False	A
Q00175	P00755	Pgr	Klk1b1	True	True	False	True	True	False	A
Q00175	Q61754	Pgr	Klk1b24	True	True	False	True	True	False	A
Q00175	P04071	Pgr	Klk1b16	True	True	False	True	True	False	A
Q00175	Q61759	Pgr	Klk1b21	True	True	False	True	True	False	A
Q00175	P15949	Pgr	Klk1b9	True	True	False	True	True	False	A
Q00175	P15947	Pgr	Klk1	True	True	False	True	True	False	A
Q00175	Q9JM71	Pgr	Klk1b27	True	True	False	True	True	False	A
Q00175	P00756	Pgr	Klk1b3	True	True	False	True	True	False	A
Q00175	P15945	Pgr	Klk1b5	True	True	False	True	True	False	A
Q00175	P07628	Pgr	Klk1b8	True	True	False	True	True	False	A
Q00175	P36369	Pgr	Klk1b26	True	True	False	True	True	False	A
Q00175	P15946	Pgr	Klk1b11	True	True	False	True	True	False	A
Q00175	P00757	Pgr	Klk1b4	True	True	False	True	True	False	A
Q04207	Q00175	Rela	Pgr	True	False	True	True	False	True	A
O70477	Q60954	Pknox1	Meis1	True	True	False	True	True	False	C
O70477	P29351	Pknox1	Ptpn6	True	True	False	True	True	False	A
A0A0R4J1Z4	P13562	A0A0R4J1Z4	Gnrh1	True	True	False	True	True	False	A
A0A0R4J1Z4	Q61125	A0A0R4J1Z4	Bdkrb1	True	True	False	True	True	False	A
A0A0R4J1Z4	P70348	A0A0R4J1Z4	Gcm1	True	True	False	True	True	False	A
A0A0R4J1Z4	P06869	A0A0R4J1Z4	Plau	True	True	False	True	True	False	A
A0A0R4J1Z4	Q64693	A0A0R4J1Z4	Pou2af1	True	True	False	True	True	False	A
A0A0R4J1Z4	Q6PEE3	A0A0R4J1Z4	Rrm2b	True	True	False	True	True	False	A
A0A0R4J1Z4	Q8K0S9	A0A0R4J1Z4	Snapc1	True	True	False	True	True	False	A
A0A0R4J1Z4	Q64685	A0A0R4J1Z4	St6gal1	True	True	False	True	True	False	A
P21952	P13562	Pou3f1	Gnrh1	True	True	False	True	True	False	A
P31360	P13562	Pou3f2	Gnrh1	True	True	False	True	True	False	A
P20263	P41136	Pou5f1	Id2	True	False	True	True	False	True	A
P23204	E9Q414	Ppara	Apob	True	True	True	True	True	False	A
P23204	Q8VBT6	Ppara	Apobr	True	False	True	True	False	True	A
P23204	P41245	Ppara	Mmp9	True	False	True	True	False	True	A
Q3U5D9	E9PY55	Q3U5D9	E9PY55	True	False	False	False	False	False	C
P23204	P68369	Ppara	Tuba1a	True	True	True	True	False	True	A
P23204	P05213	Ppara	Tuba1b	True	True	True	True	False	True	A
P35396	P11152	Ppard	Lpl	True	True	False	True	True	False	A
P48437	A0A0A6YWQ4	Prox1	A0A0A6YWQ4	True	False	True	True	False	True	A
P11416	Q61456	Rara	Ccna1	True	False	True	True	False	True	A
P11416	P27577	Rara	Ets1	True	True	False	True	True	False	A
P27577	P11416	Ets1	Rara	True	False	False	False	False	False	B
P11416	Q922B1	Rara	Macrod1	True	False	True	True	False	True	A
P11416	Q4VA93	Rara	Q4VA93	True	True	False	True	True	False	A
P11416	Q99PL7	Rara	Scd3	True	True	False	True	True	False	A
P11416	P13011	Rara	Scd2	True	True	False	True	True	False	A
P11416	P15306	Rara	Thbd	True	True	False	True	True	False	A
P18911	P13597	Rarg	Icam1	True	True	False	True	True	False	A
P16951	P13405	Atf2	Rb1	True	True	False	True	True	False	A
A4QPD3	P97315	A4QPD3	Csrp1	True	True	False	True	True	False	A
A4QPD3	Q60769	A4QPD3	Tnfaip3	True	True	False	True	True	False	A
Q04207	Q62151	Rela	Ager	True	True	False	True	True	False	A
Q04207	P30355	Rela	Alox5ap	True	True	False	True	True	False	C
Q04207	A0A8Q0P8A2	Rela	A0A8Q0P8A2	True	True	False	True	True	False	A
Q04207	Q62210	Rela	Birc2	True	True	True	True	True	False	A
Q04207	P14097	Rela	Ccl4	True	True	False	True	True	False	A
Q04207	P37217	Rela	Cd69	True	True	False	True	True	False	A
Q04207	Q9R0S0	Rela	Q9R0S0	True	True	False	True	True	False	A
Q04207	O88324	Rela	Cd83	True	True	False	True	True	False	A
Q04207	P30285	Rela	Cdk4	True	True	False	True	True	False	A
Q04207	Q64261	Rela	Cdk6	True	True	False	True	True	False	A
Q04207	O35732	Rela	Cflar	True	True	True	True	True	False	A
Q04207	P11087	Rela	Col1a1	True	False	True	True	False	True	A
Q04207	O09106	Rela	Hdac1	True	True	False	True	True	False	A
Q04207	P28481	Rela	Col2a1	True	False	True	True	False	True	A
Q04207	Q63870	Rela	Col7a1	True	True	False	True	True	False	C
Q04207	Q60737	Rela	Csnk2a1	True	True	False	True	True	False	C
Q04207	P10605	Rela	Ctsb	True	True	False	True	True	False	A
Q61501	Q04207	E2f1	Rela	True	True	False	True	True	False	A
Q04207	P97481	Rela	Epas1	True	True	False	True	True	False	A
Q04207	Q9EQH2	Rela	Erap1	True	True	False	True	True	False	C
Q04207	P97946	Rela	Vegfd	True	True	False	True	True	False	A
Q04207	P70380	Rela	Il18	True	True	False	True	True	False	A
Q04207	P01582	Rela	Il1a	True	True	True	True	True	False	A
Q04207	Q64287	Rela	Irf4	True	True	False	True	True	False	A
Q04207	F6YRW4	Rela	F6YRW4	True	True	False	True	True	False	B
Q04207	P15948	Rela	Klk1b22	True	True	True	True	True	False	A
Q04207	P00755	Rela	Klk1b1	True	True	True	True	True	False	A
Q04207	Q61754	Rela	Klk1b24	True	True	True	True	True	False	A
Q04207	P04071	Rela	Klk1b16	True	True	True	True	True	False	A
Q3U5D9	Q60591	Q3U5D9	Nfatc2	True	False	False	False	False	False	C
Q04207	Q61759	Rela	Klk1b21	True	True	True	True	True	False	A
Q04207	P15949	Rela	Klk1b9	True	True	True	True	True	False	A
Q04207	P15947	Rela	Klk1	True	True	True	True	True	False	A
Q04207	Q9JM71	Rela	Klk1b27	True	True	True	True	True	False	A
Q04207	P00756	Rela	Klk1b3	True	True	True	True	True	False	A
Q04207	P15945	Rela	Klk1b5	True	True	True	True	True	False	A
Q04207	P07628	Rela	Klk1b8	True	True	True	True	True	False	A
Q04207	P36369	Rela	Klk1b26	True	True	True	True	True	False	A
Q04207	P15946	Rela	Klk1b11	True	True	True	True	True	False	A
Q04207	P00757	Rela	Klk1b4	True	True	True	True	True	False	A
Q04207	P53690	Rela	Mmp14	True	True	False	True	True	False	A
Q04207	P33434	Rela	Mmp2	True	True	False	True	True	False	A
Q04207	E9QB01	Rela	E9QB01	True	True	False	True	True	False	A
Q04207	E9PY55	Rela	E9PY55	True	True	False	True	True	False	B
Q04207	Q9EST8	Rela	Nfkbiz	True	True	False	True	True	False	B
Q04207	E9Q5C9	Rela	Nolc1	True	True	False	True	True	False	A
Q04207	Q8K3K8	Rela	Optn	True	True	False	True	True	False	A
Q04207	Q8BH04	Rela	Pck2	True	False	True	True	False	True	A
Q04207	P35456	Rela	Plaur	True	True	False	True	True	False	A
Q04207	P35396	Rela	Ppard	True	False	True	True	False	True	A
Q04207	Q924X4	Rela	Q924X4	True	True	False	True	True	False	A
Q04207	G5E8B1	Rela	G5E8B1	True	True	False	True	True	False	A
Q04207	P58801	Rela	Ripk2	True	True	False	True	True	False	A
Q04207	Q9D6D0	Rela	Slc25a27	True	True	False	True	True	False	A
Q04207	Q3ZAS0	Rela	Slc9a2	True	True	False	True	True	False	C
Q04207	Q02085	Rela	Snai1	True	True	False	True	True	False	A
Q04207	A0A3Q4L2T5	Rela	A0A3Q4L2T5	True	True	False	True	True	False	C
Q04207	Q9JKD8	Rela	Tbx21	True	True	False	True	True	False	A
Q04207	P15306	Rela	Thbd	True	False	True	True	False	True	A
Q04207	Q60769	Rela	Tnfaip3	True	True	False	True	True	False	A
Q04207	Q9QZM4	Rela	Tnfrsf10b	True	True	True	True	True	False	A
Q04207	Q8K4K2	Rela	Trib3	True	False	True	True	False	True	A
Q04207	Q60989	Rela	Xiap	True	True	True	True	True	False	A
Q04863	O70460	Relb	Ccl19	True	True	False	True	True	False	A
Q04863	P84444	Relb	Ccl21a	True	True	False	True	True	False	A
Q04863	P86792	Relb	Ccl21b	True	True	False	True	True	False	A
Q04863	P27512	Relb	Cd40	True	True	False	True	True	False	A
Q04863	O70570	Relb	Pigr	True	True	False	True	True	False	A
P48377	P01108	Rfx1	Myc	True	False	True	True	False	True	A
Q9JL61	Q31621	Rfx5	Q31621	True	True	False	True	True	False	A
Q9JL61	Q31094	Rfx5	Q31094	True	True	False	True	True	False	A
Q9JL61	F7AD18	Rfx5	F7AD18	True	True	False	True	True	False	A
Q9JL61	Q9QWV1	Rfx5	Q9QWV1	True	True	False	True	True	False	A
Q9JL61	O35424	Rfx5	O35424	True	True	False	True	True	False	A
Q9JL61	P14438	Rfx5	H2-Aa	True	True	False	True	True	False	A
Q9JL61	P01910	Rfx5	H2-Aa	True	True	False	True	True	False	A
Q9JL61	P04228	Rfx5	H2-Aa	True	True	False	True	True	False	A
Q9JL61	P14436	Rfx5	H2-Aa	True	True	False	True	True	False	A
Q9JL61	P14435	Rfx5	H2-Aa	True	True	False	True	True	False	A
Q9JL61	P14437	Rfx5	H2-Aa	True	True	False	True	True	False	A
Q9JL61	P14434	Rfx5	H2-Aa	True	True	False	True	True	False	A
Q3U5D9	O35375	Q3U5D9	Nrp2	True	False	False	False	False	False	C
Q9JL61	P04227	Rfx5	H2-Aa	True	True	False	True	True	False	A
Q9JL61	A0A494B9M4	Rfx5	A0A494B9M4	True	True	False	True	True	False	A
Q9JL61	O78196	Rfx5	O78196	True	True	False	True	True	False	A
P51448	P68369	Rora	Tuba1a	True	True	False	True	True	False	A
P51448	P05213	Rora	Tuba1b	True	True	False	True	True	False	A
A0A0R4J096	Q62386	A0A0R4J096	Il17a	True	True	False	True	True	False	A
A0A0R4J096	Q9JJY8	A0A0R4J096	Il22b	True	True	False	True	True	False	A
A0A0R4J096	Q9JJY9	A0A0R4J096	Il22	True	True	False	True	True	False	A
A0A087WR05	Q67E05	A0A087WR05	Bpi	True	True	False	True	True	False	C
A0A087WR05	D3YYP8	A0A087WR05	D3YYP8	True	True	False	True	True	False	A
A0A087WR05	Q9Z1B5	A0A087WR05	Mad2l1	True	False	True	True	False	True	A
A0A087WR05	G3UZT5	A0A087WR05	G3UZT5	True	True	False	True	True	False	A
A0A087WR05	P25799	A0A087WR05	Nfkb1	True	True	False	True	True	False	A
A0A087WR05	B1AS24	A0A087WR05	B1AS24	True	True	False	True	True	False	A
Q3U1Q3	O89110	Q3U1Q3	Casp8	True	True	False	True	True	False	A
Q3U1Q3	O35732	Q3U1Q3	Cflar	True	False	True	True	False	True	A
Q3U1Q3	P41245	Q3U1Q3	Mmp9	True	False	True	True	False	True	A
Q3U1Q3	A0A0J9YTU7	Q3U1Q3	A0A0J9YTU7	True	True	False	True	True	False	A
P28700	B2RX12	Rxra	Abcc3	True	False	True	True	False	True	A
P28700	Q924X2	Rxra	Cpt1b	True	True	False	True	True	False	A
Q8BX22	Q64318	Sall4	Zeb1	True	True	False	True	True	False	A
P97471	Q63870	Smad4	Col7a1	True	True	False	True	True	False	A
P70340	O08712	Smad1	Tnfrsf11b	True	True	False	True	True	False	A
Q8BUN5	Q3U5D9	Smad3	Q3U5D9	True	True	False	True	True	False	A
Q8BUN5	Q63870	Smad3	Col7a1	True	True	False	True	True	False	A
Q8BUN5	Q9EQC7	Smad3	Fstl3	True	True	False	True	True	False	A
Q8BUN5	P22893	Smad3	Zfp36	True	True	False	True	True	False	A
P97471	Q3U5D9	Smad4	Q3U5D9	True	True	False	True	True	False	A
P97471	Q3ULA2	Smad4	Btrc	True	False	True	True	False	True	A
P97471	Q9QYB2	Smad4	Dach1	True	False	True	True	False	True	A
P97471	P07321	Smad4	Epo	True	True	False	True	True	False	A
P97471	P22893	Smad4	Zfp36	True	True	False	True	True	False	A
P01101	Q3TKT4	Fos	Smarca4	True	False	False	False	False	False	C
Q02085	Q06186	Snai1	Hbegf	True	True	False	True	True	False	A
Q02085	Q80YQ1	Snai1	Q80YQ1	True	False	True	True	False	True	A
P97469	A0A0R4J0N8	Snai2	A0A0R4J0N8	True	True	False	True	True	False	A
P97469	Q9QXX0	Snai2	Jag1	True	True	False	True	True	False	A
Q60I23	P61372	Q60I23	Isl1	True	False	True	True	False	True	A
Q60I23	P15409	Q60I23	Rho	True	False	True	True	False	True	A
Q06831	Q8VH37	Sox4	Hdac8	True	True	False	True	True	False	A
P40645	P02340	Sox6	Tp53	True	True	False	True	True	False	A
A0A979HLR9	Q61282	A0A979HLR9	Acan	True	True	False	True	True	False	A
A0A979HLR9	O35598	A0A979HLR9	Adam10	True	True	False	True	True	False	A
A0A979HLR9	P97718	A0A979HLR9	Adra1a	True	True	False	True	True	False	A
A0A979HLR9	P30545	A0A979HLR9	Adra2b	True	True	False	True	True	False	A
A0A979HLR9	Q3UTR7	A0A979HLR9	Q3UTR7	True	True	False	True	True	False	A
A0A979HLR9	P31955	A0A979HLR9	Areg	True	True	False	True	True	False	A
A0A979HLR9	Q2VLH6	A0A979HLR9	Cd163	True	True	False	True	True	False	A
A0A979HLR9	O88324	A0A979HLR9	Cd83	True	True	False	True	True	False	A
A0A979HLR9	D3Z556	A0A979HLR9	D3Z556	True	True	False	True	True	False	A
A0A979HLR9	Q64505	A0A979HLR9	Cyp7a1	True	True	False	True	True	False	A
A0A979HLR9	A0A0J9YUX1	A0A979HLR9	A0A0J9YUX1	True	True	False	True	True	False	C
A0A979HLR9	O88703	A0A979HLR9	Hcn2	True	True	False	True	True	False	A
A0A979HLR9	Q6NZM9	A0A979HLR9	Hdac4	True	True	False	True	True	False	A
A0A979HLR9	P01900	A0A979HLR9	H2-D1	True	True	False	True	True	False	A
A0A979HLR9	A7VMS6	A0A979HLR9	A7VMS6	True	True	False	True	True	False	A
A0A979HLR9	P14429	A0A979HLR9	H2-Q7	True	True	False	True	True	False	A
A0A979HLR9	P01895	A0A979HLR9	H2-D1	True	True	False	True	True	False	A
A0A979HLR9	P14426	A0A979HLR9	H2-D1	True	True	False	True	True	False	A
A0A979HLR9	P01898	A0A979HLR9	H2-Q10	True	True	False	True	True	False	A
A0A979HLR9	P01899	A0A979HLR9	H2-D1	True	True	False	True	True	False	A
A0A979HLR9	P14427	A0A979HLR9	H2-D1	True	True	False	True	True	False	A
A0A979HLR9	P09024	A0A979HLR9	Hoxb7	True	True	False	True	True	False	A
A0A979HLR9	P51656	A0A979HLR9	Hsd17b1	True	True	False	True	True	False	A
A0A979HLR9	Q64264	A0A979HLR9	Htr1a	True	True	False	True	True	False	A
A0A979HLR9	P16297	A0A979HLR9	Il2rb	True	True	False	True	True	False	A
A0A979HLR9	P19001	A0A979HLR9	Krt19	True	True	False	True	True	False	A
A0A979HLR9	Q922U2	A0A979HLR9	Krt5	True	True	False	True	True	False	A
A0A979HLR9	Q99LB6	A0A979HLR9	Mat2b	True	True	False	True	True	False	A
A0A979HLR9	Q9DB27	A0A979HLR9	Mcts1	True	True	False	True	True	False	A
A0A979HLR9	Q61391	A0A979HLR9	Mme	True	True	False	True	True	False	A
A0A979HLR9	P0DOV2	A0A979HLR9	Ifi204	True	True	False	True	True	False	A
A0A979HLR9	D0QMC3	A0A979HLR9	Mndal	True	True	False	True	True	False	A
A0A979HLR9	Q8CGE8	A0A979HLR9	Ifi205a	True	True	False	True	True	False	A
A0A979HLR9	Q04841	A0A979HLR9	Mpg	True	True	False	True	True	False	A
A0A979HLR9	Q9WTK5	A0A979HLR9	Nfkb2	True	True	False	True	True	False	A
A0A979HLR9	P12813	A0A979HLR9	Nr4a1	True	True	False	True	True	False	B
A0A979HLR9	Q8K0A8	A0A979HLR9	Q8K0A8	True	True	False	True	True	False	A
A0A979HLR9	P35486	A0A979HLR9	Pdha1	True	True	False	True	True	False	A
A0A979HLR9	G5E898	A0A979HLR9	G5E898	True	True	False	True	True	False	A
A0A979HLR9	P51448	A0A979HLR9	Rora	True	True	False	True	True	False	A
A0A979HLR9	Q9Z127	A0A979HLR9	Slc7a5	True	True	False	True	True	False	B
A0A979HLR9	Q64685	A0A979HLR9	St6gal1	True	True	False	True	True	False	B
A0A979HLR9	A0A0R4J071	A0A979HLR9	A0A0R4J071	True	True	False	True	True	False	A
A0A979HLR9	Q9QYH9	A0A979HLR9	Tnfsf14	True	True	False	True	True	False	A
A0A979HLR9	Q00899	A0A979HLR9	Yy1	True	True	False	True	True	False	A
Q8BNQ4	O88509	Q8BNQ4	Dnmt3b	True	True	False	True	True	False	A
O70494	Q67E05	Sp3	Bpi	True	True	False	True	True	False	A
O70494	P10810	Sp3	Cd14	True	True	False	True	True	False	A
O70494	O88324	Sp3	Cd83	True	True	False	True	True	False	A
O70494	P27786	Sp3	Cyp17a1	True	True	False	True	True	False	A
O70494	Q9WVK8	Sp3	Cyp46a1	True	True	False	True	True	False	C
O70494	Q8BWY3	Sp3	Etf1	True	False	True	True	False	True	A
O70494	A0A0J9YUX1	Sp3	A0A0J9YUX1	True	True	False	True	True	False	C
O70494	P09024	Sp3	Hoxb7	True	True	False	True	True	False	A
O70494	P54276	Sp3	Msh6	True	True	False	True	True	False	A
O70494	P51448	Sp3	Rora	True	True	False	True	True	False	A
O70494	Q99PL8	Sp3	Slc19a3	True	True	False	True	True	False	A
O70494	P56564	Sp3	Slc1a3	True	True	False	True	True	False	A
O70494	A0A0R4J071	Sp3	A0A0R4J071	True	True	False	True	True	False	A
O70494	Q6PI17	Sp3	Q6PI17	True	True	False	True	True	False	A
A0A1Y7VJR5	P70424	A0A1Y7VJR5	Erbb2	True	True	False	True	True	False	A
A0A1Y7VJR5	P23440	A0A1Y7VJR5	Pde6b	True	True	False	True	True	False	A
A0A1Y7VJR5	Q00899	A0A1Y7VJR5	Yy1	True	True	False	True	True	False	A
Q9WTP3	O88312	Spdef	Agr2	True	True	False	True	True	False	A
P17433	Q67E05	Spi1	Bpi	True	True	False	True	True	False	A
P17433	Q2VLH6	Spi1	Cd163	True	True	False	True	True	False	A
P17433	P35329	Spi1	Cd22	True	True	False	True	True	False	A
P17433	Q00941	Spi1	Csf2ra	True	True	False	True	True	False	A
P17433	P04401	Spi1	Il5	True	True	False	True	True	False	A
P17433	Q922B1	Spi1	Macrod1	True	False	True	True	False	True	A
P17433	P0DOV2	Spi1	Ifi204	True	True	False	True	True	False	A
P17433	D0QMC3	Spi1	Mndal	True	True	False	True	True	False	A
P17433	Q8CGE8	Spi1	Ifi205a	True	True	False	True	True	False	A
P17433	P30204	Spi1	Msr1	True	True	False	True	True	False	A
P17433	Q8BFU7	Spi1	P2ry10	True	True	False	True	True	False	A
P17433	Q61009	Spi1	Scarb1	True	True	False	True	True	False	A
P17433	O35114	Spi1	Scarb2	True	True	False	True	True	False	A
Q8R0K9	Q62318	E2f4	Trim28	True	False	False	False	False	False	B
P17433	P70315	Spi1	Was	True	True	False	True	True	False	A
O35906	P70434	Spib	Irf7	True	False	True	True	False	True	A
Q3U1N2	P51162	Srebf2	Fabp6	True	True	False	True	True	False	C
Q3U1N2	P27656	Srebf2	Lipc	True	True	False	True	True	False	C
Q9JM73	P68134	Srf	Acta1	True	True	False	True	True	False	A
Q9JM73	P48755	Srf	Fosl1	True	True	False	True	True	False	A
Q3U5D9	Q8BYK5	Q3U5D9	Phactr3	True	False	False	False	False	False	C
Q9JM73	P33434	Srf	Mmp2	True	True	False	True	True	False	A
Q9JM73	Q9CQ19	Srf	Myl9	True	True	False	True	True	False	B
Q9JM73	Q8CBY1	Srf	Samd4a	True	True	False	True	True	False	A
A0A087WSP5	P12023	A0A087WSP5	App	True	True	False	True	True	False	A
A0A087WSP5	P10855	A0A087WSP5	Ccl3	True	True	False	True	True	False	A
A0A087WSP5	P51675	A0A087WSP5	Ccr1	True	True	False	True	True	False	A
A0A087WSP5	Q6PZD9	A0A087WSP5	Cebpe	True	True	False	True	True	False	A
A0A087WSP5	P26361	A0A087WSP5	Cftr	True	True	True	True	True	False	A
A0A087WSP5	P10605	A0A087WSP5	Ctsb	True	True	False	True	True	False	A
A0A087WSP5	Q01279	A0A087WSP5	Egfr	True	True	False	True	True	False	A
A0A087WSP5	A0A0J9YUX1	A0A087WSP5	A0A0J9YUX1	True	False	True	True	False	True	A
A0A087WSP5	P14901	A0A087WSP5	Hmox1	True	True	False	True	True	False	A
A0A087WSP5	P13504	A0A087WSP5	Il1r1	True	False	True	True	False	True	A
A0A087WSP5	P01590	A0A087WSP5	Il2ra	True	True	False	True	True	False	A
A0A087WSP5	Q9QWL7	A0A087WSP5	Krt17	True	True	False	True	True	False	A
A0A087WSP5	Q9JHI8	A0A087WSP5	Nox4	True	True	False	True	True	False	C
A0A087WSP5	P06803	A0A087WSP5	Pim1	True	True	False	True	True	False	A
A0A087WSP5	Q9JJ00	A0A087WSP5	Plscr1	True	True	False	True	True	False	A;D
A0A087WSP5	P12032	A0A087WSP5	Timp1	True	True	False	True	True	False	A
A0A087WSP5	Q99MB1	A0A087WSP5	Tlr3	True	True	False	True	True	False	A
A0A087WSP5	P02340	A0A087WSP5	Tp53	True	True	False	True	True	False	A
P02340	A0A087WSP5	Tp53	A0A087WSP5	True	True	False	False	False	False	A
A0A087WSP5	A0A0R4J003	A0A087WSP5	A0A0R4J003	True	True	False	True	True	False	A
Q3V157	Q9JHI8	Q3V157	Nox4	True	True	False	True	True	False	C
Q3V157	P06803	Q3V157	Pim1	True	True	False	True	True	False	A
Q3U5D9	Q9Z1B3	Q3U5D9	Plcb1	True	False	False	False	False	False	C
Q3V157	O35718	Q3V157	Socs3	True	False	True	True	False	True	A
P42230	Q64285	Stat5a	Cel	True	True	False	True	True	False	A
P42232	P41183	Stat5b	Bcl6	True	True	True	True	True	False	A
P42232	Q64285	Stat5b	Cel	True	True	False	True	True	False	A
P42232	O08537	Stat5b	Esr2	True	True	False	True	True	False	A
P42232	P01580	Stat5b	Ifng	True	True	False	True	True	False	A
P22091	Q64314	Tal1	Cd34	True	False	True	True	False	True	A
P22091	P81270	Tal1	Erg	True	True	False	True	True	False	A
P29037	P56959	Tbp	Fus	True	False	True	True	False	True	A
P70326	P55271	Tbx5	Cdkn2b	True	True	False	True	True	False	A
E9PVV1	Q64261	E9PVV1	Cdk6	True	False	True	True	False	True	A
A0A0J9YTU7	P21447	A0A0J9YTU7	Abcb1a	True	True	False	True	True	False	A
A0A0J9YTU7	P25322	A0A0J9YTU7	Ccnd1	True	True	False	True	True	False	A
A0A0J9YTU7	A2APM2	A0A0J9YTU7	A2APM2	True	True	False	True	True	False	B
P05627	A0A0J9YTU7	Jun	A0A0J9YTU7	True	False	False	False	False	False	C
A0A0J9YTU7	P0DI97	A0A0J9YTU7	Nrxn1	True	True	False	True	True	False	A
A0A0J9YTU7	Q9CS84	A0A0J9YTU7	Nrxn1	True	True	False	True	True	False	A
Q61313	Q61616	Tfap2b	Drd1	True	True	False	True	True	False	A
A0A0J9YTU7	P20152	A0A0J9YTU7	Vim	True	True	False	True	True	False	A
A0A0J9YTU7	P22724	A0A0J9YTU7	Wnt4	True	True	False	True	True	False	C
A0A5K1VVQ7	P97469	A0A5K1VVQ7	Snai2	True	True	False	True	True	False	A
E9QQ91	P21447	E9QQ91	Abcb1a	True	True	False	True	True	False	A
E9QQ91	Q02248	E9QQ91	Ctnnb1	True	True	False	True	True	False	A
E9QQ91	Q5SXA9	E9QQ91	Wwc1	True	True	False	True	True	False	B
E9QQ91	P97469	E9QQ91	Snai2	True	True	False	True	True	False	A
Q61312	P22935	Tfap2c	Crabp2	True	True	False	True	True	False	A
Q61312	P33434	Tfap2c	Mmp2	True	True	False	True	True	False	A
Q61312	Q9D566	Tfap2c	Q9D566	True	True	False	True	True	False	A
Q08639	P49817	Tfdp1	Cav1	True	True	False	True	True	False	A
Q08639	P11440	Tfdp1	Cdk1	True	True	False	True	True	False	A
Q08639	P07742	Tfdp1	Rrm1	True	True	False	True	True	False	A
Q08639	P07607	Tfdp1	Tyms	True	True	False	True	True	False	A
P02340	P12246	Tp53	Apcs	True	True	False	True	True	False	A
A0A087WR05	Q08122	A0A087WR05	Tle3	True	False	False	False	False	False	B
P02340	Q9CZ52	Tp53	Antxr1	True	True	False	True	True	False	A
P02340	Q3UHD1	Tp53	Adgrb1	True	True	False	True	True	False	A
P02340	Q3U148	Tp53	Q3U148	True	True	False	True	True	False	A
P02340	A0A1Y7VML1	Tp53	A0A1Y7VML1	True	False	True	True	False	True	A
P02340	Q6S7F2	Tp53	E2f7	True	True	False	True	True	False	A
P02340	P15655	Tp53	Fgf2	True	False	True	True	False	True	A
P02340	A0A087WQL5	Tp53	A0A087WQL5	True	True	False	True	True	False	A
P02340	G5E8L7	Tp53	G5E8L7	True	True	False	True	True	False	A
P02340	Q6P571	Tp53	Q6P571	True	True	False	True	True	False	A
P02340	P58389	Tp53	Ptpa	True	False	True	True	False	True	A
P02340	Q9JL95	Tp53	Prg3	True	True	False	True	True	False	A
P02340	O35719	Tp53	Rad51b	True	True	False	True	True	False	A
P02340	Q8BUN5	Tp53	Smad3	True	True	False	True	True	False	B
P02340	P30875	Tp53	Sstr2	True	False	True	True	False	True	A
P02340	P36423	Tp53	Tbxas1	True	False	True	True	False	True	A
P02340	E9QQ91	Tp53	E9QQ91	True	False	True	True	False	True	A
O88898	A0A0J9YTU7	Tp63	A0A0J9YTU7	True	True	False	True	True	False	A
Q9JJP2	Q3U148	Tp73	Q3U148	True	True	False	True	True	False	A
Q61069	Q9QXD6	Usf1	Fbp1	True	True	False	True	True	False	A
P26687	P01101	Twist1	Fos	True	True	False	True	True	False	A
Q61069	P20489	Usf1	Fcer1a	True	True	False	True	True	False	A
P26687	P33434	Twist1	Mmp2	True	True	False	True	True	False	A
P26687	Q32NY6	Twist1	Q32NY6	True	True	False	True	True	False	A
P26687	Q9R0M3	Twist1	Srpx	True	False	True	True	False	True	A
P26687	P12032	Twist1	Timp1	True	False	True	True	False	True	A
Q64705	P48754	Usf2	Brca1	True	True	False	True	True	False	A
Q61069	P27656	Usf1	Lipc	True	True	False	True	True	False	A
A5D6P6	P33434	A5D6P6	Mmp2	True	True	False	True	True	False	A
A5D6P6	Q32NY6	A5D6P6	Q32NY6	True	True	False	True	True	False	A
Q61069	P41139	Usf1	Id4	True	True	False	True	True	False	A
Q61069	Q9JL16	Usf1	Isg20	True	True	False	True	True	False	A
A5D6P6	Q9R0M3	A5D6P6	Srpx	True	False	True	True	False	True	A
Q61069	P01887	Usf1	B2m	True	True	False	True	True	False	A
Q61069	P18242	Usf1	Ctsd	True	True	False	True	True	False	A
Q61069	Q8VDD5	Usf1	Myh9	True	True	False	True	True	False	A
Q61069	P29351	Usf1	Ptpn6	True	True	False	True	True	False	A
Q61069	P56564	Usf1	Slc1a3	True	True	False	True	True	False	A
Q61069	P07607	Usf1	Tyms	True	True	False	True	True	False	A
Q64705	Q03265	Usf2	Atp5f1a	True	True	False	True	True	False	A
Q64705	P01887	Usf2	B2m	True	True	False	True	True	False	A
Q64705	P08920	Usf2	Cd2	True	True	False	True	True	False	A
Q64705	P18242	Usf2	Ctsd	True	True	False	True	True	False	A
Q64705	A0A0R4J0N8	Usf2	A0A0R4J0N8	True	True	False	True	True	False	A
Q64705	Q9QXD6	Usf2	Fbp1	True	True	False	True	True	False	A
Q64705	P20489	Usf2	Fcer1a	True	True	False	True	True	False	A
Q64705	P27656	Usf2	Lipc	True	True	False	True	True	False	A
Q64705	Q8VDD5	Usf2	Myh9	True	True	False	True	True	False	A
Q64705	P52946	Usf2	Pdx1	True	True	False	True	True	False	A
Q64705	P29351	Usf2	Ptpn6	True	True	False	True	True	False	A
Q64705	P41438	Usf2	Slc19a1	True	True	False	True	True	False	A
P48281	E9PX52	Vdr	E9PX52	True	True	False	True	True	False	A
P48281	O35185	Vdr	Bhlhe40	True	True	False	True	True	False	A
P48281	P12658	Vdr	Calb1	True	True	False	True	True	False	A
F6Y2T6	Q99KN2	F6Y2T6	Ciao1	True	False	True	True	False	True	A
F6Y2T6	P16297	F6Y2T6	Il2rb	True	True	False	True	True	False	A
F6Y2T6	P33242	F6Y2T6	Nr5a1	True	False	True	True	False	True	A
F6Y2T6	P63280	F6Y2T6	Ube2i	True	False	True	True	False	True	A
P62960	P52293	Ybx1	Kpna2	True	False	True	True	False	True	A
P62960	Q80YR6	Ybx1	Rbbp8	True	False	True	True	False	True	A
P62960	P63166	Ybx1	Sumo1	True	False	True	True	False	True	A
Q00899	F8VPR5	Yy1	F8VPR5	True	False	True	True	False	True	A
Q00899	P97481	Yy1	Epas1	True	False	True	True	False	True	A
Q00899	Q9Z0F1	Yy1	Gnas	True	True	False	True	True	False	B
Q00899	Q6R0H6	Yy1	Gnas	True	True	False	True	True	False	B
Q00899	P63094	Yy1	Gnas	True	True	False	True	True	False	B
Q00899	Q6R0H7	Yy1	Gnas	True	True	False	True	True	False	B
Q00899	Q6ZPV2	Yy1	Ino80	True	True	False	True	True	False	C
Q00899	O35253	Yy1	Smad7	True	True	False	True	True	False	B
Q00899	Q9QZM4	Yy1	Tnfrsf10b	True	True	True	True	False	True	A
P53566	Q3UQ17	Cebpa	Q3UQ17	True	False	False	False	False	False	B
O88939	Q9WUA3	Zbtb7a	Pfkp	True	False	True	True	False	True	A
Q64318	Q9QZS0	Zeb1	Col4a3	True	False	True	True	False	True	C
Q9R0G7	P32443	Zeb2	Meox2	True	False	True	True	False	True	A
P20263	Q9R0G7	Pou5f1	Zeb2	True	False	False	False	False	False	C
E9Q2D3	Q91X88	E9Q2D3	Pomgnt1	True	False	True	True	False	True	A
B2RXC5	P52927	Znf382	Hmga2	True	False	True	True	False	True	A
P53566	P31266	Cebpa	Rbpj	True	False	False	False	False	False	B
P31266	P20693	Rbpj	Fcer2	True	True	False	True	True	False	A
P23772	P31266	Gata3	Rbpj	True	False	False	False	False	False	B
P17433	P31266	Spi1	Rbpj	True	False	False	False	False	False	B
A0A5K1VVQ7	P31266	A0A5K1VVQ7	Rbpj	True	False	False	False	False	False	C
P47806	P30280	Gli1	Ccnd2	True	True	False	True	True	False	A
Q3U5D9	Q9EQZ6	Q3U5D9	Rapgef4	True	False	False	False	False	False	C
Q01147	P22605	Creb1	Rarb	True	True	False	True	True	False	A
Q3U5D9	Q91W59	Q3U5D9	Rbms1	True	False	False	False	False	False	C
Q3U5D9	A0A087WR05	Q3U5D9	A0A087WR05	True	False	False	False	False	False	C
Q0VGT2	P25322	Gli2	Ccnd1	True	True	False	True	True	False	A
Q0VGT2	Q3U962	Gli2	Col5a2	True	True	False	True	True	False	A
Q0VGT2	Q8BPB5	Gli2	Efemp1	True	False	True	True	False	True	A
Q0VGT2	P70377	Gli2	Fgf13	True	True	False	True	True	False	A
Q0VGT2	P15261	Gli2	Ifngr1	True	False	True	True	False	True	A
Q0VGT2	P51885	Gli2	Lum	True	False	True	True	False	True	A
Q0VGT2	P17918	Gli2	Pcna	True	True	False	True	True	False	A
Q0VGT2	O88693	Gli2	Ugcg	True	False	True	True	False	True	A
Q60644	O35185	Nr1h2	Bhlhe40	True	True	False	True	True	False	A
O70494	P51656	Sp3	Hsd17b1	True	True	False	True	True	False	A
Q3U1N2	Q9QXG4	Srebf2	Acss2	True	True	False	True	True	False	C
Q3U1N2	P70245	Srebf2	Ebp	True	True	False	True	True	False	A
Q3U1N2	P19096	Srebf2	Fasn	True	True	False	True	True	False	B
Q3U1N2	Q8BGI3	Srebf2	Insig1	True	True	False	True	True	False	A
Q3U1N2	Q922E4	Srebf2	Pcyt2	True	True	False	True	True	False	A
Q3U1N2	Q9WTN3	Srebf2	Srebf1	True	True	False	False	False	False	C
Q9WTN3	Q3U1N2	Srebf1	Srebf2	True	True	False	True	True	False	C
Q3U1N2	Q80SX0	Srebf2	Q80SX0	True	True	False	True	True	False	A
P53566	Q571F8	Cebpa	Gls2	True	True	False	True	True	False	A
P53566	Q99PL7	Cebpa	Scd3	True	True	False	True	True	False	A
P53566	P13011	Cebpa	Scd2	True	True	False	True	True	False	A
P53566	Q00623	Cebpa	Apoa1	True	True	False	True	True	False	A
P53566	A0A0R4J1N3	Cebpa	A0A0R4J1N3	True	True	False	True	True	False	A
P53566	P26361	Cebpa	Cftr	True	True	False	True	True	False	A
Q9WTN3	Q8JZK9	Srebf1	Hmgcs1	True	True	False	True	True	False	A
Q9WTN3	Q8BGI3	Srebf1	Insig1	True	True	False	True	True	False	A
Q9WTN3	Q922E4	Srebf1	Pcyt2	True	True	False	True	True	False	A
Q9WTN3	Q64143	Srebf1	Pik3r3	True	True	False	True	True	False	A
Q9WTN3	A0A1L1ST33	Srebf1	A0A1L1ST33	True	True	False	True	True	False	A
Q9WTN3	P52019	Srebf1	Sqle	True	True	False	True	True	False	A
Q9R1E0	P24823	Foxo1	Alpg	True	True	False	True	True	False	A
Q9R1E0	F8VQM0	Foxo1	F8VQM0	True	True	False	True	True	False	A
Q9R1E0	F8VPQ6	Foxo1	F8VPQ6	True	True	False	True	True	False	A
Q9R1E0	P24860	Foxo1	Ccnb1	True	False	True	True	False	True	A
Q9R1E0	P30276	Foxo1	Ccnb2	True	False	True	True	False	True	A
Q9R1E0	O08918	Foxo1	Ccng2	True	True	False	True	True	False	A
Q9R1E0	Q60773	Foxo1	Cdkn2d	True	True	False	True	True	False	A
Q9R1E0	Q9D8X5	Foxo1	Cnot8	True	True	False	True	True	False	A
Q9R1E0	Q8BPM0	Foxo1	Daam1	True	True	False	True	True	False	A
Q9R1E0	Q8BFV3	Foxo1	Dusp4	True	False	True	True	False	True	A
Q9R1E0	P41971	Foxo1	Elk3	True	False	True	True	False	True	C
Q9R1E0	P49718	Foxo1	Mcm5	True	False	True	True	False	True	A
Q9R1E0	P18654	Foxo1	Rps6ka3	True	True	False	True	True	False	A
Q9R1E0	Q9JJG6	Foxo1	Tmem47	True	True	False	True	True	False	A
Q61221	Q8BVF7	Hif1a	Aph1a	True	True	False	True	True	False	A
Q61221	P12382	Hif1a	Pfkl	True	True	False	True	True	False	A
Q61221	O35185	Hif1a	Bhlhe40	True	True	False	True	True	False	A
Q61221	Q62395	Hif1a	Tff3	True	True	False	True	True	False	A
P25799	A0A087WPA7	Nfkb1	A0A087WPA7	True	True	False	True	True	False	A
P25799	A0A0R4IZW4	Nfkb1	A0A0R4IZW4	True	True	False	True	True	False	A
P25799	P20152	Nfkb1	Vim	True	True	False	True	True	False	A
Q04863	P21447	Relb	Abcb1a	True	True	False	True	True	False	A
Q3U5D9	Q80TE4	Q3U5D9	Sipa1l2	True	False	False	False	False	False	C
A0A979HLR9	P48967	A0A979HLR9	Cdc25c	True	True	False	True	True	False	A
A0A979HLR9	P17918	A0A979HLR9	Pcna	True	True	False	True	True	False	A
A0A979HLR9	P06803	A0A979HLR9	Pim1	True	True	False	True	True	False	A
A0A979HLR9	Q9WU39	A0A979HLR9	Scnn1g	True	True	False	True	True	False	A
A0A979HLR9	P22091	A0A979HLR9	Tal1	True	True	False	True	True	False	A
A0A979HLR9	P17751	A0A979HLR9	Tpi1	True	True	False	True	True	False	A
A0A979HLR9	P97931	A0A979HLR9	Ung	True	True	False	True	True	False	A
A0A979HLR9	P68134	A0A979HLR9	Acta1	True	True	False	True	True	False	A
A0A979HLR9	P68033	A0A979HLR9	Actc1	True	True	False	True	True	False	A
Q3U5D9	Q8R3L5	Q3U5D9	Slco3a1	True	False	False	False	False	False	C
A0A979HLR9	P97471	A0A979HLR9	Smad4	True	True	False	True	True	False	A
E9QQ91	O88566	E9QQ91	Axin2	True	True	False	True	True	False	A
E9QQ91	A2APM2	E9QQ91	A2APM2	True	True	False	True	True	False	A
E9QQ91	O54908	E9QQ91	Dkk1	True	True	False	True	True	False	A
E9QQ91	O89101	E9QQ91	Fgf18	True	True	False	True	True	False	A
E9QQ91	Q0VGT2	E9QQ91	Gli2	True	True	False	True	True	False	A
E9QQ91	P27782	E9QQ91	Lef1	True	True	False	True	True	False	A
E9QQ91	Q3UN27	E9QQ91	Q3UN27	True	True	False	True	True	False	A
E9QQ91	Q9JHX2	E9QQ91	Sp5	True	True	False	True	True	False	A
E9QQ91	A0A5K1VVQ7	E9QQ91	A0A5K1VVQ7	True	True	False	True	True	False	A
E9QQ91	O08712	E9QQ91	Tnfrsf11b	True	True	False	True	True	False	A
E9QQ91	P20152	E9QQ91	Vim	True	True	True	True	True	False	A
P02340	Q8K120	Tp53	Nfatc4	True	False	True	True	False	True	A
P02340	Q9D976	Tp53	Q9D976	True	True	False	True	True	False	A
P02340	Q3URU2	Tp53	Peg3	True	True	False	True	True	False	A
P02340	Q9WV95	Tp53	Phlda3	True	True	False	True	True	False	B
P02340	Q9ERV7	Tp53	Pidd1	True	True	False	True	True	False	A
P02340	A0A0J9YTU7	Tp53	A0A0J9YTU7	True	False	True	True	False	True	C
P02340	Q9QXE4	Tp53	Trp53inp1	True	True	False	True	True	False	A
P01108	P56390	Myc	Cks2	True	True	False	True	True	False	A
P02340	P07147	Tp53	Tyrp1	True	True	False	True	True	False	A
P02340	P70211	Tp53	Dcc	True	True	False	True	True	False	A
P02340	P07742	Tp53	Rrm1	True	True	False	True	True	False	A
P02340	Q9JL10	Tp53	Sertad1	True	True	False	True	True	False	A
P01108	Q8R010	Myc	Aimp2	True	True	False	True	True	False	A
P01108	P28563	Myc	Dusp1	True	False	True	True	False	True	A
P01108	P11438	Myc	Lamp1	True	False	True	True	False	True	A
P01108	P16125	Myc	Ldhb	True	True	False	True	True	False	A
P01108	P43247	Myc	Msh2	True	True	False	True	True	False	A
P01108	Q9D6Z1	Myc	Nop56	True	True	False	True	True	False	A
P01108	Q99KR7	Myc	Ppif	True	True	False	True	True	False	A
P01108	P47963	Myc	Rpl13	True	True	False	True	True	False	A
P01108	P62830	Myc	Rpl23	True	True	False	True	True	False	A
P01108	P62911	Myc	Rpl32	True	True	False	True	True	False	A
P01108	P47911	Myc	Rpl6	True	True	False	True	True	False	A
P01108	P62245	Myc	Rps15a	True	True	False	True	True	False	A
P01108	P60867	Myc	Rps20	True	True	False	True	True	False	A
P01108	Q61009	Myc	Scarb1	True	True	False	True	True	False	A
P01108	P62320	Myc	Snrpd3	True	True	False	True	True	False	A
P01108	Q9CQN1	Myc	Trap1	True	True	False	True	True	False	A
Q32NY6	Q3UTR7	Q32NY6	Q3UTR7	True	False	True	True	False	True	A
Q8BUN5	Q9CR42	Smad3	Ankrd1	True	True	False	True	True	False	A
Q8BUN5	P11087	Smad3	Col1a1	True	True	False	True	True	False	A
Q8BUN5	P08121	Smad3	Col3a1	True	True	False	True	True	False	A
Q8BUN5	Q04857	Smad3	Col6a1	True	True	False	True	True	False	A
Q8BUN5	D3YWD1	Smad3	D3YWD1	True	True	False	True	True	False	A
Q8BUN5	A0A0B4J1F0	Smad3	A0A0B4J1F0	True	True	False	True	True	False	A
Q8BUN5	D3YVY2	Smad3	D3YVY2	True	True	False	True	True	False	A
Q8BUN5	P12032	Smad3	Timp1	True	True	False	True	True	False	A
Q08369	P03958	Gata4	Ada	True	True	False	True	True	False	A
P52946	P03958	Pdx1	Ada	True	True	False	True	True	False	A
P27782	E9Q557	Lef1	Dsp	True	False	True	True	False	True	A
P97471	P18406	Smad4	Ccn1	True	True	False	True	True	False	A
P97471	P97812	Smad4	Ihh	True	True	False	True	True	False	A
P97471	D3YVY2	Smad4	D3YVY2	True	True	False	True	True	False	A
P97471	P42582	Smad4	Nkx2-5	True	True	False	True	True	False	A
P97471	Q924X4	Smad4	Q924X4	True	True	False	True	True	False	A
Q9WTK5	Q64373	Nfkb2	Bcl2l1	True	True	False	True	True	False	A
P97471	O08712	Smad4	Tnfrsf11b	True	True	False	True	True	False	A
P33242	A0A0R4J048	Nr5a1	A0A0R4J048	True	True	False	True	True	False	A
P49698	P70245	Hnf4a	Ebp	True	True	False	True	True	False	A
P49698	O88947	Hnf4a	F10	True	True	False	True	True	False	A
P17679	Q04997	Gata1	Inha	True	True	False	True	True	False	C
P05627	Q61125	Jun	Bdkrb1	True	True	False	True	True	False	A
P05627	P26339	Jun	Chga	True	True	False	True	True	False	A
P05627	P48759	Jun	Ptx3	True	True	False	True	True	False	A
P23708	Q920E5	Nfya	Fdps	True	True	False	True	True	False	A
P23708	Q9CR73	Nfya	Pnrc2	True	True	False	True	True	False	B
P23708	P60710	Nfya	Actb	True	True	False	True	True	False	A
Q00899	Q8VDJ3	Yy1	Hdlbp	True	False	True	True	False	True	C
Q00899	P58389	Yy1	Ptpa	True	True	False	True	True	False	A
Q00899	P03958	Yy1	Ada	True	True	False	True	True	False	A
Q61501	A0A0R4J029	E2f1	A0A0R4J029	True	True	False	True	True	False	A
Q61501	O88566	E2f1	Axin2	True	True	False	True	True	False	A
Q61501	P15535	E2f1	B4galt1	True	True	False	True	True	False	A
Q61501	P48964	E2f1	Cdc25a	True	True	False	True	True	False	A
Q61501	Q9Z1X9	E2f1	Cdc45	True	True	False	True	True	False	A
Q61501	Q8R4E9	E2f1	Cdt1	True	True	False	True	True	False	A
Q61501	Q9JKB3	E2f1	Ybx3	True	True	False	True	True	False	A
Q61501	Q80V62	E2f1	Fancd2	True	True	False	True	True	False	A
Q61501	A0A2I3BQX6	E2f1	A0A2I3BQX6	True	True	False	True	True	False	A
Q61501	Q7TSG3	E2f1	Fbxo5	True	True	False	True	True	False	A
Q61501	O88513	E2f1	Gmnn	True	True	False	True	True	False	A
Q61501	P05627	E2f1	Jun	True	True	False	True	True	False	A
Q61501	E9QNX9	E2f1	E9QNX9	True	True	False	True	True	False	B
Q61501	Q9CQV6	E2f1	Map1lc3b	True	True	False	True	True	False	A
Q61501	P63085	E2f1	Mapk1	True	True	False	True	True	False	A
Q61501	Q0VBD2	E2f1	Mcm10	True	True	False	True	True	False	A
Q61501	P97311	E2f1	Mcm6	True	True	False	True	True	False	A
Q61501	Q61881	E2f1	Mcm7	True	True	False	True	True	False	A
Q61501	O54956	E2f1	Pole2	True	True	False	True	True	False	A
Q61501	P04184	E2f1	Tk1	True	True	False	True	True	False	A
Q61501	Q04750	E2f1	Top1	True	True	False	True	True	False	A
Q61501	Q64318	E2f1	Zeb1	True	True	False	True	True	False	A
Q61501	P33611	E2f1	Pola2	True	True	False	True	True	False	A
Q9WVH4	Q9Z2F7	Foxo3	Bnip3l	True	True	False	True	True	False	A
Q9WVH4	Q3TTA7	Foxo3	Cblb	True	True	False	True	True	False	A
Q9WVH4	Q60773	Foxo3	Cdkn2d	True	True	False	True	True	False	A
E9Q1A8	Q9WVH4	E9Q1A8	Foxo3	True	False	False	False	False	False	C
Q9WVH4	E9Q1A8	Foxo3	E9Q1A8	True	True	False	True	True	False	A
Q9WVH4	B1ASP2	Foxo3	B1ASP2	True	True	False	True	True	False	A
Q9WVH4	Q60793	Foxo3	Klf4	True	True	False	True	True	False	A
Q9WVH4	Q99MQ3	Foxo3	Pink1	True	True	False	True	True	False	A
Q9WVH4	Q64700	Foxo3	Rbl2	True	True	False	True	True	False	A
P42230	Q00560	Stat5a	Il6st	True	True	False	True	True	False	A
P42230	Q8CGK3	Stat5a	Lonp1	True	True	False	True	True	False	A
P42230	P22366	Stat5a	Myd88	True	True	False	True	True	False	A
Q3U5D9	Q8CFG0	Q3U5D9	Sulf2	True	False	False	False	False	False	C
P42232	P01590	Stat5b	Il2ra	True	True	False	True	True	False	A
P42232	Q00560	Stat5b	Il6st	True	True	False	True	True	False	A
P42232	P53347	Stat5b	Osm	True	True	False	True	True	False	A
P42232	P10820	Stat5b	Prf1	True	True	False	True	True	False	A
P27577	O89110	Ets1	Casp8	True	True	False	True	True	False	A
P27577	P04235	Ets1	Cd3d	True	True	False	True	True	False	A
P27577	P19783	Ets1	Cox4i1	True	True	False	True	True	False	A
P27577	P25446	Ets1	Fas	True	True	False	True	True	False	A
P27577	Q9QZU3	Ets1	Q9QZU3	True	True	False	True	True	False	A
A0A087WR05	P27577	A0A087WR05	Ets1	True	False	False	False	False	False	C
P27577	A0A087WR05	Ets1	A0A087WR05	True	True	False	True	True	False	A
P27577	Q61233	Ets1	Lcp1	True	True	False	True	True	False	A
P27577	P58389	Ets1	Ptpa	True	True	False	True	True	False	A
Q8R0K9	P49718	E2f4	Mcm5	True	True	False	True	True	False	A
Q9WVH3	O70343	Foxo4	Ppargc1a	True	True	False	True	True	False	A
Q9WVH3	Q64700	Foxo4	Rbl2	True	True	False	True	True	False	A
Q9WVH3	P47876	Foxo4	Igfbp1	True	True	False	True	True	False	A
O54917	Q80YR6	E2f6	Rbbp8	True	False	True	True	False	True	A
Q08874	P28352	Mitf	Apex1	True	True	False	True	True	False	A
Q08874	P70259	Mitf	Gpr143	True	True	False	True	True	False	A
P56931	Q9DAP7	E2f2	Asf1b	True	True	False	True	True	False	A
P56931	Q9CWM2	E2f2	Cdca4	True	True	False	True	True	False	A
P56931	Q8R4E9	E2f2	Cdt1	True	True	False	True	True	False	A
P56931	Q61501	E2f2	E2f1	True	True	False	True	True	False	A
Q8R0K9	Q61881	E2f4	Mcm7	True	True	False	True	True	False	A
P56931	Q0VBD2	E2f2	Mcm10	True	True	False	True	True	False	A
P56931	P97311	E2f2	Mcm6	True	True	False	True	True	False	A
P56931	Q61881	E2f2	Mcm7	True	True	False	True	True	False	A
P56931	Q07832	E2f2	Plk1	True	True	False	True	True	False	A
P56931	Q64702	E2f2	Plk4	True	True	False	True	True	False	A
A0A1Y7VML1	P49718	A0A1Y7VML1	Mcm5	True	True	False	True	True	False	A
A0A1Y7VML1	P97311	A0A1Y7VML1	Mcm6	True	True	False	True	True	False	A
A0A1Y7VML1	Q61881	A0A1Y7VML1	Mcm7	True	True	False	True	True	False	A
Q8R0K9	Q9DAP7	E2f4	Asf1b	True	True	False	True	True	False	A
Q8R0K9	Q60772	E2f4	Cdkn2c	True	True	False	True	True	False	A
Q8R0K9	Q8R4E9	E2f4	Cdt1	True	True	False	True	True	False	A
Q8R0K9	O88513	E2f4	Gmnn	True	True	False	True	True	False	A
Q8R0K9	P05627	E2f4	Jun	True	True	False	True	True	False	A
Q8R0K9	Q8BMA5	E2f4	Npat	True	True	False	True	True	False	A
Q8R0K9	P11157	E2f4	Rrm2	True	False	True	True	False	True	B
Q8R0K9	P04184	E2f4	Tk1	True	True	False	True	True	False	A
Q8R0K9	P0DP26	E2f4	Calm1	True	True	False	True	True	False	A;D
Q8R0K9	P56390	E2f4	Cks2	True	True	False	True	True	False	A
Q8R0K9	Q64701	E2f4	Rbl1	True	True	False	True	True	False	A
Q8R0K9	Q04750	E2f4	Top1	True	True	False	True	True	False	A
A0A5K1VVQ7	P10417	A0A5K1VVQ7	Bcl2	True	True	False	True	True	False	A
A0A5K1VVQ7	P27782	A0A5K1VVQ7	Lef1	True	True	False	True	True	False	A
A0A087WSP5	P41183	A0A087WSP5	Bcl6	True	True	False	True	True	False	A
A0A087WSP5	Q00560	A0A087WSP5	Il6st	True	True	False	True	True	False	A
A0A087WSP5	P10820	A0A087WSP5	Prf1	True	True	False	True	True	False	A
A0A087WSP5	Q99MU3	A0A087WSP5	Adar	True	True	False	True	True	False	A
A0A087WSP5	Q03963	A0A087WSP5	Eif2ak2	True	True	False	True	True	False	A
A0A087WSP5	Q3U687	A0A087WSP5	Q3U687	True	True	False	True	True	False	A
A0A087WSP5	Q64282	A0A087WSP5	Ifit1	True	True	False	True	True	False	A
A0A087WSP5	D3Z6F0	A0A087WSP5	D3Z6F0	True	True	False	True	True	False	A
A0A087WSP5	Q9CQW9	A0A087WSP5	Ifitm3	True	True	False	True	True	False	A;D
A0A087WSP5	G3X9Z2	A0A087WSP5	G3X9Z2	True	True	False	True	True	False	A;D
A0A087WSP5	Q9D103	A0A087WSP5	Ifitm1	True	True	False	True	True	False	A;D
A0A087WSP5	Q64339	A0A087WSP5	Isg15	True	True	False	True	True	False	A
A0A087WSP5	Q9JL16	A0A087WSP5	Isg20	True	True	False	True	True	False	A
A0A087WSP5	D3YVY2	A0A087WSP5	D3YVY2	True	True	False	True	True	False	A
A0A087WSP5	Q9WVP9	A0A087WSP5	Mx2	True	True	False	True	True	False	A
A0A087WR05	G3UW90	A0A087WR05	G3UW90	True	False	False	False	False	False	B
P19091	P31786	Ar	Dbi	True	True	False	True	True	False	A
P19091	O35215	Ar	Ddt	True	True	False	True	True	False	A
P19091	O35286	Ar	Dhx15	True	True	False	True	True	False	A
P19091	Q9D7R7	Ar	Pgc	True	True	False	True	True	False	A
P19091	B1AY49	Ar	B1AY49	True	False	True	True	False	True	A
P19091	P05784	Ar	Krt18	True	True	False	True	True	False	A
P19091	Q61180	Ar	Scnn1a	True	True	False	True	True	False	A
P19091	P97355	Ar	Sms	True	True	False	True	True	False	A
P19091	P97469	Ar	Snai2	True	True	False	True	True	False	A
F6VAN0	P14211	Atf6	Calr	True	True	False	True	True	False	A
F6VAN0	P08113	Atf6	Hsp90b1	True	True	False	True	True	False	A
F6VAN0	Q9Z2G6	Atf6	Sel1l	True	True	False	True	True	False	A
E9Q1A8	A0A087WR05	E9Q1A8	A0A087WR05	True	True	False	True	True	False	A
P17433	P70269	Spi1	Ctse	True	True	False	True	True	False	A
P17433	F8WH69	Spi1	F8WH69	True	True	False	True	True	False	A
P17433	P97369	Spi1	Ncf4	True	True	False	True	True	False	A
P17433	Q9EQI5	Spi1	Q9EQI5	True	True	False	True	True	False	A
P17433	P22091	Spi1	Tal1	True	False	True	True	False	True	A
P70340	P39689	Smad1	Cdkn1a	True	True	False	True	True	False	A
P70340	P41136	Smad1	Id2	True	True	False	True	True	False	A
P70340	P41133	Smad1	Id3	True	True	False	True	True	False	A
P18111	P03958	Cdx1	Ada	True	True	False	True	True	False	A
P43135	Q00623	Nr2f2	Apoa1	True	False	True	True	False	True	A
P97454	P41133	Smad5	Id3	True	True	False	True	True	False	A
Q60765	P97494	Atf3	Gclc	True	False	True	True	False	True	A
P70255	P14142	Nfic	Slc2a4	True	True	False	True	True	False	A
Q61602	O35595	Gli3	Ptch2	True	True	False	True	True	False	A
E9PZJ2	P70434	E9PZJ2	Irf7	True	True	False	True	True	False	A
P54843	P29752	Maf	Lalba	True	True	False	True	True	False	A
P47930	P33435	Fosl2	Mmp13	True	True	False	True	True	False	A
P10085	P68033	Myod1	Actc1	True	True	False	True	True	False	A
A0A2R8W6R9	P22005	A0A2R8W6R9	Penk	True	True	False	True	True	False	A
P11416	Q04211	Rara	Btg2	True	True	False	True	True	False	A
P11416	P22935	Rara	Crabp2	True	True	False	True	True	False	A
P11416	A0A0R4J193	Rara	A0A0R4J193	True	True	False	True	True	False	A
P11416	P10628	Rara	Hoxd4	True	True	False	True	True	False	A
P01101	O70494	Fos	Sp3	True	True	False	True	True	False	A
P53762	Q62351	Arnt	Tfrc	True	True	False	True	True	False	C
H3BJ24	P09581	H3BJ24	Csf1r	True	False	True	True	False	True	A
H3BJ24	P04351	H3BJ24	Il2	True	True	False	True	True	False	A
Q02780	P05064	Nfia	Aldoa	True	True	False	True	True	False	A
Q02780	P02340	Nfia	Tp53	True	True	False	True	True	False	A
P63139	P60710	Nfyb	Actb	True	True	False	True	True	False	A
Q9JM73	P68033	Srf	Actc1	True	True	False	True	True	False	A
P29037	Q9CPV5	Tbp	Pmf1	True	True	False	True	True	False	A
P17433	Q62148	Spi1	Aldh1a2	True	True	False	True	True	False	B
P17433	Q4QQK7	Spi1	Q4QQK7	True	True	False	True	True	False	A
P17433	Q63994	Spi1	Cd33	True	True	False	True	True	False	A
P27577	P10417	Ets1	Bcl2	True	True	False	True	True	False	A
P27577	P12813	Ets1	Nr4a1	True	True	False	True	True	False	B
Q08874	Q9R0G7	Mitf	Zeb2	True	False	False	False	False	False	B
P97469	Q01705	Snai2	Notch1	True	False	False	False	False	False	C
P63015	E0CX93	Pax6	E0CX93	True	False	False	False	False	False	C
P41969	P12813	Elk1	Nr4a1	True	True	False	True	True	False	A
Q3U5D9	Q6PCX9	Q3U5D9	Trim37	True	False	False	False	False	False	C
Q9JKD8	E9Q0B9	Tbx21	E9Q0B9	True	False	False	False	False	False	C
Q3U5D9	Q0KL02	Q3U5D9	Trio	True	False	False	False	False	False	C
P19785	Q61572	Esr1	Foxc1	True	True	False	True	True	False	A
P19785	D3Z3B6	Esr1	D3Z3B6	True	True	False	True	True	False	A
P19785	A2A484	Esr1	A2A484	True	True	False	True	True	False	A
P01101	Q9WVH4	Fos	Foxo3	True	True	False	True	True	False	B
P01101	Q3UHK3	Fos	Greb1	True	True	False	True	True	False	A
P35582	Q61572	Foxa1	Foxc1	True	True	False	True	True	False	A
P23772	B1AR74	Gata3	B1AR74	True	True	False	True	True	False	A
P23772	Q3UHK3	Gata3	Greb1	True	True	False	True	True	False	A
P23772	Q3UG20	Gata3	Kmt2e	True	True	False	True	True	False	A
P23772	Q05BA5	Gata3	Q05BA5	True	True	False	True	True	False	A
P23772	Q8BH80	Gata3	Q8BH80	True	True	False	True	True	False	A
P23772	Q3U0X6	Gata3	Q3U0X6	True	True	False	True	True	False	A
Q61221	Q569N2	Hif1a	Ankrd37	True	True	False	True	True	False	A
P05627	Q3UHK3	Jun	Greb1	True	True	False	True	True	False	C
Q3U5D9	G3UW90	Q3U5D9	G3UW90	True	False	False	False	False	False	C
Q80Y84	Q8C4C9	Kdm5b	Q8C4C9	True	True	False	True	True	False	B
P11416	B9EHK7	Rara	B9EHK7	True	True	False	True	True	False	A
P18911	Q3UHK3	Rarg	Greb1	True	True	False	True	True	False	C
Q3U5D9	Q68FE9	Q3U5D9	Tshz2	True	False	False	False	False	False	C
A0A087WSP5	Q3UHK3	A0A087WSP5	Greb1	True	True	False	True	True	False	A
E9QQ91	P70284	E9QQ91	Tgif1	True	True	False	True	True	False	B
Q61312	P35582	Tfap2c	Foxa1	True	True	False	True	True	False	A
Q61312	Q61572	Tfap2c	Foxc1	True	True	False	True	True	False	A
Q61312	Q6NVD0	Tfap2c	Frem2	True	True	False	True	True	False	A
Q61221	Q8VCD7	Hif1a	Kdm4c	True	True	False	True	True	False	C
P63015	P20263	Pax6	Pou5f1	True	False	False	False	False	False	A
Q06507	Q9ER72	Atf4	Cars1	True	True	False	True	True	False	B
Q06507	Q8BU30	Atf4	Iars1	True	True	False	True	True	False	C
Q3U5D9	A0A1W2P8G5	Q3U5D9	A0A1W2P8G5	True	False	False	False	False	False	C
P01108	P17809	Myc	Slc2a1	True	True	False	True	True	False	B
P02340	Q9JK91	Tp53	Mlh1	True	True	False	True	True	False	A
P02340	P54279	Tp53	Pms2	True	True	False	True	True	False	A
P02340	E9Q4F7	Tp53	Ankrd11	True	True	False	True	True	False	B
P06537	Q9WVH4	Nr3c1	Foxo3	True	True	False	True	True	False	C
P63015	Q80Z64	Pax6	Nanog	True	False	False	False	False	False	A
P01101	P28649	Fos	Cyp19a1	True	True	False	True	True	False	C
P17433	P08152	Spi1	Egr2	True	True	False	True	True	False	A
P53566	Q8BGW1	Cebpa	Fto	True	True	False	True	True	False	B
P22091	A0A0G2JEM8	Tal1	A0A0G2JEM8	True	True	False	True	True	False	B
Q3U5D9	Q3U0X6	Q3U5D9	Q3U0X6	True	False	False	False	False	False	C
A0A087WSP5	P43432	A0A087WSP5	Il12b	True	True	False	True	True	False	A
P22091	Q8BM75	Tal1	Arid5b	True	False	False	False	False	False	B
P23772	Q8BM75	Gata3	Arid5b	True	False	False	False	False	False	B
A0A087WR05	Q8BM75	A0A087WR05	Arid5b	True	False	False	False	False	False	B
Q9Z1T5	P60764	Deaf1	Rac3	True	True	False	True	True	False	C
Q9JM73	Q08091	Srf	Cnn1	True	True	False	True	True	False	C
P19091	Q8K370	Ar	Acad10	True	False	False	False	False	False	A
Q9WTL8	Q60674	Bmal1	Nr1d2	True	False	False	False	False	False	A
P19091	P41216	Ar	Acsl1	True	False	False	False	False	False	C
P19091	Q3V1Q3	Ar	Q3V1Q3	True	False	False	False	False	False	C
A4QPD3	P10889	A4QPD3	Cxcl2	True	True	False	True	True	False	C
A4QPD3	P12850	A4QPD3	Cxcl1	True	True	False	True	True	False	C
P19091	A0A0G2JGM8	Ar	A0A0G2JGM8	True	False	False	False	False	False	C
Q61501	P27090	E2f1	Tgfb2	True	True	False	True	True	False	A
P19091	E9Q394	Ar	Akap13	True	False	False	False	False	False	B
P53566	Q8BM75	Cebpa	Arid5b	True	False	False	False	False	False	B
P53566	P22387	Cebpa	Edn1	True	False	True	True	False	True	A
P53566	P34152	Cebpa	Ptk2	True	True	False	True	True	False	B
P53566	P19096	Cebpa	Fasn	True	True	False	True	True	False	A
P53566	Q08761	Cebpa	Pros1	True	True	False	True	True	False	C
Q01147	Q01063	Creb1	Pde4d	True	True	False	True	True	False	B
Q01147	A2ANF0	Creb1	A2ANF0	True	True	False	True	True	False	A
Q61164	Q60760	Ctcf	Grb10	True	True	False	True	True	False	B
Q61501	P01132	E2f1	Egf	True	True	False	True	True	False	A
Q61501	Q61188	E2f1	Ezh2	True	True	False	True	True	False	B
Q8R0K9	P56931	E2f4	E2f2	True	True	False	True	True	False	A
Q8R0K9	Q9CWV1	E2f4	Mcm8	True	True	False	True	True	False	A
P08046	Q6PI17	Egr1	Q6PI17	True	True	False	True	True	False	A
P08046	P39876	Egr1	Timp3	True	True	False	True	True	False	A
P08046	P43300	Egr1	Egr3	True	False	False	False	False	False	B
P97481	Q62433	Epas1	Ndrg1	True	True	False	True	True	False	C
P97481	P17182	Epas1	Eno1	True	True	False	True	True	False	C
P81270	P19091	Erg	Ar	True	False	True	True	False	True	B
P19785	O08712	Esr1	Tnfrsf11b	True	True	False	True	True	False	A
P19785	Q9WVC3	Esr1	Cav2	True	True	False	True	True	False	A
P19091	O08538	Ar	Angpt1	True	False	False	False	False	False	C
P27577	P15037	Ets1	Ets2	True	True	False	True	True	False	A
P27577	P11688	Ets1	Itga5	True	True	False	True	True	False	A
P22091	P26323	Tal1	Fli1	True	False	False	False	False	False	B
O09100	P26323	Gata2	Fli1	True	False	False	False	False	False	B
P01101	P39655	Fos	Alox12	True	True	False	True	True	False	C
P53566	P47930	Cebpa	Fosl2	True	False	False	False	False	False	C
P35582	P06537	Foxa1	Nr3c1	True	False	True	True	False	True	C
O88470	Q05769	Foxl2	Ptgs2	True	False	True	True	False	True	A
Q6P1H7	P48967	Q6P1H7	Cdc25c	True	False	True	True	False	True	A
P19091	P84091	Ar	Ap2m1	True	False	False	False	False	False	A
Q9R1E0	P15208	Foxo1	Insr	True	True	False	True	True	False	C
Q9WVH4	Q61696	Foxo3	Hspa1a	True	True	False	True	True	False	C
Q9WVH4	P17879	Foxo3	Hspa1b	True	True	False	True	True	False	C
P23772	P01108	Gata3	Myc	True	True	False	True	True	False	A
P23772	Q64373	Gata3	Bcl2l1	True	True	False	True	True	False	C
A0A087WPA7	A0A0R4J292	A0A087WPA7	A0A0R4J292	True	False	False	False	False	False	C
P19091	Q9DAX9	Ar	Appbp2	True	False	False	False	False	False	A
Q61221	P41251	Hif1a	Slc11a1	True	True	False	True	True	False	A
Q61221	Q9D3F7	Hif1a	Ddit4	True	True	False	True	True	False	A
Q61221	P46414	Hif1a	Cdkn1b	True	True	False	True	True	False	A
Q61221	P19783	Hif1a	Cox4i1	True	True	False	True	True	False	A
Q61221	O08538	Hif1a	Angpt1	True	False	True	True	False	True	B
Q61221	Q64373	Hif1a	Bcl2l1	True	True	False	True	True	False	A
Q61221	Q922H2	Hif1a	Pdk3	True	True	False	True	True	False	A
Q61221	Q9JKV9	Hif1a	Il20	True	True	False	True	True	False	A
Q61221	Q9Z2F7	Hif1a	Bnip3l	True	True	False	True	True	False	A
P19091	E0CXD0	Ar	E0CXD0	True	False	False	False	False	False	C
A0A087WR05	G5E8H3	A0A087WR05	G5E8H3	True	False	False	False	False	False	B
P05627	P51125	Jun	Cast	True	True	False	True	True	False	C
A0A6I8MWY6	Q3UGX2	A0A6I8MWY6	Q3UGX2	True	True	False	True	True	False	C
A0A6I8MWY6	P04919	A0A6I8MWY6	Slc4a1	True	True	False	True	True	False	C
P55200	Q60954	Kmt2a	Meis1	True	True	False	True	True	False	A
Q08874	Q8BUN5	Mitf	Smad3	True	False	True	True	False	True	B
P19091	O54834	Ar	Arhgap6	True	False	False	False	False	False	C
A0A087WPA7	Q64373	A0A087WPA7	Bcl2l1	True	True	False	True	True	False	C
P19091	A0A338P6U8	Ar	A0A338P6U8	True	False	False	False	False	False	C
P70255	Q02780	Nfic	Nfia	True	True	False	True	True	False	C
P19091	Q62388	Ar	Atm	True	False	False	False	False	False	A
P43135	P10085	Nr2f2	Myod1	True	True	False	True	True	False	A
P19091	Q6A051	Ar	Atrnl1	True	False	False	False	False	False	C
P12813	H3BJ24	Nr4a1	H3BJ24	True	True	False	True	True	False	C
P19091	Q8K3W0	Ar	Babam2	True	False	False	False	False	False	A
Q08775	P41778	Runx2	Pbx1	True	False	False	False	False	False	C
P19091	O54962	Ar	Banf1	True	False	False	False	False	False	A
P11416	A0A7N9VSW1	Rara	A0A7N9VSW1	True	True	False	True	True	False	C
P02340	P31266	Tp53	Rbpj	True	False	False	False	False	False	B
A0A979HLR9	A4QPD3	A0A979HLR9	A4QPD3	True	False	False	False	False	False	A
Q04863	P10417	Relb	Bcl2	True	True	False	True	True	False	B
P19785	P28700	Esr1	Rxra	True	False	False	False	False	False	B
O09100	P70340	Gata2	Smad1	True	False	False	False	False	False	C
P97471	Q62432	Smad4	Smad2	True	False	False	False	False	False	C
P01101	Q8BUN5	Fos	Smad3	True	False	False	False	False	False	B
P19785	Q8BUN5	Esr1	Smad3	True	False	False	False	False	False	B
Q9WTN3	Q99MZ3	Srebf1	Mlxipl	True	True	False	True	True	False	C
Q9WTN3	Q9R008	Srebf1	Mvk	True	True	False	True	True	False	C
Q9JM73	P63260	Srf	Actg1	True	True	False	True	True	False	B
A0A087WSP5	P97287	A0A087WSP5	Mcl1	True	True	False	True	True	False	A
A0A087WSP5	P70399	A0A087WSP5	Tp53bp1	True	True	False	True	True	False	C
A0A087WSP5	Q9EP73	A0A087WSP5	Cd274	True	True	False	True	True	False	A
A0A087WSP5	P10810	A0A087WSP5	Cd14	True	True	False	True	True	False	C
A0A087WSP5	O35717	A0A087WSP5	Socs2	True	True	False	True	True	False	A
P19091	O08529	Ar	Capn2	True	False	False	False	False	False	C
P53566	P42230	Cebpa	Stat5a	True	False	False	False	False	False	B
Q61312	Q08423	Tfap2c	Tff1	True	True	False	True	True	False	A
P19091	Q9CWL2	Ar	Casz1	True	False	False	False	False	False	C
P02340	P54761	Tp53	Ephb4	True	False	True	True	False	True	B
P02340	Q9CR50	Tp53	Rchy1	True	True	False	True	True	False	A
P02340	A0A0A6YWE0	Tp53	A0A0A6YWE0	True	True	False	True	True	False	A
P02340	Q9Z2F7	Tp53	Bnip3l	True	True	False	True	True	False	A
P02340	A0A0R4J1G9	Tp53	A0A0R4J1G9	True	True	False	True	True	False	A
P02340	Q9D3F7	Tp53	Ddit4	True	True	False	True	True	False	A
P02340	P21275	Tp53	Bmp4	True	True	False	True	True	False	C
P02340	Q8BKD6	Tp53	Rnf144b	True	True	False	True	True	False	A
P02340	P20826	Tp53	Kitlg	True	True	False	True	True	False	B
P02340	O54803	Tp53	P2rx6	True	True	False	True	True	False	A
P02340	A0A087WR61	Tp53	A0A087WR61	True	True	False	True	True	False	A
P02340	E9QA15	Tp53	E9QA15	True	True	False	True	True	False	B
P02340	Q9D7F7	Tp53	Chmp4c	True	True	False	True	True	False	A
P19091	P06332	Ar	Cd4	True	False	False	False	False	False	A
P05627	P07903	Jun	Ercc1	True	True	False	True	True	False	B
P08046	Q769J6	Egr1	Adamts13	True	True	False	True	True	False	C
Q64318	B1ATA7	Zeb1	B1ATA7	True	False	True	True	False	True	C
P53566	A0A140LIK7	Cebpa	A0A140LIK7	True	True	False	True	True	False	B
A0A087WSP5	E9PZJ2	A0A087WSP5	E9PZJ2	True	True	False	True	True	False	A
Q00322	P41160	Cebpd	Lep	True	True	False	True	True	False	C
O09100	P81270	Gata2	Erg	True	False	False	False	False	False	B
A0A5K1VVQ7	P25322	A0A5K1VVQ7	Ccnd1	True	True	False	True	True	False	C
H3BJ24	P01108	H3BJ24	Myc	True	True	False	True	True	False	C
Q61501	G3UZT5	E2f1	G3UZT5	True	False	False	False	False	False	B
Q60I23	Q61602	Q60I23	Gli3	True	True	False	True	True	False	A
Q60I23	Q9QXX0	Q60I23	Jag1	True	True	False	True	True	False	B
A0A087WR05	P16872	A0A087WR05	Il7r	True	True	False	True	True	False	C
Q61221	Q9Z1E4	Hif1a	Gys1	True	True	False	True	True	False	A
Q04887	G3UZT5	Sox9	G3UZT5	True	True	False	True	True	False	C
O09100	Q9Z1Y9	Gata2	Dio2	True	True	False	True	True	False	B
Q61602	P28047	Gli3	Wnt7b	True	True	False	True	True	False	C
A0A087WPA7	A0A087WR05	A0A087WPA7	A0A087WR05	True	False	True	True	False	True	B
P19091	P61222	Ar	Abce1	True	True	False	True	True	False	A
P19091	Q8CE08	Ar	Acp3	True	True	False	True	True	False	A
P19091	Q9DBL7	Ar	Coasy	True	False	False	False	False	False	A
P19091	Q8K2H6	Ar	Anapc10	True	True	False	True	True	False	A
P19091	F6VAN0	Ar	Atf6	True	True	False	True	True	False	A
P19091	Q6Q477	Ar	Atp2b4	True	True	False	True	True	False	A
P19091	A0A0R4J131	Ar	A0A0R4J131	True	True	False	True	True	False	A
P19091	O08918	Ar	Ccng2	True	True	False	True	True	False	A
P19091	A0A0G2JGW6	Ar	A0A0G2JGW6	True	True	False	True	True	False	A
P19091	O35740	Ar	Cited2	True	True	False	True	True	False	A
P19091	O88533	Ar	Ddc	True	True	False	True	True	False	A
P19091	O08575	Ar	Eya2	True	True	False	True	True	False	A
P19091	Q8BGI4	Ar	Fam13a	True	True	False	True	True	False	A
P19091	Q8K064	Ar	Fam174b	True	True	False	True	True	False	A
P19091	Q61835	Ar	Fxyd3	True	True	False	True	True	False	A
P19091	Q9QUH0	Ar	Glrx	True	True	False	True	True	False	A
P19091	Q60760	Ar	Grb10	True	True	False	True	True	False	A
P19091	O08528	Ar	Hk2	True	True	False	True	True	False	A
P19091	Q5EBP8	Ar	Q5EBP8	True	True	False	True	True	False	A
P19091	Q9EQ06	Ar	Hsd17b11	True	True	False	True	True	False	A
P19091	P42703	Ar	Lifr	True	True	False	True	True	False	A
P19091	Q8BK72	Ar	Mrps27	True	True	False	True	True	False	A
P19091	Q9QXL8	Ar	Nme7	True	True	False	True	True	False	A
P19091	Q11011	Ar	Npepps	True	True	False	True	True	False	A
P19091	Q80U93	Ar	Nup214	True	True	False	True	True	False	A
P19091	G3UXL2	Ar	G3UXL2	True	True	False	True	True	False	A
P19091	Q9D7G0	Ar	Prps1	True	True	False	True	True	False	A
P19091	O35239	Ar	Ptpn9	True	True	False	True	True	False	A
P19091	Q8BND5	Ar	Qsox1	True	True	False	True	True	False	A
P19091	Q9WV02	Ar	Rbmx	True	True	False	True	True	False	A
P19091	Q9WVB0	Ar	Rbpms	True	True	False	True	True	False	A
P19091	A0A140LIK7	Ar	A0A140LIK7	True	True	False	True	True	False	A
P19091	Q06831	Ar	Sox4	True	True	False	True	True	False	A
P19091	Q9Z1W9	Ar	Stk39	True	True	False	True	True	False	A
P19091	Q8BGE4	Ar	Susd6	True	True	False	True	True	False	A
P19091	P63058	Ar	Thra	True	True	False	True	True	False	A
P19091	P25118	Ar	Tnfrsf1a	True	True	False	True	True	False	A
P19091	A0A0G2JE32	Ar	A0A0G2JE32	True	True	False	True	True	False	A
P19091	Q9WV55	Ar	Vapa	True	True	False	True	True	False	A
P19091	Q64267	Ar	Xpa	True	True	False	True	True	False	A
P19091	H3BLK8	Ar	H3BLK8	True	True	False	True	True	False	A
P19785	P47879	Esr1	Igfbp4	True	True	False	True	True	False	A
P19785	Q62469	Esr1	Itga2	True	True	False	True	True	False	A
P02340	Q8CGM1	Tp53	Adgrb2	True	True	False	True	True	False	A
P02340	P22389	Tp53	Edn2	True	True	False	True	True	False	A
P02340	Q64221	Tp53	Nhlh2	True	True	False	True	True	False	A
P02340	Q149T7	Tp53	Ppm1j	True	True	False	True	True	False	A
P97481	O35185	Epas1	Bhlhe40	True	True	False	True	True	False	A
P97481	Q60613	Epas1	Adora2a	True	True	False	True	True	False	A
P97481	A0A0R4IZW4	Epas1	A0A0R4IZW4	True	True	False	True	True	False	A
Q61164	A2AJ26	Ctcf	A2AJ26	True	True	False	True	True	False	A
Q61164	Q8K348	Ctcf	Acvr1c	True	True	False	True	True	False	A
Q61164	Q80SW1	Ctcf	Ahcyl1	True	True	False	True	True	False	A
Q61164	Q8BTZ5	Ctcf	Ankrd46	True	True	False	True	True	False	A
Q61164	Q09200	Ctcf	B4galnt1	True	True	False	True	True	False	A
Q61164	F6QB26	Ctcf	F6QB26	True	True	False	True	True	False	A
Q61164	Q921C5	Ctcf	Bicd2	True	True	False	True	True	False	A
Q61164	Q00609	Ctcf	Cd80	True	True	False	True	True	False	A
Q61164	Q6P5D4	Ctcf	Cep135	True	True	False	True	True	False	A
Q61164	Q9R0W9	Ctcf	Chrna6	True	True	False	True	True	False	A
Q61164	O70303	Ctcf	Cideb	True	True	False	True	True	False	A
Q61164	O35372	Ctcf	Cnih1	True	True	False	True	True	False	A
Q61164	Q5QNQ9	Ctcf	Col27a1	True	True	False	True	True	False	A
Q61164	Q3UH60	Ctcf	Dip2b	True	True	False	True	True	False	A
Q61164	E9QLW7	Ctcf	E9QLW7	True	True	False	True	True	False	A
Q8R0K9	O35280	E2f4	Chek1	True	True	False	True	True	False	A
Q61164	Q99L85	Ctcf	Elp5	True	True	False	True	True	False	A
Q61164	Q8CBF3	Ctcf	Ephb1	True	True	False	True	True	False	A
Q61164	Q3U7U3	Ctcf	Fbxo7	True	True	False	True	True	False	A
Q61164	Q8C7U7	Ctcf	Galnt6	True	True	False	True	True	False	A
Q61164	A2AMS3	Ctcf	A2AMS3	True	True	False	True	True	False	A
Q61164	A2AIR5	Ctcf	Grin3a	True	True	False	True	True	False	A
Q61164	Q9WU63	Ctcf	Hebp2	True	True	False	True	True	False	A
Q61164	D3YXG0	Ctcf	Hmcn1	True	True	False	True	True	False	A
Q61164	Q3TC93	Ctcf	Hs1bp3	True	True	False	True	True	False	A
Q8R0K9	A0A1Y7VML1	E2f4	A0A1Y7VML1	True	True	False	True	True	False	A
Q61164	P20029	Ctcf	Hspa5	True	True	False	True	True	False	A
Q61164	Q8CJ70	Ctcf	Il19	True	True	False	True	True	False	A
Q61164	Q99PI4	Ctcf	Lpin3	True	True	False	True	True	False	A
Q61164	Q922Q8	Ctcf	Lrrc59	True	True	False	True	True	False	A
Q8R0K9	Q9JHI7	E2f4	Exosc9	True	True	False	True	True	False	A
Q61164	P04247	Ctcf	Mb	True	True	False	True	True	False	A
Q61164	Q0VBD2	Ctcf	Mcm10	True	True	False	True	True	False	A
Q61164	Q9D8P4	Ctcf	Mrpl17	True	True	False	True	True	False	A
Q61164	P22366	Ctcf	Myd88	True	True	False	True	True	False	A
Q8R0K9	P53798	E2f4	Fdft1	True	True	False	True	True	False	A
Q61164	Q9R207	Ctcf	Nbn	True	True	False	True	True	False	A
Q61164	Q8BZR9	Ctcf	Ncbp3	True	True	False	True	True	False	A
Q61164	Q6P5H2	Ctcf	Nes	True	True	False	True	True	False	A
Q61164	Q60795	Ctcf	Nfe2l2	True	True	False	True	True	False	A
Q61164	Q9QY40	Ctcf	Plxnb3	True	True	False	True	True	False	A
Q61164	Q9CXT8	Ctcf	Pmpcb	True	True	False	True	True	False	A
Q61164	Q8BGQ4	Ctcf	Pomt2	True	True	False	True	True	False	A
Q61164	Q00286	Ctcf	Pou1f1	True	True	False	True	True	False	A
Q8R0K9	Q91Z50	E2f4	Q91Z50	True	True	False	True	True	False	A
Q61164	P35396	Ctcf	Ppard	True	True	False	True	True	False	A
Q61164	Q6NZN1	Ctcf	Pprc1	True	True	False	True	True	False	A
Q61164	Q8C0F9	Ctcf	Prss35	True	True	False	True	True	False	A
Q61164	P58389	Ctcf	Ptpa	True	True	False	True	True	False	A
Q61164	Q9CQD0	Ctcf	Rpl39l	True	True	False	True	True	False	A;D
Q61164	P62892	Ctcf	Rpl39	True	True	False	True	True	False	A;D
Q61164	O88796	Ctcf	Rpp30	True	True	False	True	True	False	A
Q61164	Q5RKS2	Ctcf	Smim7	True	True	False	True	True	False	A
Q61164	Q9D2C7	Ctcf	Tmbim6	True	True	False	True	True	False	A
Q61164	O35714	Ctcf	Tnfrsf18	True	False	True	True	False	True	A
Q61164	Q78XR0	Ctcf	Trappc6a	True	True	False	True	True	False	A
Q61164	Q9CZR8	Ctcf	Tsfm	True	True	False	True	True	False	A
Q61164	Q9DBA6	Ctcf	Tysnd1	True	True	False	True	True	False	A
Q61164	A0A0G2JGH6	Ctcf	A0A0G2JGH6	True	True	False	True	True	False	A
Q8R0K9	Q6P1H7	E2f4	Q6P1H7	True	True	False	True	True	False	A
Q00899	A0A0A0MQ89	Yy1	A0A0A0MQ89	True	True	False	True	True	False	A
Q00899	P28658	Yy1	Atxn10	True	True	False	True	True	False	A
Q00899	Q8K389	Yy1	Cdk5rap2	True	True	False	True	True	False	A
Q00899	Q9CXI0	Yy1	Coq5	True	True	False	True	True	False	A
Q8R0K9	Q6PCN7	E2f4	Hltf	True	True	False	True	True	False	A
Q00899	Q8K1Z0	Yy1	Coq9	True	True	False	True	True	False	A
Q00899	O35218	Yy1	Cpsf2	True	True	False	True	True	False	A
Q00899	Q811D0	Yy1	Dlg1	True	True	False	True	True	False	A
Q00899	Q9D3B1	Yy1	Hacd2	True	True	False	True	True	False	A
Q61221	Q60676	Hif1a	Ppp5c	True	True	False	True	True	False	A
Q00899	P38532	Yy1	Hsf1	True	True	False	True	True	False	A
Q00899	Q9CXI5	Yy1	Manf	True	True	False	True	True	False	A
Q00899	Q9EQI8	Yy1	Mrpl46	True	True	False	True	True	False	A
Q00899	Q9CQV5	Yy1	Mrps24	True	True	False	True	True	False	A
Q8R0K9	P63158	E2f4	Hmgb1	True	True	False	True	True	False	A
Q00899	Q8BP47	Yy1	Nars1	True	True	False	True	True	False	A
Q00899	Q8BTW9	Yy1	Pak4	True	True	False	True	True	False	A
Q00899	Q80UJ7	Yy1	Rab3gap1	True	True	False	True	True	False	A
Q00899	Q8BUH7	Yy1	Rnf26	True	True	False	True	True	False	A
A0A979HLR9	K9J7B2	A0A979HLR9	K9J7B2	True	True	False	True	True	False	A
Q00899	Q3U319	Yy1	Rnf40	True	True	False	True	True	False	A
Q00899	Q8BFQ4	Yy1	Wdr82	True	True	False	True	True	False	A
Q61501	P20615	E2f1	Hoxb9	True	True	False	True	True	False	A
Q61501	Q3TZX8	E2f1	Nol9	True	True	False	True	True	False	A
Q61501	Q9JM98	E2f1	Wrap73	True	True	False	True	True	False	A
E9QPS1	P97497	E9QPS1	Shbg	True	True	False	True	True	False	A
A0A979HLR9	Q64435	A0A979HLR9	Ugt1a6	True	True	False	True	True	False	A
Q8R0K9	P63260	E2f4	Actg1	True	True	False	True	True	False	A
Q8R0K9	Q91ZS8	E2f4	Adarb1	True	True	False	True	True	False	A
Q8R0K9	Q8CG76	E2f4	Akr7a2	True	True	False	True	True	False	A
Q8R0K9	O70445	E2f4	Bard1	True	True	False	True	True	False	A
Q8R0K9	Q9WVA3	E2f4	Bub3	True	True	False	True	True	False	A
Q8R0K9	Q8BTU1	E2f4	Cfap20	True	True	False	True	True	False	A
Q8R0K9	P09602	E2f4	Hmgn2	True	True	False	True	True	False	A
Q8R0K9	P41133	E2f4	Id3	True	True	False	True	True	False	A
Q8R0K9	Q8BGI3	E2f4	Insig1	True	True	False	True	True	False	A
Q8R0K9	Q60749	E2f4	Khdrbs1	True	True	False	True	True	False	A
Q8R0K9	Q3U410	E2f4	Klhl21	True	True	False	True	True	False	A
Q8R0K9	Q9Z1B5	E2f4	Mad2l1	True	True	False	True	True	False	A
Q8R0K9	Q62073	E2f4	Map3k7	True	True	False	True	True	False	A
Q8R0K9	P25206	E2f4	Mcm3	True	True	False	True	True	False	A
Q8R0K9	A0A0R4J041	E2f4	A0A0R4J041	True	True	False	True	True	False	A
Q8R0K9	E9PVX6	E2f4	Mki67	True	True	False	True	True	False	A
Q8R0K9	Q9JK91	E2f4	Mlh1	True	True	False	True	True	False	A
Q8R0K9	Q78ZA7	E2f4	Nap1l4	True	True	False	True	True	False	A
Q8R0K9	Q9D0F1	E2f4	Ndc80	True	True	False	True	True	False	A
Q8R0K9	O35942	E2f4	Nek2	True	True	False	True	True	False	A
Q8R0K9	Q61985	E2f4	Nfe2l1	True	True	False	True	True	False	A
Q8R0K9	B0QZH1	E2f4	B0QZH1	True	False	True	True	False	True	A
Q8R0K9	Q99LX0	E2f4	Park7	True	True	False	True	True	False	A
Q8R0K9	F8VPV0	E2f4	F8VPV0	True	True	False	True	True	False	A
Q8R0K9	P33611	E2f4	Pola2	True	True	False	True	True	False	A
Q8R0K9	O54956	E2f4	Pole2	True	True	False	True	True	False	A
Q8R0K9	G3UW86	E2f4	G3UW86	True	True	False	True	True	False	A
Q8R0K9	B1AT82	E2f4	B1AT82	True	True	False	True	True	False	A
Q8R0K9	Q8R323	E2f4	Rfc3	True	True	False	True	True	False	A
Q8R0K9	Q99J62	E2f4	Rfc4	True	True	False	True	True	False	A
Q8R0K9	P58801	E2f4	Ripk2	True	True	False	True	True	False	A
Q8R0K9	P62242	E2f4	Rps8	True	True	False	True	True	False	A
Q8R0K9	Q8VIJ6	E2f4	Sfpq	True	True	False	True	True	False	A
Q8R0K9	Q9Z2B2	E2f4	Slc25a14	True	True	False	True	True	False	A
Q8R0K9	Q3UHK1	E2f4	Slc2a13	True	True	False	True	True	False	A
Q8R0K9	Q8VE96	E2f4	Slc35f6	True	True	False	True	True	False	A
Q8R0K9	Q8CG48	E2f4	Smc2	True	True	False	True	True	False	A
Q8R0K9	Q8CG47	E2f4	Smc4	True	True	False	True	True	False	A
Q8R0K9	A0A979HLR9	E2f4	A0A979HLR9	True	True	False	True	True	False	A
Q8R0K9	Q80U70	E2f4	Suz12	True	True	False	True	True	False	A
Q8R0K9	P47810	E2f4	Wee1	True	True	False	True	True	False	A
Q8R0K9	Q9CX47	E2f4	Xrcc2	True	True	False	True	True	False	A
Q8R0K9	P23950	E2f4	Zfp36l1	True	True	False	True	True	False	A
P27577	Q60846	Ets1	Tnfrsf8	True	True	False	True	True	False	A
A0A087WSP5	P23906	A0A087WSP5	Irf2	True	True	False	True	True	False	A
A0A087WSP5	Q91VJ1	A0A087WSP5	Aim2	True	True	False	True	True	False	A
A0A087WSP5	Q811C2	A0A087WSP5	Atg4c	True	True	False	True	True	False	A
A0A087WSP5	Q8R3B7	A0A087WSP5	Brd8	True	True	False	True	True	False	A
A0A087WSP5	Q8R2Q8	A0A087WSP5	Bst2	True	True	False	True	True	False	A
A0A087WSP5	P27699	A0A087WSP5	Crem	True	True	False	True	True	False	A
A0A087WSP5	Q99MJ9	A0A087WSP5	Ddx50	True	True	False	True	True	False	A
A0A087WSP5	Q9D0D4	A0A087WSP5	Dimt1	True	True	False	True	True	False	A
A0A087WSP5	Q9CXJ1	A0A087WSP5	Ears2	True	True	False	True	True	False	A
A0A087WSP5	Q8BJT9	A0A087WSP5	Edem2	True	True	False	True	True	False	A
A0A087WSP5	Q9CZX0	A0A087WSP5	Elp3	True	True	False	True	True	False	A
A0A087WSP5	Q7TSG3	A0A087WSP5	Fbxo5	True	True	False	True	True	False	A
A0A087WSP5	Q7TNB8	A0A087WSP5	Sbno2	True	True	False	True	True	False	A
A0A087WSP5	Q9DCM2	A0A087WSP5	Gstk1	True	True	False	True	True	False	A
A0A087WSP5	Q8C2B3	A0A087WSP5	Hdac7	True	True	False	True	True	False	A
A0A087WSP5	Q9D8C4	A0A087WSP5	Ifi35	True	True	False	True	True	False	A
A0A087WSP5	E9Q0U5	A0A087WSP5	E9Q0U5	True	True	False	True	True	False	A
A0A087WSP5	Q62179	A0A087WSP5	Sema4b	True	True	False	True	True	False	A
A0A087WSP5	Q6ZPV2	A0A087WSP5	Ino80	True	True	False	True	True	False	A
A0A087WSP5	P28740	A0A087WSP5	Kif2a	True	True	False	True	True	False	A
A0A087WSP5	Q9CPY7	A0A087WSP5	Lap3	True	True	False	True	True	False	A
A0A087WSP5	P45700	A0A087WSP5	Man1a1	True	True	False	True	True	False	A
A0A087WSP5	E9PWX0	A0A087WSP5	E9PWX0	True	True	False	True	True	False	A
A0A087WSP5	Q9Z2D0	A0A087WSP5	Mtmr9	True	True	False	True	True	False	A
A0A087WSP5	O35309	A0A087WSP5	Nmi	True	True	False	True	True	False	A
A0A087WSP5	Q8BU03	A0A087WSP5	Pwp2	True	True	False	True	True	False	A
Q61221	P52480	Hif1a	Pkm	True	True	False	True	True	False	A
A0A087WSP5	Q8K194	A0A087WSP5	Snrnp27	True	True	False	True	True	False	A
A0A087WSP5	O70481	A0A087WSP5	Ubr1	True	True	False	True	True	False	A
A0A087WSP5	P59016	A0A087WSP5	Vps33b	True	True	False	True	True	False	A
A0A087WSP5	D3Z5I1	A0A087WSP5	D3Z5I1	True	True	False	True	True	False	A
Q61221	Q80W00	Hif1a	Ppp1r10	True	True	False	True	True	False	A
A0A087WSP5	Q9CZP3	A0A087WSP5	Znf655	True	True	False	True	True	False	A
Q61221	Q60614	Hif1a	Adora2b	True	True	False	True	True	False	A
Q61221	Q9WTR5	Hif1a	Cdh13	True	True	False	True	True	False	A
Q61221	P17183	Hif1a	Eno2	True	True	False	True	True	False	A
Q61221	Q99JZ7	Hif1a	Errfi1	True	True	False	True	True	False	A
Q61221	Q9D6Y9	Hif1a	Gbe1	True	True	False	True	True	False	A
Q61221	Q9DBJ1	Hif1a	Pgam1	True	True	False	True	True	False	A
O09100	A0A1Y7VL02	Gata2	A0A1Y7VL02	True	True	False	True	True	False	A
O09100	A0A0B4J1F4	Gata2	Arrdc4	True	True	False	True	True	False	A
O09100	O35457	Gata2	Ccrl2	True	True	False	True	True	False	A
O09100	P49935	Gata2	Ctsh	True	True	False	True	True	False	A
O09100	Q920E5	Gata2	Fdps	True	True	False	True	True	False	A
O09100	Q9WVH4	Gata2	Foxo3	True	True	False	True	True	False	A
O09100	Q99LE2	Gata2	Gpr146	True	True	False	True	True	False	A
O09100	P63158	Gata2	Hmgb1	True	True	False	True	True	False	A
O09100	P30966	Gata2	Htr5a	True	True	False	True	True	False	A
O09100	Q9ERM2	Gata2	Icam4	True	True	False	True	True	False	A
O09100	P27792	Gata2	Lyl1	True	True	False	True	True	False	A
O09100	Q9JJ00	Gata2	Plscr1	True	True	False	True	True	False	A
O09100	P17564	Gata2	Ppp1r15a	True	True	False	True	True	False	A
O09100	Q8BLR5	Gata2	Psd4	True	True	False	True	True	False	A
O09100	Q8K288	Gata2	Tnfaip8l1	True	True	False	True	True	False	A
O09100	D3Z518	Gata2	D3Z518	True	True	False	True	True	False	A
O09100	Q99KC8	Gata2	Vwa5a	True	True	False	True	True	False	A
E9QPS1	P06728	E9QPS1	Apoa4	True	True	False	True	True	False	A
P28574	P84102	Max	Serf2	True	True	False	True	True	False	A
O70494	J3KMP9	Sp3	J3KMP9	True	True	False	True	True	False	A
A0A087WR05	Q60787	A0A087WR05	Lcp2	True	True	False	True	True	False	A
A0A087WR05	A2AVJ5	A0A087WR05	Prr5l	True	True	False	True	True	False	A
P26687	P47806	Twist1	Gli1	True	True	False	True	True	False	A
Q61069	Q6ZQH8	Usf1	Nup188	True	True	False	True	True	False	A
P19091	P70298	Ar	Cux2	True	False	False	False	False	False	B
P19091	P62897	Ar	Cycs	True	False	False	False	False	False	A
P19091	A0A571BEZ4	Ar	A0A571BEZ4	True	False	False	False	False	False	B
P19091	D3YWP0	Ar	Eef1akmt3	True	False	False	False	False	False	A
P19091	Q9QZD9	Ar	Eif3i	True	False	False	False	False	False	A
P19091	Q3UZV7	Ar	Elapor2	True	False	False	False	False	False	C
P19091	Q8BPU7	Ar	Elmo1	True	False	False	False	False	False	C
P19091	O08580	Ar	Esrra	True	False	False	False	False	False	A
P19091	O35382	Ar	Exoc4	True	False	False	False	False	False	C
P19091	Q3TGF2	Ar	Fam107b	True	False	False	False	False	False	C
P19091	Q9DBR2	Ar	Fam13c	True	False	False	False	False	False	C
P19091	Q8BGW1	Ar	Fto	True	False	False	False	False	False	C
P19091	E0CXS6	Ar	E0CXS6	True	False	False	False	False	False	C
P19091	P36916	Ar	Gnl1	True	False	False	False	False	False	A
P19091	Q8BW56	Ar	Gtdc1	True	False	False	False	False	False	C
P19091	Q64525	Ar	H2bc18	True	False	False	False	False	False	A
P19091	P10854	Ar	H2bc14	True	False	False	False	False	False	A
P19091	Q6ZWY9	Ar	H2bc4; H2bc6; H2bc8	True	False	False	False	False	False	A
P19091	A0A1B0GSQ5	Ar	A0A1B0GSQ5	True	False	False	False	False	False	C
P19091	A0A0N4SVW7	Ar	A0A0N4SVW7	True	False	False	False	False	False	C
P19091	P35428	Ar	Hes1	True	False	False	False	False	False	A
P19091	P06339	Ar	H2-T23	True	False	False	False	False	False	A
P19091	Q9D8C4	Ar	Ifi35	True	False	False	False	False	False	A
P19091	P13504	Ar	Il1r1	True	False	False	False	False	False	A
P19091	Q9Z329	Ar	Itpr2	True	False	False	False	False	False	B
P19091	Q9Z0R4	Ar	Itsn1	True	False	False	False	False	False	B
P19091	Q80ZQ5	Ar	Jazf1	True	False	False	False	False	False	C
P19091	B2RRL2	Ar	Jrkl	True	False	False	False	False	False	C
P19091	A2CG49	Ar	Kalrn	True	False	False	False	False	False	C
P19091	Q53Z09	Ar	Q53Z09	True	False	False	False	False	False	A
P19091	F6TUN6	Ar	F6TUN6	True	False	False	False	False	False	C
P19091	Q8VDC0	Ar	Lars2	True	False	False	False	False	False	B
P19091	Q9Z0M5	Ar	Lipa	True	False	False	False	False	False	C
P19091	Q9JIT0	Ar	Lmbr1	True	False	False	False	False	False	C
P19091	Q8K4G1	Ar	Ltbp4	True	False	False	False	False	False	C
P19091	P33435	Ar	Mmp13	True	False	False	False	False	False	A
P19091	Q3TEW6	Ar	Mpzl1	True	False	False	False	False	False	C
P19091	G3X9H7	Ar	G3X9H7	True	False	False	False	False	False	C
P19091	Q6PDN3	Ar	Mylk	True	False	False	False	False	False	B
P19091	Q91X97	Ar	Ncald	True	False	False	False	False	False	C
P19091	A0A0R4J212	Ar	A0A0R4J212	True	False	False	False	False	False	B
P19091	Q02780	Ar	Nfia	True	False	False	False	False	False	C
P19091	Q9D1X0	Ar	Nol3	True	False	False	False	False	False	C
P19091	Q8BMA5	Ar	Npat	True	False	False	False	False	False	A
P19091	Q9QZS3	Ar	Numb	True	False	False	False	False	False	C
P19091	P41778	Ar	Pbx1	True	False	False	False	False	False	C
P19091	Q69ZS0	Ar	Pdzrn3	True	False	False	False	False	False	C
P19091	Q99LC9	Ar	Pex6	True	False	False	False	False	False	A
P19091	Q3ULQ2	Ar	Q3ULQ2	True	False	False	False	False	False	A
P19091	Q9QUR7	Ar	Pin1	True	False	False	False	False	False	A
P19091	O70343	Ar	Ppargc1a	True	False	False	False	False	False	C
P19091	Q8BG02	Ar	Ppp2r2c	True	False	False	False	False	False	C
P19091	Q7TNL5	Ar	Q7TNL5	True	False	False	False	False	False	A
P19091	Q08501	Ar	Prlr	True	False	False	False	False	False	B
P19091	Q9QVP9	Ar	Ptk2b	True	False	False	False	False	False	C
P19091	Q8BWL5	Ar	Rbms3	True	False	False	False	False	False	C
P19091	F8WGD2	Ar	F8WGD2	True	False	False	False	False	False	C
P19091	Q5UCA9	Ar	Q5UCA9	True	False	False	False	False	False	A
P19091	A0A087WR05	Ar	A0A087WR05	True	False	False	False	False	False	B
P19091	A0A0R4IZW9	Ar	A0A0R4IZW9	True	False	False	False	False	False	A
P19091	O35684	Ar	Serpini1	True	False	False	False	False	False	A
P19091	Q8C0T5	Ar	Sipa1l1	True	False	False	False	False	False	C
P19091	Q80TE4	Ar	Sipa1l2	True	False	False	False	False	False	C
P19091	Q9CR62	Ar	Slc25a11	True	False	False	False	False	False	A
P19091	P40645	Ar	Sox6	True	False	False	False	False	False	C
P19091	Q8BGX7	Ar	Spidr	True	False	False	False	False	False	B
P19091	Q8BKQ3	Ar	Q8BKQ3	True	False	False	False	False	False	C
P19091	P54751	Ar	St3gal1	True	False	False	False	False	False	B
P19091	A0A0J9YTR8	Ar	A0A0J9YTR8	True	False	False	False	False	False	C
P19091	Q64324	Ar	Stxbp2	True	False	False	False	False	False	A
P19091	Q7TNE1	Ar	Sugct	True	False	False	False	False	False	C
P19091	Q8R086	Ar	Suox	True	False	False	False	False	False	A
P19091	F8VQ95	Ar	F8VQ95	True	False	False	False	False	False	C
P19091	Q3UHK6	Ar	Tenm4	True	False	False	False	False	False	C
P19091	O70146	Ar	Tesk1	True	False	False	False	False	False	A
P19091	O08710	Ar	Tg	True	False	False	False	False	False	B
P19091	A0A1L1SQ51	Ar	A0A1L1SQ51	True	False	False	False	False	False	C
P19091	Q5SSZ5	Ar	Tns3	True	False	False	False	False	False	C
P19091	Q8CB49	Ar	Tprg1	True	False	False	False	False	False	B
P19091	Q6NXJ0	Ar	Wwc2	True	False	False	False	False	False	C
P19091	Q8R1J3	Ar	Zcchc9	True	False	False	False	False	False	A
P19091	Q6P1E1	Ar	Zmiz1	True	False	False	False	False	False	B
P19091	A2A484	Ar	A2A484	True	False	False	False	False	False	C
P19091	Q8BXJ8	Ar	Znf385b	True	False	False	False	False	False	C
P19091	G3UVV3	Ar	G3UVV3	True	False	False	False	False	False	B
E9Q7E2	Q641K1	Arid2	Agtpbp1	True	False	False	False	False	False	C
E9Q7E2	A0A286YDW9	Arid2	A0A286YDW9	True	False	False	False	False	False	C
E9Q7E2	Q8VBW5	Arid2	Bbx	True	False	False	False	False	False	C
E9Q7E2	Q8R0X2	Arid2	Cacul1	True	False	False	False	False	False	C
E9Q7E2	Q8K0D0	Arid2	Cdk17	True	False	False	False	False	False	C
E9Q7E2	E9PZM4	Arid2	Chd2	True	False	False	False	False	False	C
E9Q7E2	Q8BYH8	Arid2	Chd9	True	False	False	False	False	False	C
E9Q7E2	Q6NVF9	Arid2	Cpsf6	True	False	False	False	False	False	C
P35582	E9Q7E2	Foxa1	Arid2	True	False	False	False	False	False	C
E9Q7E2	Q8BUR3	Arid2	Foxj3	True	False	False	False	False	False	C
H3BJ24	E9Q7E2	H3BJ24	Arid2	True	False	False	False	False	False	C
E9Q7E2	Q8R081	Arid2	Hnrnpl	True	False	False	False	False	False	C
E9Q7E2	Q69ZK6	Arid2	Jmjd1c	True	False	False	False	False	False	C
E9Q7E2	A0A0N4SUL9	Arid2	A0A0N4SUL9	True	False	False	False	False	False	C
E9Q7E2	Q8BPM2	Arid2	Map4k5	True	False	False	False	False	False	C
E9Q7E2	O54826	Arid2	Mllt10	True	False	False	False	False	False	C
E9Q7E2	Q920Q6	Arid2	Msi2	True	False	False	False	False	False	C
E9Q7E2	Q61026	Arid2	Ncoa2	True	False	False	False	False	False	C
E9Q7E2	Q9WV30	Arid2	Nfat5	True	False	False	False	False	False	C
E9Q7E2	Q925B0	Arid2	Pawr	True	False	False	False	False	False	C
E9Q7E2	P31266	Arid2	Rbpj	True	False	False	False	False	False	C
E9Q7E2	A0A0A6YX54	Arid2	A0A0A6YX54	True	False	False	False	False	False	C
E9Q7E2	P61092	Arid2	Siah1a	True	False	False	False	False	False	C
E9Q7E2	Q62245	Arid2	Sos1	True	False	False	False	False	False	C
E9Q7E2	P70318	Arid2	Tial1	True	False	False	False	False	False	C
E9Q7E2	Q8BFY9	Arid2	Tnpo1	True	False	False	False	False	False	C
E9Q7E2	Q91W36	Arid2	Usp3	True	False	False	False	False	False	C
E9Q7E2	Q924H7	Arid2	Wac	True	False	False	False	False	False	C
E9Q7E2	Q69ZB8	Arid2	Zcchc2	True	False	False	False	False	False	C
E9Q7E2	Q8K3J5	Arid2	Znf131	True	False	False	False	False	False	C
Q62431	O08707	Arid3a	Ackr2	True	False	False	False	False	False	C
Q62431	P24288	Arid3a	Bcat1	True	False	False	False	False	False	C
Q62431	P47774	Arid3a	Ccr7	True	False	False	False	False	False	C
Q62431	Q3TZ02	Arid3a	Q3TZ02	True	False	False	False	False	False	C
Q62431	Q9D3F7	Arid3a	Ddit4	True	False	False	False	False	False	C
Q62431	Q9EQY0	Arid3a	Ern1	True	False	False	False	False	False	C
Q62431	P42128	Arid3a	Foxk1	True	False	False	False	False	False	C
Q62431	Q3ZB57	Arid3a	Q3ZB57	True	False	False	False	False	False	C
Q62431	Q9EP84	Arid3a	Q9EP84	True	False	False	False	False	False	C
Q62431	A0A0A6YXT2	Arid3a	A0A0A6YXT2	True	False	False	False	False	False	A
Q62431	A0A075B5Y3	Arid3a	A0A075B5Y3	True	False	False	False	False	False	A
Q62431	A0A0B4J1N0	Arid3a	A0A0B4J1N0	True	False	False	False	False	False	A
Q62431	A0A075B5Y6	Arid3a	A0A075B5Y6	True	False	False	False	False	False	A
Q62431	A0A075B5W5	Arid3a	A0A075B5W5	True	False	False	False	False	False	A
Q62431	A0A075B5W1	Arid3a	A0A075B5W1	True	False	False	False	False	False	A
Q62431	A0A075B5X5	Arid3a	A0A075B5X5	True	False	False	False	False	False	A
Q62431	A0A075B5Y4	Arid3a	A0A075B5Y4	True	False	False	False	False	False	A
Q62431	A0A075B5R7	Arid3a	A0A075B5R7	True	False	False	False	False	False	A
Q62431	A0A075B680	Arid3a	A0A075B680	True	False	False	False	False	False	A
Q62431	A0A075B5W6	Arid3a	A0A075B5W6	True	False	False	False	False	False	A
Q62431	A0A075B5R9	Arid3a	A0A075B5R9	True	False	False	False	False	False	A
Q62431	A0A075B5X3	Arid3a	A0A075B5X3	True	False	False	False	False	False	A
Q62431	A0A0A6YWI9	Arid3a	A0A0A6YWI9	True	False	False	False	False	False	A
Q62431	A0A0A6YXE0	Arid3a	A0A0A6YXE0	True	False	False	False	False	False	A
Q62431	A0A075B5V2	Arid3a	A0A075B5V2	True	False	False	False	False	False	A
Q62431	A0A075B684	Arid3a	A0A075B684	True	False	False	False	False	False	A
Q62431	A0A075B5Y2	Arid3a	A0A075B5Y2	True	False	False	False	False	False	A
Q62431	A0A0G2JFS5	Arid3a	A0A0G2JFS5	True	False	False	False	False	False	A
Q62431	A0A0B4J1J7	Arid3a	A0A0B4J1J7	True	False	False	False	False	False	A
Q62431	A0A075B5T4	Arid3a	A0A075B5T4	True	False	False	False	False	False	A
Q62431	A0A075B5R4	Arid3a	A0A075B5R4	True	False	False	False	False	False	A
Q62431	A0A0A6YX66	Arid3a	A0A0A6YX66	True	False	False	False	False	False	A
Q62431	A0A0A6YXC3	Arid3a	A0A0A6YXC3	True	False	False	False	False	False	A
Q62431	A0A075B5W7	Arid3a	A0A075B5W7	True	False	False	False	False	False	A
Q62431	A0A0A6YW32	Arid3a	A0A0A6YW32	True	False	False	False	False	False	A
Q62431	A0A075B5W3	Arid3a	A0A075B5W3	True	False	False	False	False	False	A
Q62431	A0A0A6YVR1	Arid3a	A0A0A6YVR1	True	False	False	False	False	False	A
Q62431	P06327	Arid3a	Ighv1-84	True	False	False	False	False	False	A
Q62431	A0A075B5U7	Arid3a	A0A075B5U7	True	False	False	False	False	False	A
Q62431	A0A075B5X2	Arid3a	A0A075B5X2	True	False	False	False	False	False	A
Q62431	A0A0A6YW37	Arid3a	A0A0A6YW37	True	False	False	False	False	False	A
Q62431	A0A0A6YWX0	Arid3a	A0A0A6YWX0	True	False	False	False	False	False	A
Q62431	A0A0A6YXJ9	Arid3a	A0A0A6YXJ9	True	False	False	False	False	False	A
Q62431	A0A0A6YXN5	Arid3a	A0A0A6YXN5	True	False	False	False	False	False	A
Q62431	A0A075B5T7	Arid3a	A0A075B5T7	True	False	False	False	False	False	A
Q62431	P06328	Arid3a	Ighv1-72	True	False	False	False	False	False	A
Q62431	A0A075B674	Arid3a	A0A075B674	True	False	False	False	False	False	A
Q62431	A0A0G2JGK2	Arid3a	A0A0G2JGK2	True	False	False	False	False	False	A
Q62431	A0A0A6YXN4	Arid3a	A0A0A6YXN4	True	False	False	False	False	False	A
Q62431	A0A0A6YX72	Arid3a	A0A0A6YX72	True	False	False	False	False	False	A
Q62431	A0A0B4J1M0	Arid3a	A0A0B4J1M0	True	False	False	False	False	False	A
Q62431	P01754	Arid3a	Ighv1-62-3	True	False	False	False	False	False	A
Q62431	A0A075B5W9	Arid3a	A0A075B5W9	True	False	False	False	False	False	A
Q62431	A0A075B5V0	Arid3a	A0A075B5V0	True	False	False	False	False	False	A
Q62431	A0A0A6YXA5	Arid3a	A0A0A6YXA5	True	False	False	False	False	False	A
Q62431	A0A075B5V5	Arid3a	A0A075B5V5	True	False	False	False	False	False	A
Q62431	P01749	Arid3a	Ighv1-61	True	False	False	False	False	False	A
Q62431	A0A075B5Q0	Arid3a	A0A075B5Q0	True	False	False	False	False	False	A
Q62431	A0A075B5Q4	Arid3a	A0A075B5Q4	True	False	False	False	False	False	A
Q62431	A0A0A6YWG4	Arid3a	A0A0A6YWG4	True	False	False	False	False	False	A
Q62431	A0A0B4J1P4	Arid3a	A0A0B4J1P4	True	False	False	False	False	False	A
Q62431	A0A075B5Q2	Arid3a	A0A075B5Q2	True	False	False	False	False	False	A
Q62431	A0A0A6YWU3	Arid3a	A0A0A6YWU3	True	False	False	False	False	False	A
Q62431	P62482	Arid3a	Kcnab2	True	False	False	False	False	False	C
Q62431	Q8CDB0	Arid3a	Mknk2	True	False	False	False	False	False	C
Q62431	O08789	Arid3a	Mnt	True	False	False	False	False	False	C
Q62431	P43883	Arid3a	Plin2	True	False	False	False	False	False	C
Q62431	Q9QVP9	Arid3a	Ptk2b	True	False	False	False	False	False	C
Q62431	A8Y5H7	Arid3a	Sec14l1	True	False	False	False	False	False	C
Q62431	P54751	Arid3a	St3gal1	True	False	False	False	False	False	C
Q62431	O55098	Arid3a	Stk10	True	False	False	False	False	False	C
Q62431	P70284	Arid3a	Tgif1	True	False	False	False	False	False	C
Q62431	Q64321	Arid3a	Zbtb7b	True	False	False	False	False	False	C
Q62431	Q8CHP0	Arid3a	Zc3h3	True	False	False	False	False	False	C
P53762	B1AVP1	Arnt	B1AVP1	True	False	False	False	False	False	C
P53762	P05064	Arnt	Aldoa	True	False	False	False	False	False	C
P53762	O08538	Arnt	Angpt1	True	False	False	False	False	False	B
P53762	A0A338P6U8	Arnt	A0A338P6U8	True	False	False	False	False	False	C
P53762	Q8BM75	Arnt	Arid5b	True	False	False	False	False	False	C
P53762	Q9QWY8	Arnt	Asap1	True	False	False	False	False	False	C
P53762	P39038	Arnt	Cdh4	True	False	False	False	False	False	C
P53762	E0CXB9	Arnt	E0CXB9	True	False	False	False	False	False	C
P53762	Q8BPM0	Arnt	Daam1	True	False	False	False	False	False	C
P53762	P59764	Arnt	Dock4	True	False	False	False	False	False	C
P53762	Q45VK7	Arnt	Dync2h1	True	False	False	False	False	False	C
P53762	Q91WK2	Arnt	Eif3h	True	False	False	False	False	False	C
P53762	P17182	Arnt	Eno1	True	False	False	False	False	False	C
P53762	A6H5Z3	Arnt	Exoc6b	True	False	False	False	False	False	C
P53762	A0A0R4J0H8	Arnt	A0A0R4J0H8	True	False	False	False	False	False	C
P53762	Q61602	Arnt	Gli3	True	False	False	False	False	False	C
P53762	Q8BW56	Arnt	Gtdc1	True	False	False	False	False	False	C
P53762	E9PUA3	Arnt	E9PUA3	True	False	False	False	False	False	C
P53762	P06151	Arnt	Ldha	True	False	False	False	False	False	A
P53762	Q8BFW7	Arnt	Lpp	True	False	False	False	False	False	C
P53762	O70583	Arnt	Mid1	True	False	False	False	False	False	C
P53762	Q9EPN1	Arnt	Nbea	True	False	False	False	False	False	C
P53762	A0A087WPX3	Arnt	A0A087WPX3	True	False	False	False	False	False	C
P53762	Q02780	Arnt	Nfia	True	False	False	False	False	False	C
P53762	Q99K10	Arnt	Nlgn1	True	False	False	False	False	False	C
P53762	O70172	Arnt	Pip4k2a	True	False	False	False	False	False	C
P53762	P34152	Arnt	Ptk2	True	False	False	False	False	False	C
P53762	Q64487	Arnt	Ptprd	True	False	False	False	False	False	C
P53762	Q62132	Arnt	Ptprr	True	False	False	False	False	False	C
P53762	Q91W59	Arnt	Rbms1	True	False	False	False	False	False	C
P53762	Q8BWL5	Arnt	Rbms3	True	False	False	False	False	False	C
P53762	P31266	Arnt	Rbpj	True	False	False	False	False	False	C
P53762	Q3UH06	Arnt	Rreb1	True	False	False	False	False	False	C
P53762	Q3UHH2	Arnt	Slc22a23	True	False	False	False	False	False	C
P53762	O88307	Arnt	Sorl1	True	False	False	False	False	False	C
P53762	B2KFM7	Arnt	B2KFM7	True	False	False	False	False	False	C
P53762	Q58A65	Arnt	Spag9	True	False	False	False	False	False	C
P53762	Q8BKQ3	Arnt	Q8BKQ3	True	False	False	False	False	False	C
P53762	Q80XQ2	Arnt	Tbc1d5	True	False	False	False	False	False	C
P53762	Q61286	Arnt	Tcf12	True	False	False	False	False	False	C
P53762	A0A0J9YTU7	Arnt	A0A0J9YTU7	True	False	False	False	False	False	C
P53762	A0A0A0MQB7	Arnt	A0A0A0MQB7	True	False	False	False	False	False	C
P53762	E9PWD2	Arnt	E9PWD2	True	False	False	False	False	False	C
P53762	Q0KL02	Arnt	Trio	True	False	False	False	False	False	C
P53762	Q8K245	Arnt	Uvrag	True	False	False	False	False	False	C
P53762	Q80TY5	Arnt	Vps13b	True	False	False	False	False	False	C
P53762	B1ART2	Arnt	B1ART2	True	False	False	False	False	False	C
P53762	Q80XH4	Arnt	Wscd1	True	False	False	False	False	False	C
Q9WTL8	Q6ZQK5	Bmal1	Acap2	True	False	False	False	False	False	C
Q9WTL8	P35455	Bmal1	Avp	True	False	False	False	False	False	A
Q9WTL8	Q8K4Q7	Bmal1	Cerk	True	False	False	False	False	False	C
Q9WTL8	F6QB26	Bmal1	F6QB26	True	False	False	False	False	False	C
Q9WTL8	A0A140T8I9	Bmal1	A0A140T8I9	True	False	False	False	False	False	C
Q9WTL8	Q8CBY1	Bmal1	Samd4a	True	False	False	False	False	False	C
Q9WTL8	O09126	Bmal1	Sema4d	True	False	False	False	False	False	C
Q9WTL8	B1ART2	Bmal1	B1ART2	True	False	False	False	False	False	C
Q02067	P84309	Ascl1	Adcy5	True	False	False	False	False	False	C
Q02067	Q8K209	Ascl1	Adgrg1	True	False	False	False	False	False	C
Q02067	E4W7Y4	Ascl1	E4W7Y4	True	False	False	False	False	False	C
Q02067	G5E8J2	Ascl1	G5E8J2	True	False	False	False	False	False	C
Q02067	A2AWP8	Ascl1	Arhgef10l	True	False	False	False	False	False	C
Q02067	P98197	Ascl1	Atp11a	True	False	False	False	False	False	C
Q02067	Q4QRL3	Ascl1	Ccdc88b	True	False	False	False	False	False	C
Q02067	Q6VGS5	Ascl1	Ccdc88c	True	False	False	False	False	False	C
Q02067	Q8BGU5	Ascl1	Ccny	True	False	False	False	False	False	C
Q02067	P84086	Ascl1	Cplx2	True	False	False	False	False	False	C
Q02067	B1AZP2	Ascl1	Dlgap4	True	False	False	False	False	False	C
Q02067	Q8BGI4	Ascl1	Fam13a	True	False	False	False	False	False	C
Q02067	O70433	Ascl1	Fhl2	True	False	False	False	False	False	C
Q02067	Q91XA2	Ascl1	Golm1	True	False	False	False	False	False	C
Q02067	P62748	Ascl1	Hpcal1	True	False	False	False	False	False	C
Q02067	E9PUA3	Ascl1	E9PUA3	True	False	False	False	False	False	C
Q02067	A2CG49	Ascl1	Kalrn	True	False	False	False	False	False	C
Q02067	O09010	Ascl1	Lfng	True	False	False	False	False	False	C
Q02067	P97479	Ascl1	Myo7a	True	False	False	False	False	False	C
Q02067	E9PY55	Ascl1	E9PY55	True	False	False	False	False	False	C
Q02067	Q8R1F1	Ascl1	Niban2	True	False	False	False	False	False	C
Q02067	Q3TZG8	Ascl1	Q3TZG8	True	False	False	False	False	False	C
Q02067	Q8BHF7	Ascl1	Pgs1	True	False	False	False	False	False	C
Q02067	P97350	Ascl1	Pkp1	True	False	False	False	False	False	C
Q02067	P97819	Ascl1	Pla2g6	True	False	False	False	False	False	C
Q02067	P70207	Ascl1	Plxna2	True	False	False	False	False	False	C
Q02067	Q3UYC0	Ascl1	Ppm1h	True	False	False	False	False	False	C
Q02067	Q64487	Ascl1	Ptprd	True	False	False	False	False	False	C
Q02067	E9QAU8	Ascl1	Ark2c	True	False	False	False	False	False	C
Q02067	A0A087WR05	Ascl1	A0A087WR05	True	False	False	False	False	False	C
Q02067	Q9JJY3	Ascl1	Smpd3	True	False	False	False	False	False	C
Q02067	Q8BKQ3	Ascl1	Q8BKQ3	True	False	False	False	False	False	C
Q02067	Q80TY4	Ascl1	St18	True	False	False	False	False	False	C
Q02067	E9Q8T1	Ascl1	E9Q8T1	True	False	False	False	False	False	C
Q02067	Q9EPQ8	Ascl1	Tcf20	True	False	False	False	False	False	C
Q02067	G3UWG2	Ascl1	G3UWG2	True	False	False	False	False	False	C
Q02067	P63002	Ascl1	Tle5	True	False	False	False	False	False	C
Q02067	Q76HP3	Ascl1	Tmem132d	True	False	False	False	False	False	C
Q02067	Q8C996	Ascl1	Tmem163	True	False	False	False	False	False	C
Q02067	Q8BYI9	Ascl1	Tnr	True	False	False	False	False	False	C
Q02067	Q9JJP2	Ascl1	Tp73	True	False	False	False	False	False	C
Q02067	Q0KL02	Ascl1	Trio	True	False	False	False	False	False	C
Q02067	Q60992	Ascl1	Vav2	True	False	False	False	False	False	C
Q02067	Q80XH4	Ascl1	Wscd1	True	False	False	False	False	False	C
Q02067	Q8BQQ1	Ascl1	Zdhhc14	True	False	False	False	False	False	C
P81269	Q9EPL9	Atf1	Acox3	True	False	False	False	False	False	C
P81269	E9Q4F7	Atf1	Ankrd11	True	False	False	False	False	False	C
P81269	Q9DBG3	Atf1	Ap2b1	True	False	False	False	False	False	C
P81269	P28352	Atf1	Apex1	True	False	False	False	False	False	C
P81269	O08691	Atf1	Arg2	True	False	False	False	False	False	C
P81269	Q99J83	Atf1	Atg5	True	False	False	False	False	False	C
P81269	Q6PAJ1	Atf1	Bcr	True	False	False	False	False	False	C
P81269	Q9JI08	Atf1	Bin3	True	False	False	False	False	False	C
P81269	P48754	Atf1	Brca1	True	False	False	False	False	False	B
P81269	A0A494BBD0	Atf1	A0A494BBD0	True	False	False	False	False	False	C
P81269	Q6PFY9	Atf1	Cdc14b	True	False	False	False	False	False	C
P81269	Q9D486	Atf1	Cmip	True	False	False	False	False	False	C
P81269	Q8BH52	Atf1	Creb3l2	True	False	False	False	False	False	C
P81269	Q6XUX1	Atf1	Dstyk	True	False	False	False	False	False	C
P81269	Q3UN58	Atf1	Faap20	True	False	False	False	False	False	C
P81269	Q9CR13	Atf1	Fmc1	True	False	False	False	False	False	C
P81269	Q7TNC4	Atf1	Luc7l2	True	False	False	False	False	False	C
P81269	P13346	Atf1	Fosb	True	False	False	False	False	False	C
P81269	Q61553	Atf1	Fscn1	True	False	False	False	False	False	C
P81269	P39688	Atf1	Fyn	True	False	False	False	False	False	C
P81269	P36916	Atf1	Gnl1	True	False	False	False	False	False	C
P81269	Q9CRA5	Atf1	Golph3	True	False	False	False	False	False	B
P81269	Q69ZS7	Atf1	Hbs1l	True	False	False	False	False	False	C
P81269	P51859	Atf1	Hdgf	True	False	False	False	False	False	C
P81269	P05017	Atf1	Igf1	True	False	False	False	False	False	C
P81269	Q8VEK6	Atf1	Ing3	True	False	False	False	False	False	C
P81269	Q8K2V6	Atf1	Ipo11	True	False	False	False	False	False	B
P81269	A0A0R4J0R3	Atf1	A0A0R4J0R3	True	False	False	False	False	False	C
P81269	E9PXE2	Atf1	E9PXE2	True	False	False	False	False	False	C
P81269	G5E8D8	Atf1	G5E8D8	True	False	False	False	False	False	C
P81269	Q920Q6	Atf1	Msi2	True	False	False	False	False	False	C
P81269	Q9WU20	Atf1	Mthfr	True	False	False	False	False	False	C
P81269	Q9R008	Atf1	Mvk	True	False	False	False	False	False	C
P81269	Q5SV64	Atf1	Q5SV64	True	False	False	False	False	False	C
P81269	Q3U422	Atf1	Q3U422	True	False	False	False	False	False	C
P81269	Q8BVE8	Atf1	Nsd2	True	False	False	False	False	False	C
P81269	Q6VNS1	Atf1	Ntrk3	True	False	False	False	False	False	C
P81269	E9PXZ2	Atf1	E9PXZ2	True	False	False	False	False	False	C
P81269	Q8K183	Atf1	Pdxk	True	False	False	False	False	False	C
P81269	O35973	Atf1	Per1	True	False	False	False	False	False	C
P81269	Q811B5	Atf1	Prr3	True	False	False	False	False	False	C
P81269	P61290	Atf1	Psme3	True	False	False	False	False	False	C
P81269	P46638	Atf1	Rab11b	True	False	False	False	False	False	C
P81269	P57791	Atf1	Rce1	True	False	False	False	False	False	C
P81269	Q3UH06	Atf1	Rreb1	True	False	False	False	False	False	C
P81269	Q3U1C4	Atf1	Secisbp2	True	False	False	False	False	False	C
P81269	Q8VDQ8	Atf1	Sirt2	True	False	False	False	False	False	C
P81269	A2ASZ8	Atf1	Slc25a25	True	False	False	False	False	False	C
P81269	Q920G8	Atf1	Slc25a37	True	False	False	False	False	False	C
P81269	Q78PY7	Atf1	Snd1	True	False	False	False	False	False	C
P81269	Q9D8U8	Atf1	Snx5	True	False	False	False	False	False	C
P81269	Q99M96	Atf1	St7	True	False	False	False	False	False	C
P81269	Q62351	Atf1	Tfrc	True	False	False	False	False	False	B
P81269	A8C756	Atf1	Thada	True	False	False	False	False	False	C
P81269	Q6PD31	Atf1	Trak1	True	False	False	False	False	False	C
P81269	E9Q7M2	Atf1	Tsc22d2	True	False	False	False	False	False	C
P81269	Q9CQ88	Atf1	Tspan31	True	False	False	False	False	False	B
P81269	P0CG50	Atf1	Ubc	True	False	False	False	False	False	C
P81269	A0A0G2JE32	Atf1	A0A0G2JE32	True	False	False	False	False	False	B
P81269	P62257	Atf1	Ube2h	True	False	False	False	False	False	C
P81269	P70460	Atf1	Vasp	True	False	False	False	False	False	C
P81269	E9Q8K8	Atf1	E9Q8K8	True	False	False	False	False	False	C
P81269	Q91WU6	Atf1	Zdhhc7	True	False	False	False	False	False	C
P81269	Q7TSH9	Atf1	Zfp184	True	False	False	False	False	False	B
P81269	A0A140LJ04	Atf1	A0A140LJ04	True	False	False	False	False	False	C
P16951	A2BH40	Atf2	Arid1a	True	False	False	False	False	False	C
P16951	O35484	Atf2	Azin1	True	False	False	False	False	False	C
P16951	O35495	Atf2	Cdk14	True	False	False	False	False	False	C
P16951	Q8CE22	Atf2	Dmtf1	True	False	False	False	False	False	C
P16951	A0A0R4J0H8	Atf2	A0A0R4J0H8	True	False	False	False	False	False	C
P16951	P01101	Atf2	Fos	True	False	False	False	False	False	A
P16951	H3BJ24	Atf2	H3BJ24	True	False	False	False	False	False	C
P16951	Q9Z0F1	Atf2	Gnas	True	False	False	False	False	False	C
P16951	Q6R0H6	Atf2	Gnas	True	False	False	False	False	False	C
P16951	P63094	Atf2	Gnas	True	False	False	False	False	False	C
P16951	Q6R0H7	Atf2	Gnas	True	False	False	False	False	False	C
P16951	P63213	Atf2	Gng2	True	False	False	False	False	False	C
P16951	Q8BW56	Atf2	Gtdc1	True	False	False	False	False	False	C
P16951	P63158	Atf2	Hmgb1	True	False	False	False	False	False	C
P16951	B1AY49	Atf2	B1AY49	True	False	False	False	False	False	C
P16951	G5E8Q0	Atf2	G5E8Q0	True	False	False	False	False	False	C
P16951	A0A0A6YVV8	Atf2	A0A0A6YVV8	True	False	False	False	False	False	C
P16951	Q920Q6	Atf2	Msi2	True	False	False	False	False	False	C
P16951	Q6DFV7	Atf2	Ncoa7	True	False	False	False	False	False	C
P16951	Q9QZS3	Atf2	Numb	True	False	False	False	False	False	C
P16951	Q4KMM3	Atf2	Oxr1	True	False	False	False	False	False	C
P16951	Q99JF8	Atf2	Psip1	True	False	False	False	False	False	C
P16951	P34152	Atf2	Ptk2	True	False	False	False	False	False	C
P16951	P35283	Atf2	Rab12	True	False	False	False	False	False	C
P16951	A6H6A9	Atf2	Rabgap1l	True	False	False	False	False	False	C
P16951	P31266	Atf2	Rbpj	True	False	False	False	False	False	C
P16951	P62274	Atf2	Rps29	True	False	False	False	False	False	C
P16951	Q8VCQ6	Atf2	Sgms1	True	False	False	False	False	False	C
P16951	Q6P5F6	Atf2	Slc39a10	True	False	False	False	False	False	C
P16951	Q78PY7	Atf2	Snd1	True	False	False	False	False	False	C
P16951	A0A087WSP5	Atf2	A0A087WSP5	True	False	False	False	False	False	C
P16951	Q8BHJ5	Atf2	Tbl1xr1	True	False	False	False	False	False	C
P16951	Q61286	Atf2	Tcf12	True	False	False	False	False	False	C
P16951	A0A0J9YTU7	Atf2	A0A0J9YTU7	True	False	False	False	False	False	C
P16951	P70371	Atf2	Terf1	True	False	False	False	False	False	C
P16951	A8C756	Atf2	Thada	True	False	False	False	False	False	C
P16951	P0CG50	Atf2	Ubc	True	False	False	False	False	False	C
P16951	P52482	Atf2	Ube2e1	True	False	False	False	False	False	C
P16951	P62257	Atf2	Ube2h	True	False	False	False	False	False	C
P16951	E9PWA9	Atf2	E9PWA9	True	False	False	False	False	False	C
P16951	D3Z1Y7	Atf2	D3Z1Y7	True	False	False	False	False	False	C
P16951	B1AX39	Atf2	Zcchc7	True	False	False	False	False	False	C
P16951	B1AWL2	Atf2	Znf462	True	False	False	False	False	False	C
Q60765	E9Q394	Atf3	Akap13	True	False	False	False	False	False	C
Q60765	P10107	Atf3	Anxa1	True	False	False	False	False	False	C
Q60765	O35185	Atf3	Bhlhe40	True	False	False	False	False	False	C
Q60765	Q921H9	Atf3	Coa7	True	False	False	False	False	False	C
Q60765	A0A0N4SV71	Atf3	A0A0N4SV71	True	False	False	False	False	False	C
Q60765	Q921M7	Atf3	Cyrib	True	False	False	False	False	False	C
Q60765	P15037	Atf3	Ets2	True	False	False	False	False	False	C
Q60765	E0CX93	Atf3	E0CX93	True	False	False	False	False	False	C
Q60765	P27600	Atf3	Gna12	True	False	False	False	False	False	C
Q60765	Q8VCD7	Atf3	Kdm4c	True	False	False	False	False	False	C
Q60765	Q5NCY0	Atf3	Kdm6b	True	False	False	False	False	False	C
Q60765	Q8BKH7	Atf3	Mapkap1	True	False	False	False	False	False	C
Q60765	Q8R001	Atf3	Mapre2	True	False	False	False	False	False	C
Q60765	Q924H2	Atf3	Med15	True	False	False	False	False	False	C
Q60765	A0A1Y7VP67	Atf3	A0A1Y7VP67	True	False	False	False	False	False	C
Q60765	Q9JMH9	Atf3	Myo18a	True	False	False	False	False	False	C
Q60765	Q02780	Atf3	Nfia	True	False	False	False	False	False	C
Q60765	P60335	Atf3	Pcbp1	True	False	False	False	False	False	C
Q60765	Q8VBU5	Atf3	Q8VBU5	True	False	False	False	False	False	C
Q60765	O35973	Atf3	Per1	True	False	False	False	False	False	C
Q60765	Q8CCF0	Atf3	Prpf31	True	False	False	False	False	False	C
Q60765	Q63739	Atf3	Ptp4a1	True	False	False	False	False	False	C
Q60765	Q9Z0F6	Atf3	Rad9a	True	False	False	False	False	False	C
Q60765	Q9JHG6	Atf3	Rcan1	True	False	False	False	False	False	C
Q60765	A0A087WR05	Atf3	A0A087WR05	True	False	False	False	False	False	C
Q60765	Q99K82	Atf3	Smox	True	False	False	False	False	False	C
Q60765	Q78PY7	Atf3	Snd1	True	False	False	False	False	False	C
Q60765	Q58A65	Atf3	Spag9	True	False	False	False	False	False	C
Q60765	Q924S7	Atf3	Spred2	True	False	False	False	False	False	C
Q60765	Q9WTN3	Atf3	Srebf1	True	False	False	False	False	False	C
Q60765	A0A140LHC0	Atf3	A0A140LHC0	True	False	False	False	False	False	C
Q60765	Q5SRX1	Atf3	Tom1l2	True	False	False	False	False	False	C
Q60765	Q8K4K4	Atf3	Trib1	True	False	False	False	False	False	C
Q60765	E9Q7M2	Atf3	Tsc22d2	True	False	False	False	False	False	C
Q60765	P0CG50	Atf3	Ubc	True	False	False	False	False	False	C
Q60765	Q99KU0	Atf3	Vmp1	True	False	False	False	False	False	C
Q60765	Q8K0L9	Atf3	Zbtb20	True	False	False	False	False	False	C
Q60765	P23950	Atf3	Zfp36l1	True	False	False	False	False	False	C
Q06507	Q8BGQ7	Atf4	Aars1	True	True	False	True	True	False	B
Q06507	Q64343	Atf4	Abcg1	True	False	False	False	False	False	C
Q06507	Q7TNK8	Atf4	Adm2	True	False	False	False	False	False	C
Q06507	P47738	Atf4	Aldh2	True	False	False	False	False	False	C
Q06507	Q8BML3	Atf4	Q8BML3	True	False	False	False	False	False	C
Q06507	Q9D8C3	Atf4	Alg13	True	False	False	False	False	False	C
Q06507	Q8R1L8	Atf4	Angptl8	True	False	False	False	False	False	C
Q06507	Q9EST5	Atf4	Anp32b	True	False	False	False	False	False	C
Q06507	Q9CQH7	Atf4	Btf3l4	True	False	False	False	False	False	C
Q06507	P06684	Atf4	C5	True	False	False	False	False	False	C
Q06507	O55187	Atf4	Cbx4	True	False	False	False	False	False	C
Q06507	Q8CFW7	Atf4	Cc2d2a	True	False	False	False	False	False	C
Q06507	P53568	Atf4	Cebpg	True	False	False	False	False	False	B
Q06507	Q3V2R3	Atf4	Q3V2R3	True	False	False	False	False	False	C
Q06507	Q60649	Atf4	Clpb	True	False	False	False	False	False	C
Q06507	Q6ZQ08	Atf4	Cnot1	True	False	False	False	False	False	C
Q06507	P56567	Atf4	Csta	True	False	False	False	False	False	C
Q06507	B2RV77	Atf4	B2RV77	True	False	False	False	False	False	C
Q06507	P35174	Atf4	Stfa2	True	False	False	False	False	False	C
Q06507	Q8BWM3	Atf4	Q8BWM3	True	False	False	False	False	False	C
Q06507	Q9D8D6	Atf4	Q9D8D6	True	False	False	False	False	False	C
Q06507	Q05B95	Atf4	Q05B95	True	False	False	False	False	False	C
Q06507	P35173	Atf4	Stfa3	True	False	False	False	False	False	C
Q06507	L7N257	Atf4	L7N257	True	False	False	False	False	False	C
Q06507	Q497J0	Atf4	Q497J0	True	False	False	False	False	False	C
Q06507	P35175	Atf4	Stfa1	True	False	False	False	False	False	C
Q06507	Q9CXV9	Atf4	Dcun1d5	True	False	False	False	False	False	B
Q06507	Q8R3C7	Atf4	Q8R3C7	True	False	False	False	False	False	C
Q06507	A0A0R4J288	Atf4	A0A0R4J288	True	False	False	False	False	False	B
Q06507	P48024	Atf4	Eif1	True	False	False	False	False	False	C
Q06507	Q99L45	Atf4	Eif2s2	True	False	False	False	False	False	C
Q06507	Q9Z0N1	Atf4	Eif2s3x	True	False	False	False	False	False	C
Q06507	H3BK65	Atf4	H3BK65	True	False	False	False	False	False	C
Q06507	Q921G7	Atf4	Etfdh	True	False	False	False	False	False	C
Q06507	Q8VCM7	Atf4	Fgg	True	False	False	False	False	False	C
Q06507	O09160	Atf4	Fut1	True	False	False	False	False	False	C
Q06507	Q91VC9	Atf4	Ghitm	True	False	False	False	False	False	C
Q06507	P05201	Atf4	Got1	True	False	False	False	False	False	C
Q06507	Q61586	Atf4	Gpam	True	False	False	False	False	False	C
Q06507	Q4VBD9	Atf4	Gzf1	True	False	False	False	False	False	C
Q06507	Q8VDJ3	Atf4	Hdlbp	True	False	False	False	False	False	C
Q06507	Q9JJK5	Atf4	Herpud1	True	False	False	False	False	False	C
Q06507	Q5EBG6	Atf4	Hspb6	True	False	False	False	False	False	C
Q06507	Q8K337	Atf4	Inpp5b	True	False	False	False	False	False	C
Q06507	P97875	Atf4	Jdp2	True	False	False	False	False	False	C
Q06507	Q6ZQ58	Atf4	Larp1	True	False	False	False	False	False	C
Q06507	Q8CDD9	Atf4	Lrif1	True	False	False	False	False	False	C
Q06507	Q68FL6	Atf4	Mars1	True	False	False	False	False	False	B
Q06507	Q9D1H9	Atf4	Mfap4	True	False	False	False	False	False	C
Q06507	Q9CQP0	Atf4	Mrpl33	True	False	False	False	False	False	C
Q06507	Q9DC71	Atf4	Mrps15	True	False	False	False	False	False	C
Q06507	Q3V3R1	Atf4	Mthfd1l	True	False	False	False	False	False	B
Q06507	Q6DFV7	Atf4	Ncoa7	True	False	False	False	False	False	C
Q06507	Q672J9	Atf4	Nox3	True	False	False	False	False	False	C
Q06507	P09103	Atf4	P4hb	True	False	False	False	False	False	C
Q06507	Q8BH04	Atf4	Pck2	True	False	False	False	False	False	B
Q06507	Q3UHX2	Atf4	Pdap1	True	False	False	False	False	False	C
Q06507	Q61753	Atf4	Phgdh	True	False	False	False	False	False	C
Q06507	Q8VCE9	Atf4	Plekhh3	True	False	False	False	False	False	C
Q06507	Q8BFW3	Atf4	Ppp1r15b	True	False	False	False	False	False	C
Q06507	Q8C5R2	Atf4	Proser2	True	False	False	False	False	False	C
Q06507	Q922W5	Atf4	Pycr1	True	False	False	False	False	False	C
Q06507	Q8BQX0	Atf4	Q8BQX0	True	False	False	False	False	False	C
Q06507	Q99L28	Atf4	Rsl24d1	True	False	False	False	False	False	B
Q06507	Q9D5K4	Atf4	S100pbp	True	False	False	False	False	False	C
Q06507	Q8C483	Atf4	Q8C483	True	True	False	True	True	False	C
Q06507	Q3U1C4	Atf4	Secisbp2	True	False	False	False	False	False	C
Q06507	Q9CZN7	Atf4	Shmt2	True	False	False	False	False	False	B
Q06507	P61092	Atf4	Siah1a	True	False	False	False	False	False	C
Q06507	Q9ESU7	Atf4	Q9ESU7	True	False	False	False	False	False	C
Q06507	Q8K2P7	Atf4	Slc38a1	True	False	False	False	False	False	C
Q06507	P10852	Atf4	Slc3a2	True	False	False	False	False	False	C
Q06507	Q921V7	Atf4	Slc44a3	True	False	False	False	False	False	C
Q06507	P28571	Atf4	Slc6a9	True	False	False	False	False	False	C
Q06507	Q7TNL3	Atf4	Stk40	True	False	False	False	False	False	B
Q06507	Q8BHS8	Atf4	Sybu	True	False	False	False	False	False	C
Q06507	Q9D0R2	Atf4	Tars1	True	False	False	False	False	False	B
Q06507	Q9QXE7	Atf4	Tbl1x	True	False	False	False	False	False	C
Q06507	O35857	Atf4	Timm44	True	False	False	False	False	False	B
Q06507	Q9D563	Atf4	Tmem114	True	False	False	False	False	False	C
Q06507	Q8R218	Atf4	Tmem150b	True	False	False	False	False	False	C
Q06507	Q8R239	Atf4	Tmem268	True	False	False	False	False	False	C
Q06507	Q8K1T0	Atf4	Tmprss3	True	False	False	False	False	False	C
Q06507	Q99J59	Atf4	Tspan1	True	False	False	False	False	False	C
Q06507	Q80UG8	Atf4	Ttll4	True	False	False	False	False	False	C
Q06507	P0CG49	Atf4	Ubb	True	False	False	False	False	False	C
Q06507	P98156	Atf4	Vldlr	True	False	False	False	False	False	C
Q06507	P97390	Atf4	Vps45	True	False	False	False	False	False	C
Q06507	P32921	Atf4	Wars1	True	True	False	True	True	False	C
Q06507	A0A1W2P7Q6	Atf4	A0A1W2P7Q6	True	False	False	False	False	False	C
Q06507	Q91WQ3	Atf4	Yars1	True	True	False	True	True	False	C
Q06507	Q9D0L1	Atf4	Zbed3	True	False	False	False	False	False	C
Q3TZR9	A2BH40	Q3TZR9	Arid1a	True	False	False	False	False	False	C
Q3US59	A2BH40	Q3US59	Arid1a	True	False	False	False	False	False	C
Q3TZR9	A0A338P6U8	Q3TZR9	A0A338P6U8	True	False	False	False	False	False	C
Q3US59	A0A338P6U8	Q3US59	A0A338P6U8	True	False	False	False	False	False	C
Q3TZR9	Q9D486	Q3TZR9	Cmip	True	False	False	False	False	False	C
Q3US59	Q9D486	Q3US59	Cmip	True	False	False	False	False	False	C
Q3TZR9	Q8BH52	Q3TZR9	Creb3l2	True	False	False	False	False	False	C
Q3US59	Q8BH52	Q3US59	Creb3l2	True	False	False	False	False	False	C
Q3TZR9	F8VPR5	Q3TZR9	F8VPR5	True	False	False	False	False	False	C
Q3US59	F8VPR5	Q3US59	F8VPR5	True	False	False	False	False	False	C
Q3TZR9	P61460	Q3TZR9	Depdc5	True	False	False	False	False	False	C
Q3US59	P61460	Q3US59	Depdc5	True	False	False	False	False	False	C
Q3TZR9	Q7TNG5	Q3TZR9	Eml2	True	False	False	False	False	False	C
Q3US59	Q7TNG5	Q3US59	Eml2	True	False	False	False	False	False	C
Q3TZR9	O35382	Q3TZR9	Exoc4	True	False	False	False	False	False	C
Q3US59	O35382	Q3US59	Exoc4	True	False	False	False	False	False	C
Q3TZR9	Q3UN58	Q3TZR9	Faap20	True	False	False	False	False	False	C
Q3US59	Q3UN58	Q3US59	Faap20	True	False	False	False	False	False	C
Q3TZR9	P05017	Q3TZR9	Igf1	True	False	False	False	False	False	C
Q3US59	P05017	Q3US59	Igf1	True	False	False	False	False	False	C
Q3TZR9	A2A5Y4	Q3TZR9	A2A5Y4	True	False	False	False	False	False	C
Q3US59	A2A5Y4	Q3US59	A2A5Y4	True	False	False	False	False	False	C
Q3TZR9	Q8VCD7	Q3TZR9	Kdm4c	True	False	False	False	False	False	C
Q3US59	Q8VCD7	Q3US59	Kdm4c	True	False	False	False	False	False	C
Q3TZR9	O35345	Q3TZR9	Kpna6	True	False	False	False	False	False	C
Q3US59	O35345	Q3US59	Kpna6	True	False	False	False	False	False	C
Q3TZR9	G3X8T0	Q3TZR9	G3X8T0	True	False	False	False	False	False	C
Q3US59	G3X8T0	Q3US59	G3X8T0	True	False	False	False	False	False	C
Q3TZR9	Q920Q6	Q3TZR9	Msi2	True	False	False	False	False	False	C
Q3US59	Q920Q6	Q3US59	Msi2	True	False	False	False	False	False	C
Q3TZR9	Q02780	Q3TZR9	Nfia	True	False	False	False	False	False	C
Q3US59	Q02780	Q3US59	Nfia	True	False	False	False	False	False	C
Q3TZR9	A0A1C7ZN08	Q3TZR9	A0A1C7ZN08	True	False	False	False	False	False	C
Q3US59	A0A1C7ZN08	Q3US59	A0A1C7ZN08	True	False	False	False	False	False	C
Q3TZR9	B0V2N1	Q3TZR9	Ptprs	True	False	False	False	False	False	C
Q3US59	B0V2N1	Q3US59	Ptprs	True	False	False	False	False	False	C
Q3TZR9	Q78PY7	Q3TZR9	Snd1	True	False	False	False	False	False	C
Q3US59	Q78PY7	Q3US59	Snd1	True	False	False	False	False	False	C
Q3TZR9	Q61286	Q3TZR9	Tcf12	True	False	False	False	False	False	C
Q3US59	Q61286	Q3US59	Tcf12	True	False	False	False	False	False	C
Q3TZR9	Q8BKI2	Q3TZR9	Tnrc6b	True	False	False	False	False	False	C
Q3US59	Q8BKI2	Q3US59	Tnrc6b	True	False	False	False	False	False	C
Q3TZR9	P70399	Q3TZR9	Tp53bp1	True	False	False	False	False	False	C
Q3US59	P70399	Q3US59	Tp53bp1	True	False	False	False	False	False	C
Q3TZR9	P62257	Q3TZR9	Ube2h	True	False	False	False	False	False	C
Q3US59	P62257	Q3US59	Ube2h	True	False	False	False	False	False	C
Q3TZR9	Q9EPK7	Q3TZR9	Xpo7	True	False	False	False	False	False	C
Q3US59	Q9EPK7	Q3US59	Xpo7	True	False	False	False	False	False	C
Q3TZR9	P23950	Q3TZR9	Zfp36l1	True	False	False	False	False	False	C
Q3US59	P23950	Q3US59	Zfp36l1	True	False	False	False	False	False	C
P97302	Q6ZQK5	Bach1	Acap2	True	False	False	False	False	False	C
P97302	Q6NXL5	Bach1	Q6NXL5	True	False	False	False	False	False	C
P97302	Q80SW1	Bach1	Ahcyl1	True	False	False	False	False	False	C
P97302	P05064	Bach1	Aldoa	True	False	False	False	False	False	B
P97302	Q9QWY8	Bach1	Asap1	True	False	False	False	False	False	B
P97302	P59598	Bach1	Asxl1	True	False	False	False	False	False	C
P97302	Q9Z1G4	Bach1	Atp6v0a1	True	False	False	False	False	False	C
P97302	O35855	Bach1	Bcat2	True	False	False	False	False	False	C
P97302	A0JNT9	Bach1	Bicdl1	True	False	False	False	False	False	B
P97302	Q64261	Bach1	Cdk6	True	False	False	False	False	False	B
P97302	Q9WTK2	Bach1	Cdyl	True	False	False	False	False	False	C
P97302	Q6ZQ11	Bach1	Chsy1	True	False	False	False	False	False	C
P97302	F8WIA1	Bach1	F8WIA1	True	False	False	False	False	False	C
P97302	Q8CI96	Bach1	Clip4	True	False	False	False	False	False	B
P97302	Q9WUM4	Bach1	Coro1c	True	False	False	False	False	False	C
P97302	Q9CQ28	Bach1	Dph6	True	False	False	False	False	False	B
P97302	A0A0R4J0H9	Bach1	A0A0R4J0H9	True	False	False	False	False	False	C
P97302	A6PWD2	Bach1	Fhad1	True	False	False	False	False	False	C
P97302	A0A0R4J0H8	Bach1	A0A0R4J0H8	True	False	False	False	False	False	C
H3BJ24	P97302	H3BJ24	Bach1	True	False	False	False	False	False	B
P97302	Q8R3R8	Bach1	Gabarapl1	True	False	False	False	False	False	C
P97302	P48316	Bach1	Gadd45a	True	False	False	False	False	False	C
P97302	A0A1D5RM07	Bach1	A0A1D5RM07	True	False	False	False	False	False	C
P97302	P97494	Bach1	Gclc	True	False	False	False	False	False	B
P97302	P17095	Bach1	Hmga1	True	False	False	False	False	False	C
P97302	Q9Z2G9	Bach1	Htatip2	True	False	False	False	False	False	C
P97302	P19182	Bach1	Ifrd1	True	False	False	False	False	False	B
P97302	Q8CDD8	Bach1	Kctd20	True	False	False	False	False	False	B
P97302	F6YRW4	Bach1	F6YRW4	True	False	False	False	False	False	C
P97302	Q3U410	Bach1	Klhl21	True	False	False	False	False	False	C
P97302	Q3U9G9	Bach1	Lbr	True	False	False	False	False	False	B
P97302	Q8BGA2	Bach1	Lhfpl2	True	False	False	False	False	False	C
P97302	A0A0N4SVC8	Bach1	A0A0N4SVC8	True	False	False	False	False	False	C
P97302	O54790	Bach1	Mafg	True	False	False	False	False	False	B
P97302	Q61532	Bach1	Mapk6	True	False	False	False	False	False	C
P97302	Q6PER3	Bach1	Mapre3	True	False	False	False	False	False	C
P97302	A2A5Y6	Bach1	A2A5Y6	True	False	False	False	False	False	B
P97302	P06801	Bach1	Me1	True	False	False	False	False	False	B
P97302	A0A1Y7VP67	Bach1	A0A1Y7VP67	True	False	False	False	False	False	C
P97302	Q3TPJ7	Bach1	Midn	True	False	False	False	False	False	C
P97302	Q9CR78	Bach1	Msantd3	True	False	False	False	False	False	B
P97302	Q9D1H6	Bach1	Ndufaf4	True	False	False	False	False	False	C
P97302	Q9JI75	Bach1	Nqo2	True	False	False	False	False	False	B
P97302	Q8BHG1	Bach1	Nrdc	True	False	False	False	False	False	C
P97302	O08969	Bach1	Phlda2	True	False	False	False	False	False	B
P97302	E9PUQ9	Bach1	E9PUQ9	True	False	False	False	False	False	C
P97302	B1AS24	Bach1	B1AS24	True	False	False	False	False	False	B
P97302	Q812A5	Bach1	Prr5	True	False	False	False	False	False	C
P97302	Q61207	Bach1	Psap	True	False	False	False	False	False	B
P97302	Q8BMS9	Bach1	Rassf2	True	False	False	False	False	False	C
P97302	Q6ZQM0	Bach1	Rffl	True	False	False	False	False	False	B
P97302	Q8BGI1	Bach1	Rnf24	True	False	False	False	False	False	C
P97302	A0A087WR05	Bach1	A0A087WR05	True	False	False	False	False	False	C
P97302	Q9Z131	Bach1	Sh3bp5	True	False	False	False	False	False	C
P97302	G3X9F6	Bach1	G3X9F6	True	False	False	False	False	False	C
P97302	Q9D8M3	Bach1	Slc48a1	True	False	False	False	False	False	B
P97302	Q9WTR6	Bach1	Slc7a11	True	False	False	False	False	False	B
P97302	Q9D7Y9	Bach1	Slx4ip	True	False	False	False	False	False	B
P97302	Q3TKT4	Bach1	Smarca4	True	False	False	False	False	False	B
P97302	Q9CWR2	Bach1	Smyd3	True	False	False	False	False	False	C
P97302	P09671	Bach1	Sod2	True	False	False	False	False	False	C
P97302	Q64337	Bach1	Sqstm1	True	False	False	False	False	False	B
P97302	A1L0T3	Bach1	Ssc4d	True	False	False	False	False	False	B
P97302	D3YWM9	Bach1	D3YWM9	True	False	False	False	False	False	B
P97302	Q93092	Bach1	Taldo1	True	False	False	False	False	False	C
P97302	Q0VGY8	Bach1	Tanc1	True	False	False	False	False	False	C
P97302	Q8K1H1	Bach1	Tdrd7	True	False	False	False	False	False	C
P97302	D3Z4L9	Bach1	D3Z4L9	True	False	False	False	False	False	B
P97302	A0A0R4J0Q6	Bach1	A0A0R4J0Q6	True	False	False	False	False	False	B
P97302	P0CG50	Bach1	Ubc	True	False	False	False	False	False	C
P97302	Q99KU0	Bach1	Vmp1	True	False	False	False	False	False	C
P97302	Q8R1C3	Bach1	Vopp1	True	False	False	False	False	False	C
P97302	Q8K0L9	Bach1	Zbtb20	True	False	False	False	False	False	C
P97302	Q6P1E1	Bach1	Zmiz1	True	False	False	False	False	False	C
P97302	Q3U0X6	Bach1	Q3U0X6	True	False	False	False	False	False	C
P97302	Q8C689	Bach1	Q8C689	True	False	False	False	False	False	C
P97303	O35643	Bach2	Ap1b1	True	False	False	False	False	False	C
P97303	Q91X46	Bach2	Arhgef3	True	False	False	False	False	False	C
P97303	E9QLB8	Bach2	E9QLB8	True	False	False	False	False	False	C
P97303	Q8BPM0	Bach2	Daam1	True	False	False	False	False	False	C
P97303	A0A0R4J0H9	Bach2	A0A0R4J0H9	True	False	False	False	False	False	C
P97303	Q60902	Bach2	Eps15l1	True	False	False	False	False	False	C
P97303	P07903	Bach2	Ercc1	True	False	False	False	False	False	C
P97303	P27577	Bach2	Ets1	True	False	False	False	False	False	C
P97303	Q9WVH4	Bach2	Foxo3	True	False	False	False	False	False	C
H3BJ24	P97303	H3BJ24	Bach2	True	False	False	False	False	False	B
P97303	H3BJ24	Bach2	H3BJ24	True	False	False	False	False	False	C
P97303	P46425	Bach2	Gstp2	True	False	False	False	False	False	C
P97303	P19157	Bach2	Gstp1	True	False	False	False	False	False	C
P97303	Q3UHF7	Bach2	Hivep2	True	False	False	False	False	False	C
P97303	P19182	Bach2	Ifrd1	True	False	False	False	False	False	C
P97303	B2RXC2	Bach2	B2RXC2	True	False	False	False	False	False	C
P97303	Q69ZK6	Bach2	Jmjd1c	True	False	False	False	False	False	C
P97303	Q8CDD8	Bach2	Kctd20	True	False	False	False	False	False	C
P97303	Q3U410	Bach2	Klhl21	True	False	False	False	False	False	C
P97303	Q3U9G9	Bach2	Lbr	True	False	False	False	False	False	C
P97303	Q5S006	Bach2	Lrrk2	True	False	False	False	False	False	C
P97303	O54790	Bach2	Mafg	True	False	False	False	False	False	C
P97303	Q8R4G6	Bach2	Mgat5	True	False	False	False	False	False	C
P97303	Q6P6L5	Bach2	Q6P6L5	True	False	False	False	False	False	C
P97303	S4R1M9	Bach2	Osbpl10	True	False	False	False	False	False	C
P97303	Q3UH93	Bach2	Plxnd1	True	False	False	False	False	False	C
P97303	A0A1L1SRM4	Bach2	A0A1L1SRM4	True	False	False	False	False	False	C
P97303	A2A7B5	Bach2	A2A7B5	True	False	False	False	False	False	C
P97303	Q61207	Bach2	Psap	True	False	False	False	False	False	C
P97303	O35295	Bach2	Purb	True	False	False	False	False	False	C
P97303	Q8C2K5	Bach2	Rasal3	True	False	False	False	False	False	C
P97303	Q8BMS9	Bach2	Rassf2	True	False	False	False	False	False	C
P97303	Q6ZQM0	Bach2	Rffl	True	False	False	False	False	False	C
P97303	O09126	Bach2	Sema4d	True	False	False	False	False	False	C
P97303	Q06986	Bach2	Siah2	True	False	False	False	False	False	C
P97303	B1AT66	Bach2	Slc16a6	True	False	False	False	False	False	C
P97303	O35316	Bach2	Slc6a6	True	False	False	False	False	False	C
P97303	Q9Z1K8	Bach2	Slc7a7	True	False	False	False	False	False	C
P97303	E9Q1K0	Bach2	E9Q1K0	True	False	False	False	False	False	C
P97303	Q64337	Bach2	Sqstm1	True	False	False	False	False	False	C
P97303	Q6A028	Bach2	Swap70	True	False	False	False	False	False	C
P97303	Q9WUN2	Bach2	Tbk1	True	False	False	False	False	False	C
P97303	A0A0J9YTU7	Bach2	A0A0J9YTU7	True	False	False	False	False	False	C
P97303	P41274	Bach2	Tnfsf9	True	False	False	False	False	False	C
P97303	P68368	Bach2	Tuba4a	True	False	False	False	False	False	C
P97303	Q8VBT1	Bach2	Txlnb	True	False	False	False	False	False	C
P97303	Q8C0C0	Bach2	Zhx2	True	False	False	False	False	False	C
O35284	Q8R5A3	Batf	Apbb1ip	True	False	False	False	False	False	C
O35284	Q8BYW1	Batf	Arhgap25	True	False	False	False	False	False	C
O35284	Q8R0S4	Batf	Cacnb4	True	False	False	False	False	False	C
O35284	P47774	Batf	Ccr7	True	False	False	False	False	False	C
O35284	P97821	Batf	Ctsc	True	False	False	False	False	False	C
O35284	Q921M7	Batf	Cyrib	True	False	False	False	False	False	C
O35284	Q8K382	Batf	Dennd1a	True	False	False	False	False	False	C
O35284	P11531	Batf	Dmd	True	False	False	False	False	False	C
O35284	Q8C3J5	Batf	Dock2	True	False	False	False	False	False	C
O35284	Q60775	Batf	Elf1	True	False	False	False	False	False	C
O35284	A2AJL3	Batf	Fggy	True	False	False	False	False	False	C
O35284	Q3TCV3	Batf	Gsap	True	False	False	False	False	False	C
O35284	O89113	Batf	Ier5	True	False	False	False	False	False	C
O35284	G5E8H3	Batf	G5E8H3	True	False	False	False	False	False	C
O35284	O08900	Batf	Ikzf3	True	False	False	False	False	False	C
O35284	P13504	Batf	Il1r1	True	False	False	False	False	False	C
O35284	P27931	Batf	Il1r2	True	False	False	False	False	False	C
O35284	A0A087WQN5	Batf	A0A087WQN5	True	False	False	False	False	False	C
O35284	F8VQJ3	Batf	F8VQJ3	True	False	False	False	False	False	C
O35284	Q61168	Batf	Laptm5	True	False	False	False	False	False	C
O35284	O35099	Batf	Map3k5	True	False	False	False	False	False	C
O35284	Q8BGW5	Batf	Nabp1	True	False	False	False	False	False	C
O35284	P70365	Batf	Ncoa1	True	False	False	False	False	False	C
O35284	Q9ES70	Batf	Nek6	True	False	False	False	False	False	C
O35284	P25799	Batf	Nfkb1	True	False	False	False	False	False	C
P25799	O35284	Nfkb1	Batf	True	False	False	False	False	False	C
O35284	Q810U4	Batf	Nrcam	True	False	False	False	False	False	C
O35284	Q9EQ32	Batf	Pik3ap1	True	False	False	False	False	False	C
O35284	Q5SW28	Batf	Pik3r5	True	False	False	False	False	False	C
O35284	P68404	Batf	Prkcb	True	False	False	False	False	False	C
O35284	P23298	Batf	Prkch	True	False	False	False	False	False	C
O35284	Q06180	Batf	Ptpn2	True	False	False	False	False	False	C
O35284	A6H6A9	Batf	Rabgap1l	True	False	False	False	False	False	C
O35284	Q91ZZ2	Batf	Q91ZZ2	True	False	False	False	False	False	C
O35284	Q91WT8	Batf	Rbm47	True	False	False	False	False	False	C
O35284	Q9D3G9	Batf	Rhoh	True	False	False	False	False	False	C
O35284	P59729	Batf	Rin3	True	False	False	False	False	False	C
O35284	A0A087WR05	Batf	A0A087WR05	True	False	False	False	False	False	C
O35284	P57725	Batf	Samsn1	True	False	False	False	False	False	C
O35284	Q9QUM4	Batf	Slamf1	True	False	False	False	False	False	C
O35284	P54751	Batf	St3gal1	True	False	False	False	False	False	C
O35284	Q64685	Batf	St6gal1	True	False	False	False	False	False	C
O35284	Q99M96	Batf	St7	True	False	False	False	False	False	C
O35284	O55098	Batf	Stk10	True	False	False	False	False	False	C
O35284	P36423	Batf	Tbxas1	True	False	False	False	False	False	C
O35284	Q60846	Batf	Tnfrsf8	True	False	False	False	False	False	B
O35284	Q9ESN6	Batf	Trim2	True	False	False	False	False	False	C
O35284	Q8R1C3	Batf	Vopp1	True	False	False	False	False	False	C
Q9QYE3	O08739	Bcl11a	Ampd3	True	False	False	False	False	False	C
Q9QYE3	A0A087WS83	Bcl11a	A0A087WS83	True	False	False	False	False	False	C
Q9QYE3	Q6VGS5	Bcl11a	Ccdc88c	True	False	False	False	False	False	C
Q9QYE3	Q9WTK2	Bcl11a	Cdyl	True	False	False	False	False	False	C
Q9QYE3	A0A0G2JE70	Bcl11a	A0A0G2JE70	True	False	False	False	False	False	C
Q9QYE3	G3UXH9	Bcl11a	G3UXH9	True	False	False	False	False	False	C
Q9QYE3	Q8BPU7	Bcl11a	Elmo1	True	False	False	False	False	False	C
Q9QYE3	Q8CBF3	Bcl11a	Ephb1	True	False	False	False	False	False	C
P27577	Q9QYE3	Ets1	Bcl11a	True	False	False	False	False	False	C
Q9QYE3	P97360	Bcl11a	Etv6	True	False	False	False	False	False	C
H3BJ24	Q9QYE3	H3BJ24	Bcl11a	True	False	False	False	False	False	B
Q9QYE3	Q61598	Bcl11a	Gdi2	True	False	False	False	False	False	C
Q9QYE3	Q0VDU3	Bcl11a	Gpr15	True	False	False	False	False	False	C
Q9QYE3	E9QNX9	Bcl11a	E9QNX9	True	False	False	False	False	False	C
Q9QYE3	Q62315	Bcl11a	Jarid2	True	False	False	False	False	False	C
Q9QYE3	Q6P1G2	Bcl11a	Kdm2b	True	False	False	False	False	False	C
Q9QYE3	Q6V595	Bcl11a	Klhl6	True	False	False	False	False	False	C
Q9QYE3	Q61233	Bcl11a	Lcp1	True	False	False	False	False	False	C
Q9QYE3	Q07174	Bcl11a	Map3k8	True	False	False	False	False	False	C
Q9QYE3	P70255	Bcl11a	Nfic	True	False	False	False	False	False	C
Q02650	Q9QYE3	Pax5	Bcl11a	True	False	False	False	False	False	C
Q9QYE3	Q02650	Bcl11a	Pax5	True	False	False	False	False	False	C
Q9QYE3	Q64338	Bcl11a	Pde1c	True	False	False	False	False	False	C
Q9QYE3	Q9EQ32	Bcl11a	Pik3ap1	True	False	False	False	False	False	C
Q9QYE3	Q60996	Bcl11a	Ppp2r5c	True	False	False	False	False	False	C
Q9QYE3	P68404	Bcl11a	Prkcb	True	False	False	False	False	False	C
Q3U1Q3	Q9QYE3	Q3U1Q3	Bcl11a	True	False	False	False	False	False	C
Q9QYE3	Q3U1Q3	Bcl11a	Q3U1Q3	True	False	False	False	False	False	C
Q9QYE3	Q8VI23	Bcl11a	Slc12a8	True	False	False	False	False	False	C
Q9QYE3	O88307	Bcl11a	Sorl1	True	False	False	False	False	False	C
Q9QYE3	Q6ZWQ0	Bcl11a	Syne2	True	False	False	False	False	False	C
Q9QYE3	E0CX53	Bcl11a	E0CX53	True	False	False	False	False	False	C
Q9QYE3	Q62441	Bcl11a	Tle4	True	False	False	False	False	False	C
Q9QYE3	Q6PD31	Bcl11a	Trak1	True	False	False	False	False	False	C
Q9QYE3	Q6P1E1	Bcl11a	Zmiz1	True	False	False	False	False	False	C
Q9QYE3	A2A484	Bcl11a	A2A484	True	False	False	False	False	False	C
Q9QYE3	Q8BG89	Bcl11a	Znf365	True	False	False	False	False	False	C
P41183	A0A0R4J020	Bcl6	A0A0R4J020	True	False	False	False	False	False	C
P41183	Q6ZQ82	Bcl6	Arhgap26	True	False	False	False	False	False	C
P41183	Q8BM75	Bcl6	Arid5b	True	False	False	False	False	False	C
P41183	A0A494BBD0	Bcl6	A0A494BBD0	True	False	False	False	False	False	C
P41183	B7ZP57	Bcl6	B7ZP57	True	False	False	False	False	False	C
P41183	P30282	Bcl6	Ccnd3	True	False	False	False	False	False	C
P41183	O35732	Bcl6	Cflar	True	False	False	False	False	False	C
P41183	Q99N11	Bcl6	Dusp22	True	False	False	False	False	False	C
P41183	Q8K0G5	Bcl6	Eipr1	True	False	False	False	False	False	C
Q9R1E0	P41183	Foxo1	Bcl6	True	False	False	False	False	False	C
P41183	Q3UHD2	Bcl6	Gfod1	True	False	False	False	False	False	C
P41183	Q8K0C9	Bcl6	Gmds	True	False	False	False	False	False	C
P41183	Q8C0L9	Bcl6	Gpcpd1	True	False	False	False	False	False	C
P41183	Q6NZM9	Bcl6	Hdac4	True	False	False	False	False	False	C
P41183	P16382	Bcl6	Il4r	True	False	False	False	False	False	C
P41183	Q6ZPI0	Bcl6	Jade1	True	False	False	False	False	False	C
P41183	P35951	Bcl6	Ldlr	True	False	False	False	False	False	C
P41183	Q8BFW7	Bcl6	Lpp	True	False	False	False	False	False	C
P41183	Q07174	Bcl6	Map3k8	True	False	False	False	False	False	C
P41183	Q3UMW7	Bcl6	Mapkapk3	True	False	False	False	False	False	C
P41183	Q6DFV7	Bcl6	Ncoa7	True	False	False	False	False	False	C
P41183	S4R1M9	Bcl6	Osbpl10	True	False	False	False	False	False	C
P41183	Q8CIH5	Bcl6	Plcg2	True	False	False	False	False	False	C
P41183	Q8R527	Bcl6	Rhoq	True	False	False	False	False	False	C
P41183	Q62179	Bcl6	Sema4b	True	False	False	False	False	False	C
P41183	Q60898	Bcl6	Sla	True	False	False	False	False	False	C
P41183	P54751	Bcl6	St3gal1	True	False	False	False	False	False	C
P41183	Q6ZWQ0	Bcl6	Syne2	True	False	False	False	False	False	C
P41183	O09117	Bcl6	Sypl1	True	False	False	False	False	False	C
P41183	E9PVV1	Bcl6	E9PVV1	True	False	False	False	False	False	C
P41183	Q08122	Bcl6	Tle3	True	False	False	False	False	False	C
P41183	Q5SSZ5	Bcl6	Tns3	True	False	False	False	False	False	C
P41183	Q6IRU2	Bcl6	Tpm4	True	False	False	False	False	False	C
P41183	Q8BQH4	Bcl6	Ubald2	True	False	False	False	False	False	C
P41183	Q5DID3	Bcl6	Umodl1	True	False	False	False	False	False	C
P41183	Q7TS63	Bcl6	Zfat	True	False	False	False	False	False	C
A0A0R4J056	Q923W9	A0A0R4J056	Adam33	True	False	False	False	False	False	C
A0A0R4J056	Q91ZV8	A0A0R4J056	Adgra2	True	False	False	False	False	False	C
A0A0R4J056	Q640N1	A0A0R4J056	Aebp1	True	False	False	False	False	False	C
A0A0R4J056	Q62148	A0A0R4J056	Aldh1a2	True	False	False	False	False	False	C
A0A0R4J056	O54774	A0A0R4J056	Ap3d1	True	False	False	False	False	False	C
A0A0R4J056	A0A0R4J138	A0A0R4J056	A0A0R4J138	True	False	False	False	False	False	C
A0A0R4J056	Q9WTK2	A0A0R4J056	Cdyl	True	False	False	False	False	False	C
A0A0R4J056	Q9Z2U4	A0A0R4J056	Elf4	True	False	False	False	False	False	C
A0A0R4J056	F6QB26	A0A0R4J056	F6QB26	True	False	False	False	False	False	C
A0A0R4J056	E9QNX9	A0A0R4J056	E9QNX9	True	False	False	False	False	False	C
A0A0R4J056	P19973	A0A0R4J056	Lsp1	True	False	False	False	False	False	C
A0A0R4J056	Q6PDN3	A0A0R4J056	Mylk	True	False	False	False	False	False	C
A0A0R4J056	Q8K212	A0A0R4J056	Pacs1	True	False	False	False	False	False	C
A0A0R4J056	A0A0A6YWM6	A0A0R4J056	A0A0A6YWM6	True	False	False	False	False	False	C
A0A0R4J056	Q8K394	A0A0R4J056	Plcl2	True	False	False	False	False	False	C
A0A0R4J056	E9Q4S7	A0A0R4J056	E9Q4S7	True	False	False	False	False	False	C
A0A0R4J056	Q8R550	A0A0R4J056	Sh3kbp1	True	False	False	False	False	False	C
A0A0R4J056	Q8BMS2	A0A0R4J056	Spon2	True	False	False	False	False	False	C
A0A0R4J056	Q6ZWQ0	A0A0R4J056	Syne2	True	False	False	False	False	False	C
O35185	O35379	Bhlhe40	Abcc1	True	False	False	False	False	False	C
O35185	Q6NXL5	Bhlhe40	Q6NXL5	True	False	False	False	False	False	C
O35185	P60710	Bhlhe40	Actb	True	False	False	False	False	False	C
O35185	E9Q4F7	Bhlhe40	Ankrd11	True	False	False	False	False	False	C
O35185	Q91X46	Bhlhe40	Arhgef3	True	False	False	False	False	False	C
O35185	Q9Z2F6	Bhlhe40	Bcl3	True	False	False	False	False	False	C
O35185	Q8CGN4	Bhlhe40	Bcor	True	False	False	False	False	False	C
O35185	O88324	Bhlhe40	Cd83	True	False	False	False	False	False	C
O35185	P39689	Bhlhe40	Cdkn1a	True	False	False	False	False	False	C
O35185	A0A0N4SV71	Bhlhe40	A0A0N4SV71	True	False	False	False	False	False	C
O35185	P41241	Bhlhe40	Csk	True	False	False	False	False	False	C
O35185	Q60598	Bhlhe40	Cttn	True	False	False	False	False	False	C
O35185	Q9D415	Bhlhe40	Dlgap1	True	False	False	False	False	False	C
O35185	A0A0R4J0H9	Bhlhe40	A0A0R4J0H9	True	False	False	False	False	False	C
O35185	Q64378	Bhlhe40	Fkbp5	True	False	False	False	False	False	C
O35185	Q80X90	Bhlhe40	Flnb	True	False	False	False	False	False	C
O35185	Q9Z0J7	Bhlhe40	Gdf15	True	False	False	False	False	False	C
O35185	Q3UHD2	Bhlhe40	Gfod1	True	False	False	False	False	False	C
O35185	P27600	Bhlhe40	Gna12	True	False	False	False	False	False	C
O35185	P35428	Bhlhe40	Hes1	True	False	False	False	False	False	C
O35185	P41136	Bhlhe40	Id2	True	False	False	False	False	False	C
O35185	E9Q1P8	Bhlhe40	Irf2bp2	True	False	False	False	False	False	C
O35185	Q69ZK6	Bhlhe40	Jmjd1c	True	False	False	False	False	False	C
O35185	P35951	Bhlhe40	Ldlr	True	False	False	False	False	False	C
O35185	O09110	Bhlhe40	Map2k3	True	False	False	False	False	False	C
O35185	Q8CJ19	Bhlhe40	Mical3	True	False	False	False	False	False	C
O35185	A0A1Y7VP67	Bhlhe40	A0A1Y7VP67	True	False	False	False	False	False	C
O35185	Q6ZQE4	Bhlhe40	Nemp1	True	False	False	False	False	False	C
P70255	O35185	Nfic	Bhlhe40	True	False	False	False	False	False	C
O35185	Q3UV55	Bhlhe40	Nr1d1	True	False	False	False	False	False	C
O35185	P12813	Bhlhe40	Nr4a1	True	False	False	False	False	False	B
P12813	O35185	Nr4a1	Bhlhe40	True	False	False	False	False	False	C
O35185	Q9ES46	Bhlhe40	Parvb	True	False	False	False	False	False	C
O35185	A2AUP1	Bhlhe40	A2AUP1	True	False	False	False	False	False	C
O35185	P06803	Bhlhe40	Pim1	True	False	False	False	False	False	C
O35185	Q9QXS1	Bhlhe40	Plec	True	False	False	False	False	False	C
O35185	Q03385	Bhlhe40	Ralgds	True	False	False	False	False	False	C
O35185	O54828	Bhlhe40	Rgs9	True	False	False	False	False	False	C
O35185	Q62179	Bhlhe40	Sema4b	True	False	False	False	False	False	C
O35185	D3Z107	Bhlhe40	D3Z107	True	False	False	False	False	False	C
O35185	P57787	Bhlhe40	Slc16a3	True	False	False	False	False	False	C
O35185	Q8R070	Bhlhe40	Slc37a1	True	False	False	False	False	False	C
O35185	Q9Z127	Bhlhe40	Slc7a5	True	False	False	False	False	False	C
O35185	O35253	Bhlhe40	Smad7	True	False	False	False	False	False	C
O35185	Q8R570	Bhlhe40	Snap47	True	False	False	False	False	False	C
O35185	P05480	Bhlhe40	Src	True	False	False	False	False	False	C
O35185	A0A571BG39	Bhlhe40	A0A571BG39	True	False	False	False	False	False	C
O35185	P11031	Bhlhe40	Sub1	True	False	False	False	False	False	C
O35185	D3YWM9	Bhlhe40	D3YWM9	True	False	False	False	False	False	C
E9PVV1	O35185	E9PVV1	Bhlhe40	True	False	False	False	False	False	C
O35185	Q08122	Bhlhe40	Tle3	True	False	False	False	False	False	C
O35185	P41274	Bhlhe40	Tnfsf9	True	False	False	False	False	False	C
O35185	Q3U0M1	Bhlhe40	Trappc9	True	False	False	False	False	False	C
O35185	A0A0G2JE32	Bhlhe40	A0A0G2JE32	True	False	False	False	False	False	C
O35185	Q3U4G3	Bhlhe40	Xxylt1	True	False	False	False	False	False	C
O35185	P23950	Bhlhe40	Zfp36l1	True	False	False	False	False	False	C
P43241	B8JJE0	Cdx2	B8JJE0	True	False	False	False	False	False	C
P43241	O88312	Cdx2	Agr2	True	False	False	False	False	False	C
P43241	E9Q394	Cdx2	Akap13	True	False	False	False	False	False	C
P43241	B1AWN4	Cdx2	Atp10b	True	False	False	False	False	False	C
P43241	E9QA15	Cdx2	E9QA15	True	False	False	False	False	False	C
P43241	P47754	Cdx2	Capza2	True	False	False	False	False	False	C
P43241	Q3TTA7	Cdx2	Cblb	True	False	False	False	False	False	C
P43241	A0A1D5RLQ9	Cdx2	A0A1D5RLQ9	True	False	False	False	False	False	C
P43241	Q8BXK9	Cdx2	Clic5	True	False	False	False	False	False	C
P43241	A0A571BEZ4	Cdx2	A0A571BEZ4	True	False	False	False	False	False	C
P43241	Q9D415	Cdx2	Dlgap1	True	False	False	False	False	False	C
P43241	Q08509	Cdx2	Eps8	True	False	False	False	False	False	C
P43241	P97805	Cdx2	Fam3d	True	False	False	False	False	False	C
P43241	H3BJ24	Cdx2	H3BJ24	True	False	False	False	False	False	C
P43241	A0A0R4J209	Cdx2	A0A0R4J209	True	False	False	False	False	False	C
P43241	E9QPS1	Cdx2	E9QPS1	True	False	False	False	False	False	B
P43241	A0A0G2JEM8	Cdx2	A0A0G2JEM8	True	False	False	False	False	False	C
P43241	O70583	Cdx2	Mid1	True	False	False	False	False	False	C
P43241	Q6PDN3	Cdx2	Mylk	True	False	False	False	False	False	C
P43241	Q02780	Cdx2	Nfia	True	False	False	False	False	False	C
P43241	Q91VT1	Cdx2	Nsmce2	True	False	False	False	False	False	C
P43241	Q8CI51	Cdx2	Pdlim5	True	False	False	False	False	False	C
P43241	Q91UZ1	Cdx2	Q91UZ1	True	False	False	False	False	False	C
P43241	A0A087WR05	Cdx2	A0A087WR05	True	False	False	False	False	False	C
P43241	Q91X43	Cdx2	Sh3d19	True	False	False	False	False	False	C
P43241	Q8C0T5	Cdx2	Sipa1l1	True	False	False	False	False	False	C
P43241	G3X939	Cdx2	Slc9a3	True	False	False	False	False	False	A
P43241	Q8K4L3	Cdx2	Svil	True	False	False	False	False	False	C
P43241	E9Q8T1	Cdx2	E9Q8T1	True	False	False	False	False	False	C
P43241	Q8R3G9	Cdx2	Tspan8	True	False	False	False	False	False	C
P43241	Q64676	Cdx2	Ugt8	True	False	False	False	False	False	C
P43241	Q8BL06	Cdx2	Usp54	True	False	False	False	False	False	C
P43241	Q9R0C8	Cdx2	Vav3	True	False	False	False	False	False	C
P43241	B1ART2	Cdx2	B1ART2	True	False	False	False	False	False	C
P43241	Q0P5W1	Cdx2	Vps8	True	False	False	False	False	False	C
P43241	Q5SSZ7	Cdx2	Znrf3	True	False	False	False	False	False	C
P53566	O35600	Cebpa	Abca4	True	False	False	False	False	False	B
P53566	Q8K448	Cebpa	Abca5	True	False	False	False	False	False	C
P53566	P21447	Cebpa	Abcb1a	True	False	False	False	False	False	A
P53566	O35379	Cebpa	Abcc1	True	False	False	False	False	False	A
P53566	B2RX12	Cebpa	Abcc3	True	False	False	False	False	False	B
P53566	Q9R1S7	Cebpa	Abcc6	True	False	False	False	False	False	C
P53566	Q69ZX8	Cebpa	Ablim3	True	False	False	False	False	False	B
P53566	Q5SWU9	Cebpa	Acaca	True	False	False	False	False	False	A
P53566	E9Q4Z2	Cebpa	Acacb	True	False	False	False	False	False	A
P53566	Q80X81	Cebpa	Q80X81	True	False	False	False	False	False	C
P53566	Q8CAY6	Cebpa	Acat2	True	False	False	False	False	False	C
P53566	P09470	Cebpa	Ace	True	False	False	False	False	False	A
P53566	Q91V12	Cebpa	Acot7	True	False	False	False	False	False	C
P53566	Q9QXD1	Cebpa	Acox2	True	False	False	False	False	False	B
P53566	Q9CZW4	Cebpa	Acsl3	True	False	False	False	False	False	B
P53566	Q8JZR0	Cebpa	Acsl5	True	False	False	False	False	False	C
P53566	Q14DH7	Cebpa	Acss3	True	False	False	False	False	False	B
P53566	Q9Z0F8	Cebpa	Adam17	True	False	False	False	False	False	C
P53566	Q6P6J0	Cebpa	Adat2	True	False	False	False	False	False	C
P53566	Q9QYB5	Cebpa	Add3	True	False	False	False	False	False	B
P53566	A0A571BEJ4	Cebpa	A0A571BEJ4	True	False	False	False	False	False	B
P53566	B8JJE0	Cebpa	B8JJE0	True	False	False	False	False	False	B
P53566	A0A1L1SSF2	Cebpa	A0A1L1SSF2	True	False	False	False	False	False	C
P53566	A0A0A6YVU8	Cebpa	A0A0A6YVU8	True	False	False	False	False	False	C
P53566	Q9JKV1	Cebpa	Adrm1	True	False	False	False	False	False	C
P53566	Q640N1	Cebpa	Aebp1	True	False	False	False	False	False	A
P53566	B1AVP1	Cebpa	B1AVP1	True	False	False	False	False	False	B
P53566	Q8BS35	Cebpa	Agmo	True	False	False	False	False	False	C
P53566	Q9D517	Cebpa	Agpat3	True	False	False	False	False	False	C
P53566	O35423	Cebpa	Agxt	True	False	False	False	False	False	A
P53566	Q9WUR9	Cebpa	Ak4	True	False	False	False	False	False	B
P53566	E9Q394	Cebpa	Akap13	True	False	False	False	False	False	B
P53566	E9Q9K8	Cebpa	E9Q9K8	True	False	False	False	False	False	B
P53566	P24549	Cebpa	Aldh1a1	True	False	False	False	False	False	B
P53566	Q62148	Cebpa	Aldh1a2	True	False	False	False	False	False	B
P53566	A0A1D5RMI8	Cebpa	A0A1D5RMI8	True	False	False	False	False	False	C
P53566	O08739	Cebpa	Ampd3	True	False	False	False	False	False	B
P53566	Q9JHZ2	Cebpa	Ankh	True	False	False	False	False	False	B
P53566	Q9CR42	Cebpa	Ankrd1	True	False	False	False	False	False	C
P53566	Q3UX43	Cebpa	Ankrd13c	True	False	False	False	False	False	C
P53566	Q8BH79	Cebpa	Ano10	True	False	False	False	False	False	B
P53566	Q8BXQ6	Cebpa	Aopep	True	False	False	False	False	False	C
P53566	Q8R5A3	Cebpa	Apbb1ip	True	False	False	False	False	False	A
P53566	Q05020	Cebpa	Apoc2	True	False	False	False	False	False	C
P53566	P56404	Cebpa	Aqp8	True	False	False	False	False	False	C
P53566	Q4LDD4	Cebpa	Arap1	True	False	False	False	False	False	C
P53566	Q80Y19	Cebpa	Arhgap11a	True	False	False	False	False	False	C
P53566	Q3UIA2	Cebpa	Arhgap17	True	False	False	False	False	False	B
P53566	Q8K0Q5	Cebpa	Arhgap18	True	False	False	False	False	False	B
P53566	Q6IFT4	Cebpa	Arhgap20	True	False	False	False	False	False	C
P53566	B7ZCJ0	Cebpa	B7ZCJ0	True	False	False	False	False	False	C
P53566	Q8C4V1	Cebpa	Arhgap24	True	False	False	False	False	False	B
P53566	Q8BYW1	Cebpa	Arhgap25	True	False	False	False	False	False	B
P53566	Q6ZQ82	Cebpa	Arhgap26	True	False	False	False	False	False	B
P53566	Q8BN58	Cebpa	Arhgap28	True	False	False	False	False	False	C
P53566	A2AWP8	Cebpa	Arhgef10l	True	False	False	False	False	False	B
P53566	F8VQN6	Cebpa	F8VQN6	True	False	False	False	False	False	B
P53566	Q6P9R4	Cebpa	Arhgef18	True	False	False	False	False	False	C
P53566	P97433	Cebpa	Arhgef28	True	False	False	False	False	False	C
P53566	Q91X46	Cebpa	Arhgef3	True	False	False	False	False	False	B
P53566	A0A338P6U8	Cebpa	A0A338P6U8	True	False	False	False	False	False	B
P53566	Q9Z1K6	Cebpa	Arih2	True	False	False	False	False	False	C
P53566	Q9WTL8	Cebpa	Bmal1	True	False	False	False	False	False	C
P53566	Q3TYD4	Cebpa	Arsg	True	False	False	False	False	False	B
P53566	Q9QWY8	Cebpa	Asap1	True	False	False	False	False	False	B
P53566	Q91WR3	Cebpa	Ascc2	True	False	False	False	False	False	B
P53566	A0A0R4J029	Cebpa	A0A0R4J029	True	False	False	False	False	False	B
P53566	O55143	Cebpa	Atp2a2	True	False	False	False	False	False	B
P53566	Q80XR2	Cebpa	Atp2c1	True	False	False	False	False	False	B
P53566	A7L9Z8	Cebpa	Atp2c2	True	False	False	False	False	False	C
P53566	Q64436	Cebpa	Atp4a	True	False	False	False	False	False	C
P53566	O35143	Cebpa	Atp5if1	True	False	False	False	False	False	C
P53566	A0A286YCV0	Cebpa	A0A286YCV0	True	False	False	False	False	False	B
P53566	P54254	Cebpa	Atxn1	True	False	False	False	False	False	B
P53566	A0A286YDW9	Cebpa	A0A286YDW9	True	False	False	False	False	False	B
P53566	F7C0E4	Cebpa	F7C0E4	True	False	False	False	False	False	C
P53566	A0A7N9VSJ5	Cebpa	A0A7N9VSJ5	True	False	False	False	False	False	B
P53566	O88566	Cebpa	Axin2	True	False	False	False	False	False	C
P53566	Q3U129	Cebpa	B3gntl1	True	False	False	False	False	False	C
P53566	A2AUY4	Cebpa	Baz2b	True	False	False	False	False	False	B
P53566	Q924Y0	Cebpa	Bbox1	True	False	False	False	False	False	C
P53566	Q8VBW5	Cebpa	Bbx	True	False	False	False	False	False	B
P53566	Q9QZK2	Cebpa	Bcar3	True	False	False	False	False	False	B
P53566	B1AR74	Cebpa	B1AR74	True	False	False	False	False	False	B
P53566	O55179	Cebpa	O55179	True	False	False	False	False	False	C
P53566	Q07440	Cebpa	Bcl2a1	True	False	False	False	False	False	C
P53566	Q497M6	Cebpa	Q497M6	True	False	False	False	False	False	C
P53566	O35185	Cebpa	Bhlhe40	True	False	False	False	False	False	B
P53566	Q91ZE9	Cebpa	Bmf	True	False	False	False	False	False	C
P53566	Q8BMQ3	Cebpa	Bnc2	True	False	False	False	False	False	C
P53566	A0A494BBD0	Cebpa	A0A494BBD0	True	False	False	False	False	False	C
P53566	Q91Y44	Cebpa	Brdt	True	False	False	False	False	False	C
P53566	A0A0R4J190	Cebpa	A0A0R4J190	True	False	False	False	False	False	C
P53566	D3YUB6	Cebpa	Btbd8	True	False	False	False	False	False	C
P53566	P62325	Cebpa	Btg1	True	False	False	False	False	False	C
P53566	Q0VG49	Cebpa	Q0VG49	True	False	False	False	False	False	C
P53566	Q5XFZ0	Cebpa	Q5XFZ0	True	False	False	False	False	False	C
P53566	Q4ZJN1	Cebpa	C1qtnf9	True	False	False	False	False	False	C
P53566	P21180	Cebpa	C2	True	False	False	False	False	False	B
P53566	E9Q3C1	Cebpa	C2cd2	True	False	False	False	False	False	C
P53566	P30993	Cebpa	C5ar1	True	False	False	False	False	False	C
P53566	Q8BH35	Cebpa	C8b	True	False	False	False	False	False	B
P53566	Q9D2X8	Cebpa	Q9D2X8	True	False	False	False	False	False	A
P53566	P28651	Cebpa	Ca8	True	False	False	False	False	False	C
P53566	C7IVS7	Cebpa	C7IVS7	True	False	False	False	False	False	C
P53566	E9QA15	Cebpa	E9QA15	True	False	False	False	False	False	B
P53566	Q923T9	Cebpa	Camk2g	True	False	False	False	False	False	C
P53566	Q08EC4	Cebpa	Cass4	True	False	False	False	False	False	C
P53566	P51125	Cebpa	Cast	True	False	False	False	False	False	B
P53566	Q9CQP8	Cebpa	Catsperz	True	False	False	False	False	False	C
P53566	O70374	Cebpa	Cbfa2t2	True	False	False	False	False	False	B
P53566	P22682	Cebpa	Cbl	True	False	False	False	False	False	C
P53566	A0A286YDU8	Cebpa	A0A286YDU8	True	False	False	False	False	False	C
P53566	Q8R344	Cebpa	Ccdc12	True	False	False	False	False	False	B
P53566	Q8C963	Cebpa	Ccdc159	True	False	False	False	False	False	C
P53566	Q3UJV1	Cebpa	Ccdc61	True	False	False	False	False	False	C
P53566	Q4QRL3	Cebpa	Ccdc88b	True	False	False	False	False	False	C
P53566	Q9JIL2	Cebpa	Ccl28	True	False	False	False	False	False	C
P53566	P24860	Cebpa	Ccnb1	True	False	False	False	False	False	A
P53566	P25322	Cebpa	Ccnd1	True	False	False	False	False	False	A
P53566	Q61457	Cebpa	Ccne1	True	False	False	False	False	False	A
P53566	O08918	Cebpa	Ccng2	True	False	False	False	False	False	C
P53566	P51680	Cebpa	Ccr4	True	False	False	False	False	False	C
P53566	Q3UHI0	Cebpa	Ccser2	True	False	False	False	False	False	C
P53566	A2APM2	Cebpa	A2APM2	True	False	False	False	False	False	B
P53566	P56389	Cebpa	Cda	True	False	False	False	False	False	C
P53566	Q6PFY9	Cebpa	Cdc14b	True	False	False	False	False	False	B
P53566	Q8BQH6	Cebpa	Cdcp2	True	False	False	False	False	False	C
P53566	Q9WTR5	Cebpa	Cdh13	True	False	False	False	False	False	A
P53566	Q99PF4	Cebpa	Cdh23	True	False	False	False	False	False	B
P53566	P97377	Cebpa	Cdk2	True	False	False	False	False	False	A
P53566	Q8K389	Cebpa	Cdk5rap2	True	False	False	False	False	False	B
P53566	Q64261	Cebpa	Cdk6	True	False	False	False	False	False	B
P53566	A0A0G2JGW6	Cebpa	A0A0G2JGW6	True	False	False	False	False	False	C
P53566	Q5FWI3	Cebpa	Cemip2	True	False	False	False	False	False	B
P53566	Q8BI22	Cebpa	Cep128	True	False	False	False	False	False	C
P53566	A3KGJ7	Cebpa	A3KGJ7	True	False	False	False	False	False	C
P53566	E9Q309	Cebpa	Cep350	True	False	False	False	False	False	C
P53566	Q6P8Y0	Cebpa	Cfap161	True	False	False	False	False	False	C
P53566	P04186	Cebpa	Cfb	True	False	False	False	False	False	C
P53566	Q8BYH8	Cebpa	Chd9	True	False	False	False	False	False	C
P53566	Q9Z265	Cebpa	Chek2	True	False	False	False	False	False	C
P53566	Q3V2R3	Cebpa	Q3V2R3	True	False	False	False	False	False	B
P53566	Q8C025	Cebpa	Chpt1	True	False	False	False	False	False	C
P53566	Q9R0W9	Cebpa	Chrna6	True	False	False	False	False	False	C
P53566	A0A087WQ31	Cebpa	A0A087WQ31	True	False	False	False	False	False	B
P53566	Q9WVD4	Cebpa	Clcn5	True	False	False	False	False	False	C
P53566	Q80U30	Cebpa	Clec16a	True	False	False	False	False	False	B
P53566	P52194	Cebpa	Clgn	True	False	False	False	False	False	C
P53566	F8WIA1	Cebpa	F8WIA1	True	False	False	False	False	False	B
P53566	Q8C5W0	Cebpa	Clmn	True	False	False	False	False	False	B
P53566	Q3U466	Cebpa	Q3U466	True	False	False	False	False	False	C
P53566	Q6ZQ08	Cebpa	Cnot1	True	False	False	False	False	False	C
P53566	Q62507	Cebpa	Coch	True	False	False	False	False	False	C
P53566	Q80X19	Cebpa	Col14a1	True	False	False	False	False	False	B
P53566	Q2UY11	Cebpa	Col28a1	True	False	False	False	False	False	C
P53566	Q8VBV7	Cebpa	Cops8	True	False	False	False	False	False	C
P53566	B2RX70	Cebpa	B2RX70	True	False	False	False	False	False	B
P53566	Q80V42	Cebpa	Cpm	True	False	False	False	False	False	B
P53566	Q8BLR2	Cebpa	Cpne4	True	False	False	False	False	False	B
P53566	O88843	Cebpa	Cradd	True	False	False	False	False	False	B
P53566	O35427	Cebpa	Crcp	True	False	False	False	False	False	C
P53566	Q01147	Cebpa	Creb1	True	False	False	False	False	False	A
P53566	A0A0N4SV71	Cebpa	A0A0N4SV71	True	False	False	False	False	False	C
P53566	Q9JLL0	Cebpa	Crim1	True	False	False	False	False	False	B
P53566	Q5RJG7	Cebpa	Crppa	True	False	False	False	False	False	C
P53566	Q91X84	Cebpa	Crtc3	True	False	False	False	False	False	B
P53566	A0A0G2JG52	Cebpa	A0A0G2JG52	True	False	False	False	False	False	B
P53566	Q9CZU6	Cebpa	Cs	True	False	False	False	False	False	C
P53566	V9GX34	Cebpa	V9GX34	True	False	False	False	False	False	C
P53566	P10598	Cebpa	Csn2	True	False	False	False	False	False	A
P53566	Q8BTH8	Cebpa	Csnk1g1	True	False	False	False	False	False	C
P53566	P97315	Cebpa	Csrp1	True	False	False	False	False	False	A
P53566	Q8R242	Cebpa	Ctbs	True	False	False	False	False	False	B
P53566	Q9CWL8	Cebpa	Ctnnbl1	True	False	False	False	False	False	B
P53566	P70698	Cebpa	Ctps1	True	False	False	False	False	False	C
P53566	Q8R3V6	Cebpa	Cuedc1	True	False	False	False	False	False	B
P53566	P70298	Cebpa	Cux2	True	False	False	False	False	False	B
P53566	Q64441	Cebpa	Cyp24a1	True	False	False	False	False	False	C
P53566	Q3TZ02	Cebpa	Q3TZ02	True	False	False	False	False	False	B
P53566	Q8BPM0	Cebpa	Daam1	True	False	False	False	False	False	B
P53566	P97318	Cebpa	Dab1	True	False	False	False	False	False	B
P53566	A2AUX5	Cebpa	A2AUX5	True	False	False	False	False	False	B
P53566	Q91WC9	Cebpa	Daglb	True	False	False	False	False	False	C
P53566	Q76LW6	Cebpa	Dand5	True	False	False	False	False	False	C
P53566	O54784	Cebpa	Dapk3	True	False	False	False	False	False	C
P53566	H3BKU0	Cebpa	H3BKU0	True	False	False	False	False	False	C
P53566	Q8VDW0	Cebpa	Ddx39a	True	False	False	False	False	False	C
P53566	P56386	Cebpa	Defb1	True	False	False	False	False	False	C
P53566	O09005	Cebpa	Degs1	True	False	False	False	False	False	C
P53566	Q9D8N2	Cebpa	Dennd10	True	False	False	False	False	False	B
P53566	Q8K382	Cebpa	Dennd1a	True	False	False	False	False	False	B
P53566	Q924W7	Cebpa	Dennd2b	True	False	False	False	False	False	B
P53566	Q80Y83	Cebpa	Dixdc1	True	False	False	False	False	False	C
P53566	E9QKB1	Cebpa	E9QKB1	True	False	False	False	False	False	B
P53566	Q811D0	Cebpa	Dlg1	True	False	False	False	False	False	B
P53566	A0A571BEZ4	Cebpa	A0A571BEZ4	True	False	False	False	False	False	B
P53566	Q9D415	Cebpa	Dlgap1	True	False	False	False	False	False	B
P53566	Q91ZK4	Cebpa	Dmbx1	True	False	False	False	False	False	C
P53566	P11531	Cebpa	Dmd	True	False	False	False	False	False	C
P53566	Q8CE22	Cebpa	Dmtf1	True	False	False	False	False	False	C
P53566	E9Q8T7	Cebpa	Dnah1	True	False	False	False	False	False	C
P53566	A0A571BGC3	Cebpa	A0A571BGC3	True	False	False	False	False	False	B
P53566	Q9CQ94	Cebpa	Dnajc5b	True	False	False	False	False	False	C
P53566	P39054	Cebpa	Dnm2	True	False	False	False	False	False	C
P53566	Q8BZN6	Cebpa	Dock10	True	False	False	False	False	False	B
P53566	P59764	Cebpa	Dock4	True	False	False	False	False	False	B
P53566	B2RY04	Cebpa	Dock5	True	False	False	False	False	False	B
P53566	Q6XZL8	Cebpa	Q6XZL8	True	False	False	False	False	False	C
P53566	Q9EQF5	Cebpa	Dpys	True	False	False	False	False	False	B
P53566	Q8BLI4	Cebpa	Dse	True	False	False	False	False	False	C
P53566	A0A1Y7VK79	Cebpa	A0A1Y7VK79	True	False	False	False	False	False	C
P53566	Q9ESS0	Cebpa	Dusp10	True	False	False	False	False	False	B
P53566	Q99N11	Cebpa	Dusp22	True	False	False	False	False	False	B
P53566	Q45VK7	Cebpa	Dync2h1	True	False	False	False	False	False	C
P53566	P56931	Cebpa	E2f2	True	False	False	False	False	False	A
P53566	A0A1Y7VML1	Cebpa	A0A1Y7VML1	True	False	False	False	False	False	A
P53566	Q4PZA2	Cebpa	Ece1	True	False	False	False	False	False	B
P53566	O35474	Cebpa	Edil3	True	False	False	False	False	False	C
P53566	A0JP43	Cebpa	Efcab5	True	False	False	False	False	False	C
P53566	B2CKC6	Cebpa	B2CKC6	True	False	False	False	False	False	B
P53566	O08543	Cebpa	Efna5	True	False	False	False	False	False	B
P53566	Q01279	Cebpa	Egfr	True	False	False	False	False	False	B
P53566	O70273	Cebpa	Ehf	True	False	False	False	False	False	B
P53566	Q9DBM2	Cebpa	Ehhadh	True	False	False	False	False	False	A
P53566	Q99JX4	Cebpa	Eif3m	True	False	False	False	False	False	C
P53566	P10630	Cebpa	Eif4a2	True	False	False	False	False	False	C
P53566	Q8BPU7	Cebpa	Elmo1	True	False	False	False	False	False	B
P53566	P54320	Cebpa	Eln	True	False	False	False	False	False	A
P53566	Q9R0H2	Cebpa	Emcn	True	False	False	False	False	False	B
P53566	A0A0R4J0H0	Cebpa	A0A0R4J0H0	True	False	False	False	False	False	B
P53566	Q8BQM8	Cebpa	Eml5	True	False	False	False	False	False	C
P53566	Q5SQM0	Cebpa	Eml6	True	False	False	False	False	False	B
P53566	Q6DYE8	Cebpa	Enpp3	True	False	False	False	False	False	A
P53566	P55772	Cebpa	Entpd1	True	False	False	False	False	False	B
P53566	Q3U0P5	Cebpa	Entpd6	True	False	False	False	False	False	C
P53566	P97481	Cebpa	Epas1	True	False	False	False	False	False	B
P53566	O70318	Cebpa	Epb41l2	True	False	False	False	False	False	B
P53566	P07321	Cebpa	Epo	True	False	False	False	False	False	A
P53566	H3BK65	Cebpa	H3BK65	True	False	False	False	False	False	C
P53566	Q60902	Cebpa	Eps15l1	True	False	False	False	False	False	C
P53566	P49290	Cebpa	Epx	True	False	False	False	False	False	A
P53566	Q6PH08	Cebpa	Erc2	True	False	False	False	False	False	B
P53566	P81270	Cebpa	Erg	True	False	False	False	False	False	C
P53566	Q9EQY0	Cebpa	Ern1	True	False	False	False	False	False	B
P53566	Q99JZ7	Cebpa	Errfi1	True	False	False	False	False	False	C
P53566	P19785	Cebpa	Esr1	True	False	False	False	False	False	B
P53566	P97360	Cebpa	Etv6	True	False	False	False	False	False	B
P53566	A0A0R4J0W9	Cebpa	A0A0R4J0W9	True	False	False	False	False	False	C
P53566	O35382	Cebpa	Exoc4	True	False	False	False	False	False	B
P53566	P97464	Cebpa	Ext1	True	False	False	False	False	False	B
P53566	A0A0R4J088	Cebpa	A0A0R4J088	True	False	False	False	False	False	A
P53566	Q920L1	Cebpa	Fads1	True	False	False	False	False	False	C
P53566	Q3TGF2	Cebpa	Fam107b	True	False	False	False	False	False	B
P53566	Q6NS59	Cebpa	Fam135a	True	False	False	False	False	False	C
P53566	Q8BGI4	Cebpa	Fam13a	True	False	False	False	False	False	B
P53566	A0A087WP32	Cebpa	A0A087WP32	True	False	False	False	False	False	C
P53566	A0A286YE27	Cebpa	A0A286YE27	True	False	False	False	False	False	C
P53566	Q8BYI8	Cebpa	Fam234b	True	False	False	False	False	False	C
P53566	D3YWC7	Cebpa	D3YWC7	True	False	False	False	False	False	B
P53566	Q8K368	Cebpa	Fanci	True	False	False	False	False	False	C
P53566	P25446	Cebpa	Fas	True	False	False	False	False	False	A
P53566	Q71FD7	Cebpa	Fblim1	True	False	False	False	False	False	C
P53566	Q9WVH9	Cebpa	Fbln5	True	False	False	False	False	False	C
P53566	Q6DIA9	Cebpa	Fbxo27	True	False	False	False	False	False	B
P53566	Q9CPU7	Cebpa	Fbxo32	True	False	False	False	False	False	C
P53566	Q8BMI0	Cebpa	Fbxo38	True	False	False	False	False	False	B
P53566	Q5SRY7	Cebpa	Fbxw11	True	False	False	False	False	False	B
P53566	Q6PKB0	Cebpa	Q6PKB0	True	False	False	False	False	False	C
P53566	Q3UQN2	Cebpa	Fcho2	True	False	False	False	False	False	C
P53566	Q8CIB5	Cebpa	Fermt2	True	False	False	False	False	False	B
P53566	E9PV24	Cebpa	Fga	True	False	False	False	False	False	A
P53566	Q91ZT5	Cebpa	Fgd4	True	False	False	False	False	False	B
P53566	P16092	Cebpa	Fgfr1	True	False	False	False	False	False	C
P53566	A0A0R4IZY3	Cebpa	A0A0R4IZY3	True	False	False	False	False	False	C
P53566	A2AJL3	Cebpa	Fggy	True	False	False	False	False	False	B
P53566	P12804	Cebpa	Fgl2	True	False	False	False	False	False	A
P53566	A6PWD2	Cebpa	Fhad1	True	False	False	False	False	False	C
P53566	O89106	Cebpa	Fhit	True	False	False	False	False	False	C
P53566	E0CYH7	Cebpa	E0CYH7	True	False	False	False	False	False	B
P53566	Q8BQB4	Cebpa	Fjx1	True	False	False	False	False	False	C
P53566	Q9Z247	Cebpa	Fkbp9	True	False	False	False	False	False	C
P53566	Q80X90	Cebpa	Flnb	True	False	False	False	False	False	B
P53566	A0A0R4J0A4	Cebpa	A0A0R4J0A4	True	False	False	False	False	False	C
P53566	A0A1W2P6X3	Cebpa	A0A1W2P6X3	True	False	False	False	False	False	C
P53566	A0A0R4J0H8	Cebpa	A0A0R4J0H8	True	False	False	False	False	False	B
P53566	D3YUC5	Cebpa	D3YUC5	True	False	False	False	False	False	B
P53566	Q499D0	Cebpa	Foxn3	True	False	False	False	False	False	B
P53566	Q9WVH4	Cebpa	Foxo3	True	False	False	False	False	False	B
P53566	H3BJ24	Cebpa	H3BJ24	True	False	False	False	False	False	B
P53566	Q920B0	Cebpa	Frmd4b	True	False	False	False	False	False	B
P53566	Q61553	Cebpa	Fscn1	True	False	False	False	False	False	C
P53566	A2ARZ3	Cebpa	Fsip2	True	False	False	False	False	False	C
P53566	P47931	Cebpa	Fst	True	False	False	False	False	False	B
P53566	Q8BFR2	Cebpa	Fstl5	True	False	False	False	False	False	C
P53566	Q04646	Cebpa	Fxyd2	True	False	False	False	False	False	C
P53566	O35601	Cebpa	Fyb1	True	False	False	False	False	False	C
P53566	P39688	Cebpa	Fyn	True	False	False	False	False	False	B
P53566	P56475	Cebpa	Gabrr1	True	False	False	False	False	False	C
P53566	P48316	Cebpa	Gadd45a	True	False	False	False	False	False	A
P53566	P22339	Cebpa	Gadd45b	True	False	False	False	False	False	C
P53566	Q6PB93	Cebpa	Galnt2	True	False	False	False	False	False	B
P53566	S4R2G5	Cebpa	S4R2G5	True	False	False	False	False	False	C
P53566	F6QB26	Cebpa	F6QB26	True	False	False	False	False	False	B
P53566	Q08369	Cebpa	Gata4	True	False	False	False	False	False	B
P53566	A0A1D5RM07	Cebpa	A0A1D5RM07	True	False	False	False	False	False	C
P53566	P97494	Cebpa	Gclc	True	False	False	False	False	False	B
P53566	P48540	Cebpa	Gdnf	True	False	False	False	False	False	A
P53566	Q3UHD2	Cebpa	Gfod1	True	False	False	False	False	False	B
P53566	E0CXS6	Cebpa	E0CXS6	True	False	False	False	False	False	B
P53566	P28230	Cebpa	Gjb1	True	False	False	False	False	False	C
P53566	E0CX93	Cebpa	E0CX93	True	False	False	False	False	False	B
P53566	Q8K0C9	Cebpa	Gmds	True	False	False	False	False	False	B
P53566	P27600	Cebpa	Gna12	True	False	False	False	False	False	B
P53566	Q8CGK7	Cebpa	Gnal	True	False	False	False	False	False	C
P53566	P29387	Cebpa	Gnb4	True	False	False	False	False	False	C
P53566	Q8C0N2	Cebpa	Gpat3	True	False	False	False	False	False	C
P53566	Q8R3X6	Cebpa	Q8R3X6	True	False	False	False	False	False	B
P53566	Q8BGT5	Cebpa	Gpt2	True	False	False	False	False	False	B
P53566	Q8VEF1	Cebpa	Gramd1a	True	False	False	False	False	False	C
P53566	Q9D2W5	Cebpa	Q9D2W5	True	False	False	False	False	False	B
P53566	Q60760	Cebpa	Grb10	True	False	False	False	False	False	B
P53566	Q6P9M2	Cebpa	Q6P9M2	True	False	False	False	False	False	C
P53566	Q61625	Cebpa	Grid2	True	False	False	False	False	False	C
P53566	Q925T6	Cebpa	Grip1	True	False	False	False	False	False	C
P53566	G3XA20	Cebpa	G3XA20	True	False	False	False	False	False	C
P53566	A2AEW8	Cebpa	A2AEW8	True	False	False	False	False	False	C
P53566	Q3TCV3	Cebpa	Gsap	True	False	False	False	False	False	B
P53566	Q3U3C9	Cebpa	Gse1	True	False	False	False	False	False	B
P53566	D3Z7H4	Cebpa	Gsg1l	True	False	False	False	False	False	C
P53566	Q2NL51	Cebpa	Gsk3a	True	False	False	False	False	False	A
P53566	Q9WV60	Cebpa	Gsk3b	True	False	False	False	False	False	A
P53566	P62915	Cebpa	Gtf2b	True	False	False	False	False	False	C
P53566	Q3UWA6	Cebpa	Gucy2c	True	False	False	False	False	False	A
P53566	Q810K9	Cebpa	Gxylt2	True	False	False	False	False	False	B
P53566	P62806	Cebpa	H4c1; H4c2; H4c3; H4c4; H4c6; H4c8; H4c9; H4c11; H4c12; Hist1h4m; H4c14; H4c16	True	False	False	False	False	False	C
P53566	Q8CFX1	Cebpa	H6pd	True	False	False	False	False	False	C
P53566	E9PZR8	Cebpa	E9PZR8	True	False	False	False	False	False	B
P53566	B7ZDF4	Cebpa	B7ZDF4	True	False	False	False	False	False	C
P53566	Q5PRF0	Cebpa	Heatr5a	True	False	False	False	False	False	C
P53566	Q8CDU6	Cebpa	Hectd2	True	False	False	False	False	False	C
P53566	Q2VPA6	Cebpa	Helq	True	False	False	False	False	False	C
P53566	Q3UDW8	Cebpa	Hgsnat	True	False	False	False	False	False	C
P53566	Q8VD75	Cebpa	Hip1	True	False	False	False	False	False	B
P53566	Q9QZR5	Cebpa	Hipk2	True	False	False	False	False	False	B
P53566	Q3UHF7	Cebpa	Hivep2	True	False	False	False	False	False	B
P53566	A2A884	Cebpa	Hivep3	True	False	False	False	False	False	B
P53566	Q7TQ32	Cebpa	Hjv	True	False	False	False	False	False	C
P53566	P63158	Cebpa	Hmgb1	True	False	False	False	False	False	A
P53566	P38060	Cebpa	Hmgcl	True	False	False	False	False	False	C
P53566	Q91VF2	Cebpa	Hnmt	True	False	False	False	False	False	B
P53566	A2ASM7	Cebpa	A2ASM7	True	False	False	False	False	False	C
P53566	P62748	Cebpa	Hpcal1	True	False	False	False	False	False	B
P53566	Q91X72	Cebpa	Hpx	True	False	False	False	False	False	A
P53566	P51658	Cebpa	Hsd17b2	True	False	False	False	False	False	B
P53566	P63017	Cebpa	Hspa8	True	False	False	False	False	False	C
P53566	G3X9H5	Cebpa	G3X9H5	True	False	False	False	False	False	B
P53566	Q9D6R2	Cebpa	Idh3a	True	False	False	False	False	False	C
P53566	P15261	Cebpa	Ifngr1	True	False	False	False	False	False	B
P53566	E9QNX9	Cebpa	E9QNX9	True	False	False	False	False	False	B
P53566	Q07113	Cebpa	Igf2r	True	False	False	False	False	False	B
P53566	P47876	Cebpa	Igfbp1	True	False	False	False	False	False	A
P53566	P81183	Cebpa	Ikzf2	True	False	False	False	False	False	C
P53566	P43432	Cebpa	Il12b	True	False	False	False	False	False	A
P53566	P01582	Cebpa	Il1a	True	False	False	False	False	False	A
P53566	P13504	Cebpa	Il1r1	True	False	False	False	False	False	B
P53566	P27931	Cebpa	Il1r2	True	False	False	False	False	False	C
P53566	Q61730	Cebpa	Il1rap	True	False	False	False	False	False	B
P53566	Q91UZ5	Cebpa	Impa2	True	False	False	False	False	False	B
P53566	Q91WG1	Cebpa	Insig2	True	False	False	False	False	False	C
P53566	Q5DU31	Cebpa	Ipcef1	True	False	False	False	False	False	B
P53566	Q8BKC5	Cebpa	Ipo5	True	False	False	False	False	False	C
P53566	Q9EPL8	Cebpa	Ipo7	True	False	False	False	False	False	C
P53566	Q6PCQ0	Cebpa	Iqce	True	False	False	False	False	False	C
P53566	E9PUA3	Cebpa	E9PUA3	True	False	False	False	False	False	B
P53566	P23906	Cebpa	Irf2	True	False	False	False	False	False	C
P53566	Q543V3	Cebpa	Q543V3	True	False	False	False	False	False	A
P53566	Q8BFT1	Cebpa	Q8BFT1	True	False	False	False	False	False	B
P53566	Q62469	Cebpa	Itga2	True	False	False	False	False	False	A
P53566	P24063	Cebpa	Itgal	True	False	False	False	False	False	A
P53566	D3YYP8	Cebpa	D3YYP8	True	False	False	False	False	False	A
P53566	A0A338P795	Cebpa	A0A338P795	True	False	False	False	False	False	C
P53566	O89051	Cebpa	Itm2b	True	False	False	False	False	False	B
P53566	P11881	Cebpa	Itpr1	True	False	False	False	False	False	B
P53566	Q9Z329	Cebpa	Itpr2	True	False	False	False	False	False	B
P53566	P70227	Cebpa	Itpr3	True	False	False	False	False	False	C
P53566	Q8C1D8	Cebpa	Iws1	True	False	False	False	False	False	C
P53566	Q5XKN4	Cebpa	Jagn1	True	False	False	False	False	False	C
P53566	Q80ZQ5	Cebpa	Jazf1	True	False	False	False	False	False	B
P53566	Q69ZK6	Cebpa	Jmjd1c	True	False	False	False	False	False	B
P53566	A2CG49	Cebpa	Kalrn	True	False	False	False	False	False	B
P53566	E9Q238	Cebpa	Kank1	True	False	False	False	False	False	C
P53566	Q5SVQ0	Cebpa	Kat7	True	False	False	False	False	False	A
P53566	Q8BHI4	Cebpa	Kbtbd3	True	False	False	False	False	False	C
P53566	F6TUN6	Cebpa	F6TUN6	True	False	False	False	False	False	A
P53566	Q3UFC0	Cebpa	Q3UFC0	True	False	False	False	False	False	C
P53566	O88932	Cebpa	Kcnj15	True	False	False	False	False	False	B
P53566	A0A087WQN5	Cebpa	A0A087WQN5	True	False	False	False	False	False	A
P53566	Q9CXT6	Cebpa	Kdm8	True	False	False	False	False	False	C
P53566	A2A786	Cebpa	A2A786	True	False	False	False	False	False	B
P53566	Q7TQE7	Cebpa	Matcap2	True	False	False	False	False	False	C
P53566	B1AY49	Cebpa	B1AY49	True	False	False	False	False	False	B
P53566	Q7M6Z4	Cebpa	Kif27	True	False	False	False	False	False	C
P53566	P02469	Cebpa	Lamb1	True	False	False	False	False	False	B
P53566	Q9Z1M7	Cebpa	Large1	True	False	False	False	False	False	B
P53566	Q8VDC0	Cebpa	Lars2	True	False	False	False	False	False	B
P53566	Q61805	Cebpa	Lbp	True	False	False	False	False	False	A
P53566	P35951	Cebpa	Ldlr	True	False	False	False	False	False	A
P53566	A2ARI4	Cebpa	Lgr4	True	False	False	False	False	False	B
P53566	Q9QXD8	Cebpa	Limd1	True	False	False	False	False	False	B
P53566	P27656	Cebpa	Lipc	True	False	False	False	False	False	A
P53566	Q9JLJ0	Cebpa	Litaf	True	False	False	False	False	False	B
P53566	Q9JIT0	Cebpa	Lmbr1	True	False	False	False	False	False	B
P53566	O70263	Cebpa	Lnx1	True	False	False	False	False	False	B
P53566	Q8BFW7	Cebpa	Lpp	True	False	False	False	False	False	B
P53566	P62046	Cebpa	Lrch1	True	False	False	False	False	False	B
P53566	P70193	Cebpa	Lrig1	True	False	False	False	False	False	B
P53566	Q8VI56	Cebpa	Lrp4	True	False	False	False	False	False	C
P53566	F8WI85	Cebpa	F8WI85	True	False	False	False	False	False	C
P53566	A0A0R4J1T4	Cebpa	A0A0R4J1T4	True	False	False	False	False	False	C
P53566	Q8K4G1	Cebpa	Ltbp4	True	False	False	False	False	False	C
P53566	Q9CYI4	Cebpa	Luc7l	True	False	False	False	False	False	C
P53566	Q9CQB7	Cebpa	Lyrm1	True	False	False	False	False	False	B
P53566	Q8K215	Cebpa	Lyrm4	True	False	False	False	False	False	B
P53566	Q9Z1B5	Cebpa	Mad2l1	True	False	False	False	False	False	C
P53566	Q6RHR9	Cebpa	Magi1	True	False	False	False	False	False	B
P53566	D4QGC2	Cebpa	D4QGC2	True	False	False	False	False	False	B
P53566	Q60700	Cebpa	Map3k12	True	False	False	False	False	False	C
P53566	O35099	Cebpa	Map3k5	True	False	False	False	False	False	B
P53566	A0A0A6YVZ8	Cebpa	A0A0A6YVZ8	True	False	False	False	False	False	B
P53566	Q63844	Cebpa	Mapk3	True	False	False	False	False	False	B
P53566	Q811L6	Cebpa	Mast4	True	False	False	False	False	False	B
P53566	Q3THS6	Cebpa	Mat2a	True	False	False	False	False	False	A
P53566	Q9D9H3	Cebpa	Mbd3l1	True	False	False	False	False	False	C
P53566	A0A0A6YVV8	Cebpa	A0A0A6YVV8	True	False	False	False	False	False	B
P53566	Q8C181	Cebpa	Mbnl2	True	False	False	False	False	False	B
P53566	Q8R003	Cebpa	Mbnl3	True	False	False	False	False	False	B
P53566	P04370	Cebpa	Mbp	True	False	False	False	False	False	B
P53566	E9PWI3	Cebpa	E9PWI3	True	False	False	False	False	False	B
P53566	Q8BMF3	Cebpa	Me3	True	False	False	False	False	False	C
P53566	Q60929	Cebpa	Mef2a	True	False	False	False	False	False	C
P53566	Q60954	Cebpa	Meis1	True	False	False	False	False	False	B
P53566	Q5RKT9	Cebpa	Q5RKT9	True	False	False	False	False	False	C
P53566	O35678	Cebpa	Mgll	True	False	False	False	False	False	B
P53566	A0A1Y7VP67	Cebpa	A0A1Y7VP67	True	False	False	False	False	False	B
P53566	A2A7Y5	Cebpa	Miip	True	False	False	False	False	False	C
P53566	O54826	Cebpa	Mllt10	True	False	False	False	False	False	C
P53566	Q9CQY7	Cebpa	Mmd	True	False	False	False	False	False	C
P53566	Q61391	Cebpa	Mme	True	False	False	False	False	False	A
P53566	Q02853	Cebpa	Mmp11	True	False	False	False	False	False	A
P53566	Q921Y0	Cebpa	Mob1a	True	False	False	False	False	False	C
P53566	Q99N95	Cebpa	Mrpl3	True	False	False	False	False	False	C
P53566	Q80TA6	Cebpa	Mtmr12	True	False	False	False	False	False	B
P53566	Q9Z2C9	Cebpa	Mtmr7	True	False	False	False	False	False	B
P53566	G3X9H7	Cebpa	G3X9H7	True	False	False	False	False	False	B
P53566	A0A0R4J0N9	Cebpa	A0A0R4J0N9	True	False	False	False	False	False	B
P53566	Q3UHD3	Cebpa	Mtus2	True	False	False	False	False	False	C
P53566	Q6KAU4	Cebpa	Mvb12b	True	False	False	False	False	False	B
P53566	A0A0R4J132	Cebpa	A0A0R4J132	True	False	False	False	False	False	A
P53566	Q6P6L5	Cebpa	Q6P6L5	True	False	False	False	False	False	B
P53566	E9QNY3	Cebpa	E9QNY3	True	False	False	False	False	False	C
P53566	A2A6Q8	Cebpa	A2A6Q8	True	False	False	False	False	False	C
P53566	Q6PDN3	Cebpa	Mylk	True	False	False	False	False	False	B
P53566	E9PV66	Cebpa	E9PV66	True	False	False	False	False	False	C
P53566	D3YV80	Cebpa	D3YV80	True	False	False	False	False	False	B
P53566	Q8CG29	Cebpa	Q8CG29	True	False	False	False	False	False	B
P53566	Q62234	Cebpa	Myom1	True	False	False	False	False	False	B
P53566	A0A0N4SUJ3	Cebpa	A0A0N4SUJ3	True	False	False	False	False	False	B
P53566	Q8BGW5	Cebpa	Nabp1	True	False	False	False	False	False	B
P53566	Q8BJ48	Cebpa	Nagpa	True	False	False	False	False	False	C
P53566	V9GXT3	Cebpa	V9GXT3	True	False	False	False	False	False	B
P53566	A0A668KM70	Cebpa	A0A668KM70	True	False	False	False	False	False	B
P53566	E9Q9L6	Cebpa	E9Q9L6	True	False	False	False	False	False	C
P53566	Q8BLF1	Cebpa	Nceh1	True	False	False	False	False	False	B
P53566	Q61026	Cebpa	Ncoa2	True	False	False	False	False	False	B
P53566	Q9ERR1	Cebpa	Ndel1	True	False	False	False	False	False	B
P53566	Q91ZP6	Cebpa	Ndfip2	True	False	False	False	False	False	C
P53566	Q3UHN9	Cebpa	Ndst1	True	False	False	False	False	False	B
P53566	A2AIL4	Cebpa	Ndufaf6	True	False	False	False	False	False	B
P53566	Q9DC07	Cebpa	Nebl	True	False	False	False	False	False	C
P53566	Q0II04	Cebpa	Nebl	True	False	False	False	False	False	C
P53566	A0A286YDV4	Cebpa	A0A286YDV4	True	False	False	False	False	False	B
P53566	A0A0R4J212	Cebpa	A0A0R4J212	True	False	False	False	False	False	B
P53566	K3W4R8	Cebpa	K3W4R8	True	False	False	False	False	False	B
P53566	Q9ES70	Cebpa	Nek6	True	False	False	False	False	False	B
P53566	Q9JMH7	Cebpa	Neu3	True	False	False	False	False	False	C
P53566	A0A0G2JEX1	Cebpa	A0A0G2JEX1	True	False	False	False	False	False	C
P53566	Q02780	Cebpa	Nfia	True	False	False	False	False	False	B
P53566	O08750	Cebpa	Nfil3	True	False	False	False	False	False	B
P53566	P70353	Cebpa	Nfyc	True	False	False	False	False	False	A
P53566	A0A140LIZ7	Cebpa	A0A140LIZ7	True	False	False	False	False	False	B
P53566	Q3UW53	Cebpa	Niban1	True	False	False	False	False	False	B
P53566	C3VPR6	Cebpa	Nlrc5	True	False	False	False	False	False	C
P53566	O55239	Cebpa	Nnmt	True	False	False	False	False	False	B
P53566	E9Q5X0	Cebpa	E9Q5X0	True	False	False	False	False	False	C
P53566	G3UYV8	Cebpa	G3UYV8	True	False	False	False	False	False	B
P53566	O35604	Cebpa	Npc1	True	False	False	False	False	False	B
P53566	Q9QZS7	Cebpa	Nphs1	True	False	False	False	False	False	C
P53566	P60670	Cebpa	Nploc4	True	False	False	False	False	False	C
P53566	P43135	Cebpa	Nr2f2	True	False	False	False	False	False	B
P53566	P33242	Cebpa	Nr5a1	True	False	False	False	False	False	A
P53566	Q9WTX4	Cebpa	Nrg4	True	False	False	False	False	False	C
P53566	P97333	Cebpa	Nrp1	True	False	False	False	False	False	B
P53566	Q91VT1	Cebpa	Nsmce2	True	False	False	False	False	False	B
P53566	Q9CWD8	Cebpa	Nubpl	True	False	False	False	False	False	C
P53566	P81117	Cebpa	Nucb2	True	False	False	False	False	False	C
P53566	Q9QZS3	Cebpa	Numb	True	False	False	False	False	False	B
P53566	Q60597	Cebpa	Ogdh	True	False	False	False	False	False	C
P53566	Q9JKN5	Cebpa	Olig1	True	False	False	False	False	False	C
P53566	Q9EQ09	Cebpa	Olr1	True	False	False	False	False	False	C
P53566	Q9WUK7	Cebpa	Opn3	True	False	False	False	False	False	C
P53566	Q8VFM9	Cebpa	Or1m1	True	False	False	False	False	False	C
P53566	Q8VFX2	Cebpa	Or5b21	True	False	False	False	False	False	C
P53566	P11725	Cebpa	Otc	True	False	False	False	False	False	C
P53566	B1AZ99	Cebpa	Otud3	True	False	False	False	False	False	C
P53566	D6RFD3	Cebpa	D6RFD3	True	False	False	False	False	False	C
P53566	Q9WVE8	Cebpa	Pacsin2	True	False	False	False	False	False	B
P53566	Q9Z185	Cebpa	Padi1	True	False	False	False	False	False	C
P53566	Q3U1F9	Cebpa	Pag1	True	False	False	False	False	False	B
P53566	Q8K4K6	Cebpa	Pank1	True	False	False	False	False	False	C
P53566	Q80ZE5	Cebpa	Paqr8	True	False	False	False	False	False	C
P53566	G3XA13	Cebpa	G3XA13	True	False	False	False	False	False	B
P53566	Q99NE9	Cebpa	Pbx4	True	False	False	False	False	False	C
P53566	P60335	Cebpa	Pcbp1	True	False	False	False	False	False	B
P53566	Q61990	Cebpa	Pcbp2	True	False	False	False	False	False	C
P53566	Q91ZA3	Cebpa	Pcca	True	False	False	False	False	False	B
P53566	P17918	Cebpa	Pcna	True	False	False	False	False	False	A
P53566	Q9QYC1	Cebpa	Pcnx1	True	False	False	False	False	False	C
P53566	F6XJP7	Cebpa	F6XJP7	True	False	False	False	False	False	B
P53566	Q8VBU5	Cebpa	Q8VBU5	True	False	False	False	False	False	B
P53566	Q3UEI1	Cebpa	Pde4c	True	False	False	False	False	False	C
P53566	Q01063	Cebpa	Pde4d	True	False	False	False	False	False	B
P53566	Q8CI51	Cebpa	Pdlim5	True	False	False	False	False	False	B
P53566	Q7TSQ8	Cebpa	Pdpr	True	False	False	False	False	False	C
P53566	E9QPI5	Cebpa	E9QPI5	True	False	False	False	False	False	B
P53566	A0A087WQ09	Cebpa	A0A087WQ09	True	False	False	False	False	False	C
P53566	A2CEK3	Cebpa	A2CEK3	True	False	False	False	False	False	B
P53566	Q2M3X8	Cebpa	Phactr1	True	False	False	False	False	False	B
P53566	B1AVP0	Cebpa	B1AVP0	True	False	False	False	False	False	B
P53566	Q9QWH1	Cebpa	Phc2	True	False	False	False	False	False	B
P53566	Q8K1N2	Cebpa	Phldb2	True	False	False	False	False	False	B
P53566	Q8CHE4	Cebpa	Phlpp1	True	False	False	False	False	False	B
P53566	Q3TAA8	Cebpa	Q3TAA8	True	False	False	False	False	False	B
P53566	Q9EQ32	Cebpa	Pik3ap1	True	False	False	False	False	False	B
P53566	P26450	Cebpa	Pik3r1	True	False	False	False	False	False	B
P53566	P06803	Cebpa	Pim1	True	False	False	False	False	False	B
P53566	O70172	Cebpa	Pip4k2a	True	False	False	False	False	False	B
P53566	P70182	Cebpa	Pip5k1a	True	False	False	False	False	False	C
P53566	A0A0A0MQK4	Cebpa	A0A0A0MQK4	True	False	False	False	False	False	C
P53566	Q64GA5	Cebpa	Pla2g4c	True	False	False	False	False	False	C
P53566	Q6GTW1	Cebpa	Q6GTW1	True	False	False	False	False	False	C
P53566	Q9Z1B3	Cebpa	Plcb1	True	False	False	False	False	False	B
P53566	Q8K394	Cebpa	Plcl2	True	False	False	False	False	False	B
P53566	Q8BUL6	Cebpa	Plekha1	True	False	False	False	False	False	C
P53566	Q8BM47	Cebpa	Plekhm3	True	False	False	False	False	False	B
P53566	P43883	Cebpa	Plin2	True	False	False	False	False	False	B
P53566	Q99JY8	Cebpa	Plpp3	True	False	False	False	False	False	B
P53566	Q9CXT8	Cebpa	Pmpcb	True	False	False	False	False	False	C
P53566	A0A0R4J091	Cebpa	A0A0R4J091	True	False	False	False	False	False	C
P53566	P59470	Cebpa	Polr3b	True	False	False	False	False	False	C
P53566	Q8K3Z9	Cebpa	Pom121	True	False	False	False	False	False	C
P53566	P37040	Cebpa	Por	True	False	False	False	False	False	B
P53566	O70343	Cebpa	Ppargc1a	True	False	False	False	False	False	B
P53566	P24369	Cebpa	Ppib	True	False	False	False	False	False	C
P53566	G5E898	Cebpa	G5E898	True	False	False	False	False	False	C
P53566	A0A2I3BPC5	Cebpa	A0A2I3BPC5	True	False	False	False	False	False	C
P53566	Q69ZK0	Cebpa	Prex1	True	False	False	False	False	False	B
P53566	Q91WG5	Cebpa	Prkag2	True	False	False	False	False	False	B
P53566	P16054	Cebpa	Prkce	True	False	False	False	False	False	B
P53566	P23298	Cebpa	Prkch	True	False	False	False	False	False	B
P53566	Q08501	Cebpa	Prlr	True	False	False	False	False	False	B
P53566	P07978	Cebpa	Prm2	True	False	False	False	False	False	C
P53566	Q922X9	Cebpa	Prmt7	True	False	False	False	False	False	C
P53566	Q8VCZ9	Cebpa	Prodh2	True	False	False	False	False	False	C
P53566	P48437	Cebpa	Prox1	True	False	False	False	False	False	B
P53566	Q8R574	Cebpa	Prpsap2	True	False	False	False	False	False	C
P53566	F8WHT3	Cebpa	F8WHT3	True	False	False	False	False	False	B
P53566	Q9R1P4	Cebpa	Psma1	True	False	False	False	False	False	B
P53566	E9QMK6	Cebpa	E9QMK6	True	False	False	False	False	False	C
P53566	Q9QVP9	Cebpa	Ptk2b	True	False	False	False	False	False	B
P53566	Q63739	Cebpa	Ptp4a1	True	False	False	False	False	False	B
P53566	O70274	Cebpa	Ptp4a2	True	False	False	False	False	False	B
P53566	P35831	Cebpa	Ptpn12	True	False	False	False	False	False	B
P53566	P18052	Cebpa	Ptpra	True	False	False	False	False	False	C
P53566	Q9ET01	Cebpa	Pygl	True	False	False	False	False	False	B
P53566	A0A087WRE1	Cebpa	A0A087WRE1	True	False	False	False	False	False	C
P53566	P35276	Cebpa	Rab3d	True	False	False	False	False	False	B
P53566	A6H6A9	Cebpa	Rabgap1l	True	False	False	False	False	False	B
P53566	Q9JM13	Cebpa	Rabgef1	True	False	False	False	False	False	C
P53566	O35719	Cebpa	Rad51b	True	False	False	False	False	False	B
P53566	Q69Z89	Cebpa	Radil	True	False	False	False	False	False	C
P53566	A0A0A0MQD7	Cebpa	A0A0A0MQD7	True	False	False	False	False	False	B
P53566	A2APV5	Cebpa	A2APV5	True	False	False	False	False	False	C
P53566	Q8BIV3	Cebpa	Ranbp6	True	False	False	False	False	False	C
P53566	Q91ZZ2	Cebpa	Q91ZZ2	True	False	False	False	False	False	B
P53566	Q9EQZ6	Cebpa	Rapgef4	True	False	False	False	False	False	B
P53566	P13405	Cebpa	Rb1	True	False	False	False	False	False	A
P53566	P97868	Cebpa	Rbbp6	True	False	False	False	False	False	C
P53566	B2RY56	Cebpa	Rbm25	True	False	False	False	False	False	C
P53566	Q8BHN5	Cebpa	Rbm45	True	False	False	False	False	False	C
P53566	Q91WT8	Cebpa	Rbm47	True	False	False	False	False	False	B
P53566	Q91W59	Cebpa	Rbms1	True	False	False	False	False	False	B
P53566	Q8VC70	Cebpa	Rbms2	True	False	False	False	False	False	C
P53566	Q8BWL5	Cebpa	Rbms3	True	False	False	False	False	False	B
P53566	Q9WVB0	Cebpa	Rbpms	True	False	False	False	False	False	B
P53566	Q9JHG6	Cebpa	Rcan1	True	False	False	False	False	False	B
P53566	Q8VE37	Cebpa	Rcc1	True	False	False	False	False	False	C
P53566	Q80TZ9	Cebpa	Rere	True	False	False	False	False	False	B
P53566	Q8CIK8	Cebpa	Rfwd3	True	False	False	False	False	False	C
P53566	P15409	Cebpa	Rho	True	False	False	False	False	False	B
P53566	Q91V93	Cebpa	Rhobtb2	True	False	False	False	False	False	C
P53566	Q9CTN4	Cebpa	Rhobtb3	True	False	False	False	False	False	B
P53566	F8WGD2	Cebpa	F8WGD2	True	False	False	False	False	False	B
P53566	P59729	Cebpa	Rin3	True	False	False	False	False	False	B
P53566	P97425	Cebpa	Ear2	True	False	False	False	False	False	A;D
P53566	Q8K196	Cebpa	Q8K196	True	False	False	False	False	False	A;D
P53566	P97426	Cebpa	Ear1	True	False	False	False	False	False	A;D
P53566	Q923L7	Cebpa	Q923L7	True	False	False	False	False	False	A;D
P53566	Q923L6	Cebpa	Q923L6	True	False	False	False	False	False	A;D
P53566	O35292	Cebpa	Rnase2b	True	False	False	False	False	False	A;D
P53566	F8VPK5	Cebpa	F8VPK5	True	False	False	False	False	False	B
P53566	P47962	Cebpa	Rpl5	True	False	False	False	False	False	C
P53566	Q3UH06	Cebpa	Rreb1	True	False	False	False	False	False	B
P53566	Q91YK2	Cebpa	Rrp1b	True	False	False	False	False	False	C
P53566	Q99P72	Cebpa	Rtn4	True	False	False	False	False	False	B
P53566	A0A0G2JFT8	Cebpa	A0A0G2JFT8	True	False	False	False	False	False	B
P53566	A0A0R4J0B5	Cebpa	A0A0R4J0B5	True	False	False	False	False	False	C
P53566	P28704	Cebpa	Rxrb	True	False	False	False	False	False	C
P53566	Q8CBY1	Cebpa	Samd4a	True	False	False	False	False	False	B
P53566	F8VQK5	Cebpa	F8VQK5	True	False	False	False	False	False	B
P53566	Q61009	Cebpa	Scarb1	True	False	False	False	False	False	B
P53566	Q8BRF7	Cebpa	Scfd1	True	False	False	False	False	False	C
P53566	A0A0J9YTW4	Cebpa	A0A0J9YTW4	True	False	False	False	False	False	B
P53566	P43407	Cebpa	Sdc2	True	False	False	False	False	False	B
P53566	P70274	Cebpa	Selenop	True	False	False	False	False	False	B
P53566	O09126	Cebpa	Sema4d	True	False	False	False	False	False	B
P53566	Q8C1B7	Cebpa	Septin11	True	False	False	False	False	False	C
P53566	P42208	Cebpa	Septin2	True	False	False	False	False	False	C
P53566	Q80YD6	Cebpa	Sergef	True	False	False	False	False	False	B
P53566	Q8BHJ6	Cebpa	Serinc5	True	False	False	False	False	False	B
P53566	O08800	Cebpa	Serpinb8	True	False	False	False	False	False	C
P53566	Q8VHL1	Cebpa	Setd7	True	False	False	False	False	False	B
P53566	Q9WVC6	Cebpa	Sgk1	True	False	False	False	False	False	B
P53566	O09039	Cebpa	Sh2b3	True	False	False	False	False	False	C
P53566	Q921I6	Cebpa	Sh3bp4	True	False	False	False	False	False	B
P53566	Q9Z131	Cebpa	Sh3bp5	True	False	False	False	False	False	B
P53566	Q91X43	Cebpa	Sh3d19	True	False	False	False	False	False	C
P53566	Q8R550	Cebpa	Sh3kbp1	True	False	False	False	False	False	B
P53566	D3Z5K8	Cebpa	D3Z5K8	True	False	False	False	False	False	B
P53566	Q8K2Q9	Cebpa	Shtn1	True	False	False	False	False	False	C
P53566	Q80ZE3	Cebpa	Siglec10	True	False	False	False	False	False	C
P53566	Q6P4S6	Cebpa	Sik3	True	False	False	False	False	False	B
P53566	Q9EPK6	Cebpa	Sil1	True	False	False	False	False	False	B
P53566	Q8C0T5	Cebpa	Sipa1l1	True	False	False	False	False	False	B
P53566	Q6P6P5	Cebpa	Q6P6P5	True	False	False	False	False	False	C
P53566	Q924N4	Cebpa	Slc12a6	True	False	False	False	False	False	C
P53566	Q67BT3	Cebpa	Slc13a5	True	False	False	False	False	False	B
P53566	Q61983	Cebpa	Slc17a1	True	False	False	False	False	False	C
P53566	P56564	Cebpa	Slc1a3	True	False	False	False	False	False	C
P53566	B2RT89	Cebpa	B2RT89	True	False	False	False	False	False	C
P53566	Q8BWG6	Cebpa	Q8BWG6	True	False	False	False	False	False	C
P53566	Q96LX3	Cebpa	Q96LX3	True	False	False	False	False	False	C
P53566	Q76M72	Cebpa	Slc22a27	True	False	False	False	False	False	C
P53566	Q8VCA0	Cebpa	Slc22a19	True	False	False	False	False	False	C
P53566	Q91WJ2	Cebpa	Q91WJ2	True	False	False	False	False	False	C
P53566	A0A0R4J1I9	Cebpa	A0A0R4J1I9	True	False	False	False	False	False	C
P53566	Q3UHH2	Cebpa	Slc22a23	True	False	False	False	False	False	B
P53566	A0A0R4J0Z4	Cebpa	A0A0R4J0Z4	True	False	False	False	False	False	B
P53566	Q922G0	Cebpa	Slc25a36	True	False	False	False	False	False	C
P53566	Q3T9X0	Cebpa	Slc2a9	True	False	False	False	False	False	B
P53566	Q8R1S9	Cebpa	Slc38a4	True	False	False	False	False	False	B
P53566	Q8BWY7	Cebpa	Slc39a11	True	False	False	False	False	False	B
P53566	Q6X893	Cebpa	Slc44a1	True	False	False	False	False	False	B
P53566	Q8BY89	Cebpa	Slc44a2	True	False	False	False	False	False	C
P53566	Q921V7	Cebpa	Slc44a3	True	False	False	False	False	False	C
P53566	O88343	Cebpa	Slc4a4	True	False	False	False	False	False	C
P53566	D3YVG0	Cebpa	D3YVG0	True	False	False	False	False	False	C
P53566	Q8K0E3	Cebpa	Slc5a11	True	False	False	False	False	False	C
P53566	P31649	Cebpa	Slc6a13	True	False	False	False	False	False	C
P53566	P18581	Cebpa	Slc7a2	True	False	False	False	False	False	C
P53566	Q9Z1K8	Cebpa	Slc7a7	True	False	False	False	False	False	C
P53566	A0A3Q4L326	Cebpa	A0A3Q4L326	True	False	False	False	False	False	B
P53566	Q9D7Y9	Cebpa	Slx4ip	True	False	False	False	False	False	B
P53566	Q8BUN5	Cebpa	Smad3	True	False	False	False	False	False	B
P53566	Q7TN29	Cebpa	Smap2	True	False	False	False	False	False	B
P53566	Q9CWR2	Cebpa	Smyd3	True	False	False	False	False	False	B
P53566	Q99L88	Cebpa	Sntb1	True	False	False	False	False	False	B
P53566	Q3UHD6	Cebpa	Snx27	True	False	False	False	False	False	C
P53566	Q6P8X1	Cebpa	Snx6	True	False	False	False	False	False	C
P53566	A0A5F8MPJ2	Cebpa	A0A5F8MPJ2	True	False	False	False	False	False	B
P53566	O88307	Cebpa	Sorl1	True	False	False	False	False	False	B
P53566	Q6NSQ5	Cebpa	Q6NSQ5	True	False	False	False	False	False	C
P53566	Q58A65	Cebpa	Spag9	True	False	False	False	False	False	B
P53566	Q3U6K5	Cebpa	Spata6	True	False	False	False	False	False	C
P53566	Q8K1N4	Cebpa	Spats2	True	False	False	False	False	False	C
P53566	Q91WJ7	Cebpa	Spats2l	True	False	False	False	False	False	B
P53566	Q8CI15	Cebpa	Sphk1	True	False	False	False	False	False	C
P53566	Q8BGX7	Cebpa	Spidr	True	False	False	False	False	False	A
P53566	Q3U1N2	Cebpa	Srebf2	True	False	False	False	False	False	A
P53566	F8VPQ4	Cebpa	F8VPQ4	True	False	False	False	False	False	C
P53566	Q9R0U0	Cebpa	Srsf10	True	False	False	False	False	False	C
P53566	Q8VC66	Cebpa	Ssx2ip	True	False	False	False	False	False	C
P53566	P54751	Cebpa	St3gal1	True	False	False	False	False	False	B
P53566	A0A0U1RNK2	Cebpa	A0A0U1RNK2	True	False	False	False	False	False	B
P53566	Q8VIB3	Cebpa	St3gal6	True	False	False	False	False	False	B
P53566	Q64685	Cebpa	St6gal1	True	False	False	False	False	False	B
P53566	A0A0J9YTR8	Cebpa	A0A0J9YTR8	True	False	False	False	False	False	B
P53566	P70302	Cebpa	Stim1	True	False	False	False	False	False	B
P53566	Q9Z1W9	Cebpa	Stk39	True	False	False	False	False	False	B
P53566	O35526	Cebpa	Stx1a	True	False	False	False	False	False	C
P53566	D3Z079	Cebpa	D3Z079	True	False	False	False	False	False	B
P53566	B8JJ84	Cebpa	B8JJ84	True	False	False	False	False	False	B
P53566	Q80VR3	Cebpa	Sult1c1	True	False	False	False	False	False	C
P53566	Q8BPG6	Cebpa	Sumf2	True	False	False	False	False	False	C
P53566	E9Q3H4	Cebpa	E9Q3H4	True	False	False	False	False	False	B
P53566	Q8K4L3	Cebpa	Svil	True	False	False	False	False	False	B
P53566	Q8BHS8	Cebpa	Sybu	True	False	False	False	False	False	C
P53566	A0A0M3U1B0	Cebpa	Sycp2l	True	False	False	False	False	False	C
P53566	P48025	Cebpa	Syk	True	False	False	False	False	False	B
P53566	Q7TMK9	Cebpa	Syncrip	True	False	False	False	False	False	C
P53566	Q6ZWQ0	Cebpa	Syne2	True	False	False	False	False	False	B
P53566	D3Z656	Cebpa	D3Z656	True	False	False	False	False	False	C
P53566	E0CYK1	Cebpa	E0CYK1	True	False	False	False	False	False	C
P53566	O09117	Cebpa	Sypl1	True	False	False	False	False	False	C
P53566	Q9R0N3	Cebpa	Syt11	True	False	False	False	False	False	C
P53566	F8VQ95	Cebpa	F8VQ95	True	False	False	False	False	False	B
P53566	E9Q8T1	Cebpa	E9Q8T1	True	False	False	False	False	False	B
P53566	P97473	Cebpa	Tarbp2	True	False	False	False	False	False	C
P53566	Q60949	Cebpa	Tbc1d1	True	False	False	False	False	False	B
P53566	D3YWM7	Cebpa	D3YWM7	True	False	False	False	False	False	B
P53566	Q3U0J8	Cebpa	Tbc1d2b	True	False	False	False	False	False	B
P53566	E0CX53	Cebpa	E0CX53	True	False	False	False	False	False	B
P53566	Q80XQ2	Cebpa	Tbc1d5	True	False	False	False	False	False	B
P53566	P36423	Cebpa	Tbxas1	True	False	False	False	False	False	B
P53566	E9QQ91	Cebpa	E9QQ91	True	False	False	False	False	False	B
P53566	O08524	Cebpa	Tectb	True	False	False	False	False	False	B
P53566	Q3UHK6	Cebpa	Tenm4	True	False	False	False	False	False	B
P53566	Q6ZPJ0	Cebpa	Tex2	True	False	False	False	False	False	B
P53566	G3XA23	Cebpa	G3XA23	True	False	False	False	False	False	C
P53566	D3YZM7	Cebpa	D3YZM7	True	False	False	False	False	False	C
P53566	Q62351	Cebpa	Tfrc	True	False	False	False	False	False	C
P53566	O08710	Cebpa	Tg	True	False	False	False	False	False	B
P53566	P82198	Cebpa	Tgfbi	True	False	False	False	False	False	B
P53566	A0A0R4J097	Cebpa	A0A0R4J097	True	False	False	False	False	False	B
P53566	P21981	Cebpa	Tgm2	True	False	False	False	False	False	B
P53566	Q08189	Cebpa	Tgm3	True	False	False	False	False	False	B
P53566	A8C756	Cebpa	Thada	True	False	False	False	False	False	B
P53566	Q6ZPF3	Cebpa	Tiam2	True	False	False	False	False	False	B
P53566	Q6PI17	Cebpa	Q6PI17	True	False	False	False	False	False	A
P53566	Q99JR5	Cebpa	Tinagl1	True	False	False	False	False	False	C
P53566	P04184	Cebpa	Tk1	True	False	False	False	False	False	A
P53566	Q62440	Cebpa	Tle1	True	False	False	False	False	False	B
P53566	Q08122	Cebpa	Tle3	True	False	False	False	False	False	B
P53566	Q8C0V0	Cebpa	Tlk1	True	False	False	False	False	False	B
P53566	O55047	Cebpa	Tlk2	True	False	False	False	False	False	C
P53566	A0A1L1SQ51	Cebpa	A0A1L1SQ51	True	False	False	False	False	False	B
P53566	Q3U3D7	Cebpa	Tmem131l	True	False	False	False	False	False	B
P53566	Q9DA04	Cebpa	Tmem89	True	False	False	False	False	False	C
P53566	Q60769	Cebpa	Tnfaip3	True	False	False	False	False	False	A
P53566	P43488	Cebpa	Tnfsf4	True	False	False	False	False	False	C
P53566	P32972	Cebpa	Tnfsf8	True	False	False	False	False	False	B
P53566	Q6PFX9	Cebpa	Tnks	True	False	False	False	False	False	B
P53566	P58871	Cebpa	Tnks1bp1	True	False	False	False	False	False	C
P53566	Q5SSZ5	Cebpa	Tns3	True	False	False	False	False	False	B
P53566	Q01320	Cebpa	Top2a	True	False	False	False	False	False	A
P53566	Q8CFU8	Cebpa	Tp53inp2	True	False	False	False	False	False	C
P53566	A2APB8	Cebpa	Tpx2	True	False	False	False	False	False	C
P53566	A0A0A6YWR4	Cebpa	A0A0A6YWR4	True	False	False	False	False	False	C
P53566	Q3UDK1	Cebpa	Trafd1	True	False	False	False	False	False	C
P53566	Q6PD31	Cebpa	Trak1	True	False	False	False	False	False	B
P53566	Q9JKE2	Cebpa	Trem1	True	False	False	False	False	False	C
P53566	Q8K4K4	Cebpa	Trib1	True	False	False	False	False	False	B
P53566	Q9ESN6	Cebpa	Trim2	True	False	False	False	False	False	B
P53566	Q0KL02	Cebpa	Trio	True	False	False	False	False	False	B
P53566	Q8R4D5	Cebpa	Trpm8	True	False	False	False	False	False	C
P53566	Q9Z2S7	Cebpa	Tsc22d3	True	False	False	False	False	False	A
P53566	A0A494BAR6	Cebpa	A0A494BAR6	True	False	False	False	False	False	C
P53566	Q8QZY6	Cebpa	Tspan14	True	False	False	False	False	False	B
P53566	Q8R3S2	Cebpa	Tspan33	True	False	False	False	False	False	C
P53566	Q8C159	Cebpa	Ttc22	True	False	False	False	False	False	C
P53566	A0A0A0MQN9	Cebpa	A0A0A0MQN9	True	False	False	False	False	False	B
P53566	A0A0R4J1T2	Cebpa	A0A0R4J1T2	True	False	False	False	False	False	C
P53566	E9Q6P5	Cebpa	Ttc7b	True	False	False	False	False	False	C
P53566	Q9ERD7	Cebpa	Tubb3	True	False	False	False	False	False	C
P53566	A0A286YCY9	Cebpa	A0A286YCY9	True	False	False	False	False	False	C
P53566	Q8BJM7	Cebpa	Tyw1	True	False	False	False	False	False	C
P53566	Q3UHZ7	Cebpa	Q3UHZ7	True	False	False	False	False	False	C
P53566	Q8BGG7	Cebpa	Ubash3b	True	False	False	False	False	False	B
P53566	P68037	Cebpa	Ube2l3	True	False	False	False	False	False	A
P53566	Q80WC1	Cebpa	Ubn2	True	False	False	False	False	False	C
P53566	Q8R317	Cebpa	Ubqln1	True	False	False	False	False	False	C
P53566	Q6WKZ8	Cebpa	Ubr2	True	False	False	False	False	False	C
P53566	Q8BG34	Cebpa	Ubxn10	True	False	False	False	False	False	C
P53566	A0A087WSK5	Cebpa	A0A087WSK5	True	False	False	False	False	False	C
P53566	Q8VDF2	Cebpa	Uhrf1	True	False	False	False	False	False	A
P53566	A2RSJ4	Cebpa	Bltp3b	True	False	False	False	False	False	C
P53566	Q91X17	Cebpa	Umod	True	False	False	False	False	False	C
P53566	Q5DID3	Cebpa	Umodl1	True	False	False	False	False	False	C
P53566	Q9EPU0	Cebpa	Upf1	True	False	False	False	False	False	C
P53566	Q8CGR7	Cebpa	Upp2	True	False	False	False	False	False	C
P53566	Q283N4	Cebpa	Urad	True	False	False	False	False	False	C
P53566	P52479	Cebpa	Usp10	True	False	False	False	False	False	B
P53566	Q5DU02	Cebpa	Usp22	True	False	False	False	False	False	C
P53566	Q8BY87	Cebpa	Usp47	True	False	False	False	False	False	B
P53566	Q80XC3	Cebpa	Usp6nl	True	False	False	False	False	False	B
P53566	A0A1W2P8G5	Cebpa	A0A1W2P8G5	True	False	False	False	False	False	B
P53566	Q9Z2P8	Cebpa	Vamp5	True	False	False	False	False	False	C
P53566	Q64727	Cebpa	Vcl	True	False	False	False	False	False	B
P53566	Q99KU0	Cebpa	Vmp1	True	False	False	False	False	False	B
P53566	B1ART2	Cebpa	B1ART2	True	False	False	False	False	False	B
P53566	P97390	Cebpa	Vps45	True	False	False	False	False	False	C
P53566	Q3UVV9	Cebpa	Vwa3a	True	False	False	False	False	False	C
P53566	Q6VNB8	Cebpa	Wdfy3	True	False	False	False	False	False	C
P53566	E9Q2M9	Cebpa	Wdfy4	True	False	False	False	False	False	C
P53566	E9Q349	Cebpa	Wdr25	True	False	False	False	False	False	C
P53566	E9QM73	Cebpa	E9QM73	True	False	False	False	False	False	C
P53566	Q5SXA9	Cebpa	Wwc1	True	False	False	False	False	False	B
P53566	Q00519	Cebpa	Xdh	True	False	False	False	False	False	A
P53566	Q9CX47	Cebpa	Xrcc2	True	False	False	False	False	False	C
P53566	P46938	Cebpa	Yap1	True	False	False	False	False	False	B
P53566	A0A0A6YW03	Cebpa	A0A0A6YW03	True	False	False	False	False	False	C
P53566	Q8K0L9	Cebpa	Zbtb20	True	False	False	False	False	False	B
P53566	Q80X44	Cebpa	Zbtb24	True	False	False	False	False	False	C
P53566	D3Z1Y7	Cebpa	D3Z1Y7	True	False	False	False	False	False	B
P53566	Q8BID6	Cebpa	Zbtb46	True	False	False	False	False	False	C
P53566	Q8VCZ7	Cebpa	Zbtb7c	True	False	False	False	False	False	C
P53566	Q6NZF1	Cebpa	Zc3h11a	True	False	False	False	False	False	C
P53566	Q5DTV4	Cebpa	Zc3h12c	True	False	False	False	False	False	C
P53566	Q7TS63	Cebpa	Zfat	True	False	False	False	False	False	B
P53566	P23949	Cebpa	Zfp36l2	True	False	False	False	False	False	B
P53566	P17012	Cebpa	Zfx	True	False	False	False	False	False	C
P53566	Q6P1E1	Cebpa	Zmiz1	True	False	False	False	False	False	B
P53566	A2A484	Cebpa	A2A484	True	False	False	False	False	False	B
P53566	A2ART0	Cebpa	A2ART0	True	False	False	False	False	False	C
P53566	A2BE23	Cebpa	A2BE23	True	False	False	False	False	False	C
P53566	F6R9A8	Cebpa	F6R9A8	True	False	False	False	False	False	C
P53566	Q3TPQ7	Cebpa	Q3TPQ7	True	False	False	False	False	False	C
P53566	Q08BU3	Cebpa	Q08BU3	True	False	False	False	False	False	C
P53566	A2ART4	Cebpa	A2ART4	True	False	False	False	False	False	C
P53566	A0A571BGA5	Cebpa	A0A571BGA5	True	False	False	False	False	False	C
P53566	A2ARL5	Cebpa	A2ARL5	True	False	False	False	False	False	C
P53566	A0A087WRL6	Cebpa	A0A087WRL6	True	False	False	False	False	False	C
P53566	A2BFG8	Cebpa	A2BFG8	True	False	False	False	False	False	C
P53566	Q99LI5	Cebpa	Znf281	True	False	False	False	False	False	C
P53566	A2A4U6	Cebpa	A2A4U6	True	False	False	False	False	False	C
P53566	Q8BXJ8	Cebpa	Znf385b	True	False	False	False	False	False	B
P53566	G3UVV3	Cebpa	G3UVV3	True	False	False	False	False	False	C
P53566	A0A0N4SVM8	Cebpa	A0A0N4SVM8	True	False	False	False	False	False	C
P53566	F7APL9	Cebpa	F7APL9	True	False	False	False	False	False	C
P53566	Q5SSZ7	Cebpa	Znrf3	True	False	False	False	False	False	B
P28033	B1AVP1	Cebpb	B1AVP1	True	False	False	False	False	False	C
P28033	B7ZCJ0	Cebpb	B7ZCJ0	True	False	False	False	False	False	C
P28033	P97433	Cebpb	Arhgef28	True	False	False	False	False	False	C
P28033	O55143	Cebpb	Atp2a2	True	False	False	False	False	False	C
P28033	Q6PAJ1	Cebpb	Bcr	True	False	False	False	False	False	C
P28033	A0A494BBD0	Cebpb	A0A494BBD0	True	False	False	False	False	False	C
P28033	C7IVS7	Cebpb	C7IVS7	True	False	False	False	False	False	C
P28033	Q80U30	Cebpb	Clec16a	True	False	False	False	False	False	C
P28033	A0A0N4SV71	Cebpb	A0A0N4SV71	True	False	False	False	False	False	C
P28033	Q8R3V6	Cebpb	Cuedc1	True	False	False	False	False	False	C
P28033	E9QKB1	Cebpb	E9QKB1	True	False	False	False	False	False	B
P28033	Q9D415	Cebpb	Dlgap1	True	False	False	False	False	False	C
P28033	P11531	Cebpb	Dmd	True	False	False	False	False	False	C
P28033	B2RY04	Cebpb	Dock5	True	False	False	False	False	False	C
P28033	Q4PZA2	Cebpb	Ece1	True	False	False	False	False	False	C
P28033	Q80X90	Cebpb	Flnb	True	False	False	False	False	False	C
P28033	Q9WVH4	Cebpb	Foxo3	True	False	False	False	False	False	C
P28033	P39688	Cebpb	Fyn	True	False	False	False	False	False	C
P28033	P17710	Cebpb	Hk1	True	False	False	False	False	False	C
P28033	P13504	Cebpb	Il1r1	True	False	False	False	False	False	C
P28033	A0A338P795	Cebpb	A0A338P795	True	False	False	False	False	False	C
P28033	A0A0N4SVC8	Cebpb	A0A0N4SVC8	True	False	False	False	False	False	C
P28033	Q6RHR9	Cebpb	Magi1	True	False	False	False	False	False	C
P28033	A0A1Y7VP67	Cebpb	A0A1Y7VP67	True	False	False	False	False	False	C
P28033	Q6PDN3	Cebpb	Mylk	True	False	False	False	False	False	C
P28033	A0A0N4SUJ3	Cebpb	A0A0N4SUJ3	True	False	False	False	False	False	C
P28033	Q8CI51	Cebpb	Pdlim5	True	False	False	False	False	False	C
P28033	P37040	Cebpb	Por	True	False	False	False	False	False	C
P28033	P59729	Cebpb	Rin3	True	False	False	False	False	False	C
P28033	P61588	Cebpb	Rnd3	True	False	False	False	False	False	C
P28033	Q99P72	Cebpb	Rtn4	True	False	False	False	False	False	C
P28033	Q62181	Cebpb	Sema3c	True	False	False	False	False	False	C
P28033	Q8BUN5	Cebpb	Smad3	True	False	False	False	False	False	B
P28033	Q6ZWQ0	Cebpb	Syne2	True	False	False	False	False	False	C
Q00322	Q91V12	Cebpd	Acot7	True	False	False	False	False	False	C
Q00322	E9PY16	Cebpd	E9PY16	True	False	False	False	False	False	C
Q00322	B1AVP1	Cebpd	B1AVP1	True	False	False	False	False	False	C
Q00322	P08030	Cebpd	Aprt	True	False	False	False	False	False	C
Q00322	O55143	Cebpd	Atp2a2	True	False	False	False	False	False	C
Q00322	Q9Z2F6	Cebpd	Bcl3	True	False	False	False	False	False	C
Q00322	Q8K2Y9	Cebpd	Ccm2	True	False	False	False	False	False	C
Q00322	Q8C025	Cebpd	Chpt1	True	False	False	False	False	False	C
Q00322	Q80U30	Cebpd	Clec16a	True	False	False	False	False	False	C
Q00322	Q8R3V6	Cebpd	Cuedc1	True	False	False	False	False	False	C
Q00322	Q9D3F7	Cebpd	Ddit4	True	False	False	False	False	False	C
Q00322	P39054	Cebpd	Dnm2	True	False	False	False	False	False	C
Q00322	Q4PZA2	Cebpd	Ece1	True	False	False	False	False	False	C
Q00322	A0A0R4J0W9	Cebpd	A0A0R4J0W9	True	False	False	False	False	False	C
Q00322	Q920L1	Cebpd	Fads1	True	False	False	False	False	False	C
Q00322	B7FAU9	Cebpd	B7FAU9	True	False	False	False	False	False	C
Q00322	Q80X90	Cebpd	Flnb	True	False	False	False	False	False	C
Q00322	P39688	Cebpd	Fyn	True	False	False	False	False	False	C
Q00322	Q3UHD2	Cebpd	Gfod1	True	False	False	False	False	False	C
Q00322	Q8VEF1	Cebpd	Gramd1a	True	False	False	False	False	False	B
Q00322	Q8CFX1	Cebpd	H6pd	True	False	False	False	False	False	C
Q00322	Q9Z2X1	Cebpd	Hnrnpf	True	False	False	False	False	False	C
Q00322	P41136	Cebpd	Id2	True	False	False	False	False	False	C
Q00322	P13504	Cebpd	Il1r1	True	False	False	False	False	False	C
Q00322	A0A338P795	Cebpd	A0A338P795	True	False	False	False	False	False	C
Q00322	Q8BTY1	Cebpd	Kyat1	True	False	False	False	False	False	C
Q00322	P61969	Cebpd	Lmo4	True	False	False	False	False	False	C
Q00322	Q8CGK3	Cebpd	Lonp1	True	False	False	False	False	False	C
Q00322	A0A1Y7VP67	Cebpd	A0A1Y7VP67	True	False	False	False	False	False	C
Q00322	O08750	Cebpd	Nfil3	True	False	False	False	False	False	B
Q00322	Q9QZS3	Cebpd	Numb	True	False	False	False	False	False	C
Q00322	Q9QWH1	Cebpd	Phc2	True	False	False	False	False	False	C
Q00322	Q8VE37	Cebpd	Rcc1	True	False	False	False	False	False	C
Q00322	A2AVJ7	Cebpd	A2AVJ7	True	False	False	False	False	False	C
Q00322	G5E899	Cebpd	G5E899	True	False	False	False	False	False	C
Q00322	P57787	Cebpd	Slc16a3	True	False	False	False	False	False	C
Q00322	P09671	Cebpd	Sod2	True	False	False	False	False	False	C
Q00322	Q62245	Cebpd	Sos1	True	False	False	False	False	False	C
Q00322	A0A571BG39	Cebpd	A0A571BG39	True	False	False	False	False	False	C
Q00322	D3YZM7	Cebpd	D3YZM7	True	False	False	False	False	False	C
Q00322	Q62351	Cebpd	Tfrc	True	False	False	False	False	False	C
Q00322	P70284	Cebpd	Tgif1	True	False	False	False	False	False	C
Q00322	P21981	Cebpd	Tgm2	True	False	False	False	False	False	C
Q00322	P25118	Cebpd	Tnfrsf1a	True	False	False	False	False	False	C
Q00322	Q8K4K4	Cebpd	Trib1	True	False	False	False	False	False	C
Q00322	Q8BQH4	Cebpd	Ubald2	True	False	False	False	False	False	C
Q00322	P23950	Cebpd	Zfp36l1	True	False	False	False	False	False	C
Q00322	P23949	Cebpd	Zfp36l2	True	False	False	False	False	False	C
P53568	Q9D8B1	Cebpg	Aig1	True	False	False	False	False	False	C
P53568	Q8BYW1	Cebpg	Arhgap25	True	False	False	False	False	False	C
P53568	O55143	Cebpg	Atp2a2	True	False	False	False	False	False	C
P53568	A0A494BBD0	Cebpg	A0A494BBD0	True	False	False	False	False	False	C
P53568	Q3V2R3	Cebpg	Q3V2R3	True	False	False	False	False	False	C
P53568	F8WIA1	Cebpg	F8WIA1	True	False	False	False	False	False	C
P53568	Q9WVJ3	Cebpg	Cpq	True	False	False	False	False	False	C
P53568	A0A0N4SV71	Cebpg	A0A0N4SV71	True	False	False	False	False	False	C
P53568	Q921W4	Cebpg	Cryzl1	True	False	False	False	False	False	C
P53568	P28649	Cebpg	Cyp19a1	True	False	False	False	False	False	C
P53568	Q925U4	Cebpg	Edem1	True	False	False	False	False	False	C
P53568	P97481	Cebpg	Epas1	True	False	False	False	False	False	C
P53568	H3BK65	Cebpg	H3BK65	True	False	False	False	False	False	C
P53568	A2AJL3	Cebpg	Fggy	True	False	False	False	False	False	C
P53568	F8VQ05	Cebpg	F8VQ05	True	False	False	False	False	False	C
P53568	P39688	Cebpg	Fyn	True	False	False	False	False	False	C
P53568	Q8K5C0	Cebpg	Grhl2	True	False	False	False	False	False	C
P53568	A0A1B0GSQ5	Cebpg	A0A1B0GSQ5	True	False	False	False	False	False	C
P53568	P17710	Cebpg	Hk1	True	False	False	False	False	False	C
P53568	P27656	Cebpg	Lipc	True	False	False	False	False	False	C
P53568	A0A1Y7VP67	Cebpg	A0A1Y7VP67	True	False	False	False	False	False	C
P53568	Q3V3R1	Cebpg	Mthfd1l	True	False	False	False	False	False	C
P53568	O08750	Cebpg	Nfil3	True	False	False	False	False	False	C
P53568	A0A087WNQ9	Cebpg	A0A087WNQ9	True	False	False	False	False	False	C
P53568	P26450	Cebpg	Pik3r1	True	False	False	False	False	False	C
P53568	O70274	Cebpg	Ptp4a2	True	False	False	False	False	False	C
P53568	F8VPK5	Cebpg	F8VPK5	True	False	False	False	False	False	C
P53568	Q8K2P7	Cebpg	Slc38a1	True	False	False	False	False	False	C
P53568	P40645	Cebpg	Sox6	True	False	False	False	False	False	C
P53568	Q6NXY1	Cebpg	Tbc1d31	True	False	False	False	False	False	C
P53568	A0A0J9YTU7	Cebpg	A0A0J9YTU7	True	False	False	False	False	False	C
P53568	Q8K4K4	Cebpg	Trib1	True	False	False	False	False	False	C
P53568	Q8K4K2	Cebpg	Trib3	True	False	False	False	False	False	C
P53568	Q9R0C8	Cebpg	Vav3	True	False	False	False	False	False	C
P53568	E9QM22	Cebpg	E9QM22	True	False	False	False	False	False	C
O08785	A0A286YCV0	Clock	A0A286YCV0	True	False	False	False	False	False	C
O08785	Q9WTP5	Clock	Cdh22	True	False	False	False	False	False	C
O08785	Q99PF4	Clock	Cdh23	True	False	False	False	False	False	C
O08785	E9Q743	Clock	Cfap251	True	False	False	False	False	False	C
O08785	Q91VN4	Clock	Chchd6	True	False	False	False	False	False	C
O08785	Q9D486	Clock	Cmip	True	False	False	False	False	False	C
O08785	Q04857	Clock	Col6a1	True	False	False	False	False	False	C
O08785	Q8BH44	Clock	Coro2b	True	False	False	False	False	False	C
O08785	A0A0N4SV71	Clock	A0A0N4SV71	True	False	False	False	False	False	C
O08785	Q9D415	Clock	Dlgap1	True	False	False	False	False	False	C
O08785	B9EJR8	Clock	Dnaaf5	True	False	False	False	False	False	C
O08785	Q3UVG3	Clock	Fam91a1	True	False	False	False	False	False	C
O08785	F6QB26	Clock	F6QB26	True	False	False	False	False	False	C
O08785	Q9D1H7	Clock	Get4	True	False	False	False	False	False	C
O08785	Q61602	Clock	Gli3	True	False	False	False	False	False	C
O08785	Q7TNC9	Clock	Inpp5a	True	False	False	False	False	False	C
O08785	E9PUA3	Clock	E9PUA3	True	False	False	False	False	False	C
O08785	D3YYP8	Clock	D3YYP8	True	False	False	False	False	False	C
O08785	Q5DTX6	Clock	Jcad	True	False	False	False	False	False	C
O08785	Q6ZQ58	Clock	Larp1	True	False	False	False	False	False	C
O08785	Q6RHR9	Clock	Magi1	True	False	False	False	False	False	C
O08785	Q60674	Clock	Nr1d2	True	False	False	False	False	False	A
O08785	P49586	Clock	Pcyt1a	True	False	False	False	False	False	C
O08785	A0A0A0MQK4	Clock	A0A0A0MQK4	True	False	False	False	False	False	C
O08785	B2RXW8	Clock	B2RXW8	True	False	False	False	False	False	C
O08785	Q69ZK0	Clock	Prex1	True	False	False	False	False	False	C
O08785	Q91WG5	Clock	Prkag2	True	False	False	False	False	False	C
O08785	P34152	Clock	Ptk2	True	False	False	False	False	False	C
O08785	Q9JJ43	Clock	Rbfox1	True	False	False	False	False	False	C
O08785	Q8CGE9	Clock	Rgs12	True	False	False	False	False	False	C
O08785	A0A087WNZ9	Clock	A0A087WNZ9	True	False	False	False	False	False	C
O08785	A8Y5H7	Clock	Sec14l1	True	False	False	False	False	False	C
O08785	Q8C0T5	Clock	Sipa1l1	True	False	False	False	False	False	C
O08785	A0A3B2WCK7	Clock	A0A3B2WCK7	True	False	False	False	False	False	C
O08785	E9PX29	Clock	E9PX29	True	False	False	False	False	False	C
O08785	G3UWG2	Clock	G3UWG2	True	False	False	False	False	False	C
O08785	Q5SSZ5	Clock	Tns3	True	False	False	False	False	False	C
O08785	Q3U0M1	Clock	Trappc9	True	False	False	False	False	False	C
O08785	Q8BQQ1	Clock	Zdhhc14	True	False	False	False	False	False	C
Q01147	P58158	Creb1	B3gat3	True	False	False	False	False	False	C
Q01147	A0A494BBD0	Creb1	A0A494BBD0	True	False	False	False	False	False	C
Q01147	Q60755	Creb1	Calcr	True	False	False	False	False	False	C
Q01147	P04441	Creb1	Cd74	True	False	False	False	False	False	B
Q01147	Q8BYH8	Creb1	Chd9	True	False	False	False	False	False	C
Q01147	Q8K4W8	Creb1	Q8K4W8	True	False	False	False	False	False	C
Q01147	Q9D486	Creb1	Cmip	True	False	False	False	False	False	C
Q01147	Q8BH52	Creb1	Creb3l2	True	False	False	False	False	False	C
Q01147	P26231	Creb1	Ctnna1	True	False	False	False	False	False	C
Q01147	Q3UN58	Creb1	Faap20	True	False	False	False	False	False	C
Q01147	B1AY49	Creb1	B1AY49	True	False	False	False	False	False	C
Q01147	P25911	Creb1	Lyn	True	False	False	False	False	False	B
Q01147	Q920Q6	Creb1	Msi2	True	False	False	False	False	False	C
Q01147	Q5SV64	Creb1	Q5SV64	True	False	False	False	False	False	C
Q01147	Q61026	Creb1	Ncoa2	True	False	False	False	False	False	C
Q01147	Q9ES74	Creb1	Nek7	True	False	False	False	False	False	C
Q01147	Q8BH04	Creb1	Pck2	True	False	False	False	False	False	A
Q01147	P70453	Creb1	Pde7a	True	False	False	False	False	False	C
Q01147	B0V2N1	Creb1	Ptprs	True	False	False	False	False	False	C
Q01147	Q3UH06	Creb1	Rreb1	True	False	False	False	False	False	C
Q01147	A0A087WR05	Creb1	A0A087WR05	True	False	False	False	False	False	B
Q01147	A2ASZ8	Creb1	Slc25a25	True	False	False	False	False	False	C
Q01147	Q78PY7	Creb1	Snd1	True	False	False	False	False	False	C
Q01147	Q58A65	Creb1	Spag9	True	False	False	False	False	False	C
Q01147	A8C756	Creb1	Thada	True	False	False	False	False	False	C
Q01147	Q6PD31	Creb1	Trak1	True	False	False	False	False	False	C
Q01147	P0CG50	Creb1	Ubc	True	False	False	False	False	False	C
Q01147	P62257	Creb1	Ube2h	True	False	False	False	False	False	C
Q01147	P12242	Creb1	Ucp1	True	False	False	False	False	False	A
Q01147	A0A1W2P8G5	Creb1	A0A1W2P8G5	True	False	False	False	False	False	C
Q01147	P70460	Creb1	Vasp	True	False	False	False	False	False	C
Q01147	D3Z1Y7	Creb1	D3Z1Y7	True	False	False	False	False	False	C
Q01147	E9Q8K8	Creb1	E9Q8K8	True	False	False	False	False	False	C
E0CYW8	Q8BH79	E0CYW8	Ano10	True	False	False	False	False	False	C
E0CYW8	O35185	E0CYW8	Bhlhe40	True	False	False	False	False	False	C
E0CYW8	P40124	E0CYW8	Cap1	True	False	False	False	False	False	C
E0CYW8	Q91VN4	E0CYW8	Chchd6	True	False	False	False	False	False	C
E0CYW8	Q8C4C9	E0CYW8	Q8C4C9	True	False	False	False	False	False	C
E0CYW8	Q91WZ8	E0CYW8	Dtnbp1	True	False	False	False	False	False	C
E0CYW8	Q3UN58	E0CYW8	Faap20	True	False	False	False	False	False	C
E0CYW8	Q6PB93	E0CYW8	Galnt2	True	False	False	False	False	False	C
E0CYW8	Q9D1L9	E0CYW8	Lamtor5	True	False	False	False	False	False	C
E0CYW8	Q9DCX1	E0CYW8	Mad2l1bp	True	False	False	False	False	False	C
E0CYW8	Q9WU20	E0CYW8	Mthfr	True	False	False	False	False	False	C
E0CYW8	Q9DC07	E0CYW8	Nebl	True	False	False	False	False	False	C
E0CYW8	Q0II04	E0CYW8	Nebl	True	False	False	False	False	False	C
E0CYW8	P60335	E0CYW8	Pcbp1	True	False	False	False	False	False	C
E0CYW8	P17918	E0CYW8	Pcna	True	False	False	False	False	False	C
E0CYW8	Q8CCF0	E0CYW8	Prpf31	True	False	False	False	False	False	B
E0CYW8	Q8R143	E0CYW8	Pttg1ip	True	False	False	False	False	False	C
E0CYW8	A0A087WR05	E0CYW8	A0A087WR05	True	False	False	False	False	False	C
E0CYW8	P13609	E0CYW8	Srgn	True	False	False	False	False	False	C
E0CYW8	Q11204	E0CYW8	St3gal2	True	False	False	False	False	False	C
E0CYW8	Q8BZ60	E0CYW8	Ston2	True	False	False	False	False	False	C
E0CYW8	P11031	E0CYW8	Sub1	True	False	False	False	False	False	C
E0CYW8	Q9CZJ1	E0CYW8	Utp11	True	False	False	False	False	False	C
A0A0R4J082	A2BH40	A0A0R4J082	Arid1a	True	False	False	False	False	False	C
A0A0R4J082	Q8BSY0	A0A0R4J082	Asph	True	False	False	False	False	False	C
A0A0R4J082	Q61140	A0A0R4J082	Bcar1	True	False	False	False	False	False	C
A0A0R4J082	A3KGW5	A0A0R4J082	Cercam	True	False	False	False	False	False	C
A0A0R4J082	A0A0R4J0H8	A0A0R4J082	A0A0R4J0H8	True	False	False	False	False	False	C
A0A0R4J082	P63158	A0A0R4J082	Hmgb1	True	False	False	False	False	False	C
A0A0R4J082	O08581	A0A0R4J082	Kcnk1	True	False	False	False	False	False	C
A0A0R4J082	Q9DCX1	A0A0R4J082	Mad2l1bp	True	False	False	False	False	False	C
A0A0R4J082	Q80WJ7	A0A0R4J082	Mtdh	True	False	False	False	False	False	C
A0A0R4J082	Q5HZK2	A0A0R4J082	Nrsn2	True	False	False	False	False	False	C
A0A0R4J082	Q9ES46	A0A0R4J082	Parvb	True	False	False	False	False	False	C
A0A0R4J082	Q9QXS1	A0A0R4J082	Plec	True	False	False	False	False	False	C
A0A0R4J082	A0A087WR05	A0A0R4J082	A0A087WR05	True	False	False	False	False	False	C
A0A0R4J082	P19324	A0A0R4J082	Serpinh1	True	False	False	False	False	False	C
A0A0R4J082	P51557	A0A0R4J082	Star	True	False	False	False	False	False	C
A0A0R4J082	Q9JMD3	A0A0R4J082	Stard10	True	False	False	False	False	False	C
A0A0R4J082	Q91W90	A0A0R4J082	Txndc5	True	False	False	False	False	False	C
A0A0R4J082	P0CG50	A0A0R4J082	Ubc	True	False	False	False	False	False	C
Q8BH52	Q8BGD5	Creb3l2	Cpt1c	True	False	False	False	False	False	C
A0A0N4SV71	Q00286	A0A0N4SV71	Pou1f1	True	True	False	True	True	False	C
P27699	A2BH40	Crem	Arid1a	True	False	False	False	False	False	C
P27699	Q8BM75	Crem	Arid5b	True	False	False	False	False	False	C
P27699	Q60765	Crem	Atf3	True	False	False	False	False	False	C
P27699	Q9D486	Crem	Cmip	True	False	False	False	False	False	C
P27699	Q8BH52	Crem	Creb3l2	True	False	False	False	False	False	C
P27699	A0A0N4SV71	Crem	A0A0N4SV71	True	False	False	False	False	False	C
P27699	Q9EQY0	Crem	Ern1	True	False	False	False	False	False	C
P27699	H3BJ24	Crem	H3BJ24	True	False	False	False	False	False	C
P27699	Q61553	Crem	Fscn1	True	False	False	False	False	False	C
P27699	P48316	Crem	Gadd45a	True	False	False	False	False	False	C
P27699	O09100	Crem	Gata2	True	False	False	False	False	False	C
P27699	Q8C0L9	Crem	Gpcpd1	True	False	False	False	False	False	B
P27699	Q6NZM9	Crem	Hdac4	True	False	False	False	False	False	C
P27699	Q3UHF7	Crem	Hivep2	True	False	False	False	False	False	C
P27699	Q8VCD7	Crem	Kdm4c	True	False	False	False	False	False	C
P27699	A0A0R4J005	Crem	A0A0R4J005	True	False	False	False	False	False	C
P27699	Q9JLJ0	Crem	Litaf	True	False	False	False	False	False	C
P27699	Q3TFD2	Crem	Lpcat1	True	False	False	False	False	False	C
P27699	Q920Q6	Crem	Msi2	True	False	False	False	False	False	C
P27699	V9GXT3	Crem	V9GXT3	True	False	False	False	False	False	C
P27699	Q06219	Crem	Nr4a2	True	False	False	False	False	False	C
P27699	O89084	Crem	Pde4a	True	False	False	False	False	False	B
P27699	Q8VBU5	Crem	Q8VBU5	True	False	False	False	False	False	C
P27699	Q8K394	Crem	Plcl2	True	False	False	False	False	False	C
P27699	P16054	Crem	Prkce	True	False	False	False	False	False	C
P27699	Q02956	Crem	Prkcz	True	False	False	False	False	False	C
P27699	P26350	Crem	Ptma	True	False	False	False	False	False	C
P27699	O70274	Crem	Ptp4a2	True	False	False	False	False	False	C
P27699	B0V2N1	Crem	Ptprs	True	False	False	False	False	False	C
P27699	B1AUH1	Crem	Ptpru	True	False	False	False	False	False	C
P27699	P11416	Crem	Rara	True	False	False	False	False	False	C
P27699	Q3UH06	Crem	Rreb1	True	False	False	False	False	False	C
P27699	O09039	Crem	Sh2b3	True	False	False	False	False	False	C
P27699	Q9Z131	Crem	Sh3bp5	True	False	False	False	False	False	C
P27699	A2ASZ8	Crem	Slc25a25	True	False	False	False	False	False	C
P27699	Q78PY7	Crem	Snd1	True	False	False	False	False	False	C
P27699	Q99M96	Crem	St7	True	False	False	False	False	False	C
P27699	P11031	Crem	Sub1	True	False	False	False	False	False	C
A0A5K1VVQ7	P27699	A0A5K1VVQ7	Crem	True	False	False	False	False	False	C
P27699	P70284	Crem	Tgif1	True	False	False	False	False	False	C
P27699	A8C756	Crem	Thada	True	False	False	False	False	False	C
P27699	Q80X56	Crem	Trim69	True	False	False	False	False	False	C
P27699	P62257	Crem	Ube2h	True	False	False	False	False	False	C
P27699	E9PWA9	Crem	E9PWA9	True	False	False	False	False	False	C
P27699	Q8BQQ1	Crem	Zdhhc14	True	False	False	False	False	False	C
Q61164	P58742	Ctcf	Aaas	True	False	False	False	False	False	C
Q61164	Q5SSE9	Ctcf	Abca13	True	False	False	False	False	False	B
Q61164	Q8R420	Ctcf	Abca3	True	False	False	False	False	False	C
Q61164	O35600	Ctcf	Abca4	True	False	False	False	False	False	B
Q61164	Q80WJ6	Ctcf	Abcc12	True	False	False	False	False	False	C
Q61164	A0A087WP24	Ctcf	A0A087WP24	True	False	False	False	False	False	C
Q61164	Q69ZX8	Ctcf	Ablim3	True	False	False	False	False	False	C
Q61164	A0A571BG95	Ctcf	A0A571BG95	True	False	False	False	False	False	B
Q61164	Q6NXL5	Ctcf	Q6NXL5	True	False	False	False	False	False	B
Q61164	P21836	Ctcf	Ache	True	False	False	False	False	False	C
Q61164	P56485	Ctcf	Ackr3	True	False	False	False	False	False	A
Q61164	Q91V12	Ctcf	Acot7	True	False	False	False	False	False	B
Q61164	P60710	Ctcf	Actb	True	False	False	False	False	False	C
Q61164	Q99JY9	Ctcf	Actr3	True	False	True	True	False	True	A
Q61164	P97857	Ctcf	Adamts1	True	False	False	False	False	False	B
Q61164	Q769J6	Ctcf	Adamts13	True	False	False	False	False	False	C
Q61164	Q68SA9	Ctcf	Adamts7	True	False	False	False	False	False	C
Q61164	Q91ZS8	Ctcf	Adarb1	True	False	False	False	False	False	B
Q61164	E9PUK2	Ctcf	E9PUK2	True	False	False	False	False	False	C
Q61164	P84309	Ctcf	Adcy5	True	False	False	False	False	False	B
Q61164	Q3UHD1	Ctcf	Adgrb1	True	False	False	False	False	False	B
Q61164	B8JJE0	Ctcf	B8JJE0	True	False	False	False	False	False	B
Q61164	Q01338	Ctcf	Adra2a	True	False	False	False	False	False	C
Q61164	P28650	Ctcf	Adss1	True	False	False	False	False	False	C
Q61164	Q80YS6	Ctcf	Afap1	True	False	False	False	False	False	B
Q61164	Q8BXK8	Ctcf	Agap1	True	False	False	False	False	False	B
Q61164	F8VQE9	Ctcf	F8VQE9	True	False	False	False	False	False	B
Q61164	Q8K2K6	Ctcf	Agfg1	True	False	False	False	False	False	C
Q61164	Q6PAL7	Ctcf	Ahdc1	True	False	False	False	False	False	B
Q61164	A0A0R4J020	Ctcf	A0A0R4J020	True	False	False	False	False	False	B
Q61164	A2AJA9	Ctcf	Ajm1	True	False	False	False	False	False	C
Q61164	O08715	Ctcf	Akap1	True	False	False	False	False	False	B
Q61164	P31750	Ctcf	Akt1	True	False	True	True	False	True	A
Q61164	P10518	Ctcf	Alad	True	False	False	False	False	False	B
Q61164	Q62148	Ctcf	Aldh1a2	True	False	False	False	False	False	B
Q61164	Q9JHW9	Ctcf	Aldh1a3	True	False	True	True	False	True	A
Q61164	Q8BML3	Ctcf	Q8BML3	True	False	False	False	False	False	C
Q61164	Q9D8C3	Ctcf	Alg13	True	False	False	False	False	False	C
Q61164	P97793	Ctcf	Alk	True	False	False	False	False	False	B
Q61164	Q6P6J4	Ctcf	Alkbh2	True	False	False	False	False	False	C
Q61164	P09242	Ctcf	Alpl	True	False	False	False	False	False	C
Q61164	Q8JZZ6	Ctcf	Ammecr1l	True	False	False	False	False	False	C
Q61164	O08739	Ctcf	Ampd3	True	False	False	False	False	False	B
Q61164	Q99LW0	Ctcf	Ankrd10	True	False	False	False	False	False	C
Q61164	E9Q4F7	Ctcf	Ankrd11	True	False	False	False	False	False	B
Q61164	Q9WV06	Ctcf	Ankrd2	True	False	False	False	False	False	C
Q61164	E9PUD3	Ctcf	E9PUD3	True	False	False	False	False	False	C
Q61164	Q8BH79	Ctcf	Ano10	True	False	False	False	False	False	B
Q61164	Q8CFW1	Ctcf	Ano2	True	False	False	False	False	False	B
Q61164	Q9CZ52	Ctcf	Antxr1	True	False	False	False	False	False	C
Q61164	P17427	Ctcf	Ap2a2	True	False	False	False	False	False	C
Q61164	Q80V94	Ctcf	Ap4e1	True	False	False	False	False	False	C
Q61164	A2ANC6	Ctcf	A2ANC6	True	False	False	False	False	False	C
Q61164	P98084	Ctcf	Apba2	True	False	False	False	False	False	B
Q61164	Q9DBR4	Ctcf	Apbb2	True	False	False	False	False	False	B
Q61164	Q8C4A0	Ctcf	Aqp6	True	False	False	False	False	False	C
Q61164	Q4LDD4	Ctcf	Arap1	True	False	False	False	False	False	C
Q61164	Q6Y5D8	Ctcf	Arhgap10	True	False	False	False	False	False	B
Q61164	Q8C0D4	Ctcf	Arhgap12	True	False	False	False	False	False	C
Q61164	Q811M1	Ctcf	Arhgap15	True	False	False	False	False	False	B
Q61164	Q8BL80	Ctcf	Arhgap22	True	False	False	False	False	False	B
Q61164	Q6ZQ82	Ctcf	Arhgap26	True	False	False	False	False	False	B
Q61164	G3X932	Ctcf	G3X932	True	False	False	False	False	False	C
Q61164	A2AWP8	Ctcf	Arhgef10l	True	False	False	False	False	False	B
Q61164	Q80U35	Ctcf	Arhgef17	True	False	False	False	False	False	B
Q61164	Q91X46	Ctcf	Arhgef3	True	False	False	False	False	False	B
Q61164	A0A338P6U8	Ctcf	A0A338P6U8	True	False	False	False	False	False	B
Q61164	Q8BM75	Ctcf	Arid5b	True	False	False	False	False	False	B
Q61164	Q9CQW2	Ctcf	Arl8b	True	False	False	False	False	False	B
Q61164	Q3UJZ3	Ctcf	Armc7	True	False	False	False	False	False	C
Q61164	Q9WTL8	Ctcf	Bmal1	True	False	False	False	False	False	B
Q61164	Q9Z0L2	Ctcf	Artn	True	False	False	False	False	False	C
Q61164	Q9QWY8	Ctcf	Asap1	True	False	False	False	False	False	B
Q61164	Q6P9S1	Ctcf	Atmin	True	False	False	False	False	False	C
Q61164	O35126	Ctcf	Atn1	True	False	False	False	False	False	A
Q61164	F8WHB1	Ctcf	F8WHB1	True	False	False	False	False	False	B
Q61164	Q6UQ17	Ctcf	Atp8b3	True	False	False	False	False	False	B
Q61164	A2ANX2	Ctcf	A2ANX2	True	False	False	False	False	False	B
Q61164	Q6A051	Ctcf	Atrnl1	True	False	False	False	False	False	B
Q61164	A0A7N9VSJ5	Ctcf	A0A7N9VSJ5	True	False	False	False	False	False	B
Q61164	Q8BHT6	Ctcf	B3glct	True	False	False	False	False	False	C
Q61164	Q8VBU8	Ctcf	Banp	True	False	False	False	False	False	B
Q61164	Q8R1H8	Ctcf	Batf2	True	False	False	False	False	False	A
Q61164	Q8VBW5	Ctcf	Bbx	True	False	False	False	False	False	B
Q61164	Q9QZK2	Ctcf	Bcar3	True	False	False	False	False	False	B
Q61164	Q9QYE3	Ctcf	Bcl11a	True	False	False	False	False	False	B
Q61164	Q9CPT0	Ctcf	Bcl2l14	True	False	True	True	False	True	A
Q61164	Q99NF1	Ctcf	Bco2	True	False	False	False	False	False	C
Q61164	Q6PAJ1	Ctcf	Bcr	True	False	False	False	False	False	B
Q61164	P21237	Ctcf	Bdnf	True	False	False	False	False	False	B
Q61164	Q6PAL0	Ctcf	Bend3	True	False	False	False	False	False	C
Q61164	Q8CJ69	Ctcf	Bmper	True	False	False	False	False	False	B
Q61164	A0A494BBD0	Ctcf	A0A494BBD0	True	False	False	False	False	False	B
Q61164	G3X8S2	Ctcf	G3X8S2	True	False	False	False	False	False	B
Q61164	Q6DFY8	Ctcf	Brinp2	True	False	False	False	False	False	C
Q61164	Q5RJI5	Ctcf	Brsk1	True	False	False	False	False	False	C
Q61164	Q9DB72	Ctcf	Btbd17	True	False	False	False	False	False	C
Q61164	Q810Q5	Ctcf	Nmes1	True	False	False	False	False	False	C
Q61164	Q0VAW6	Ctcf	Q0VAW6	True	False	False	False	False	False	C
Q61164	Q9DAD0	Ctcf	Cfap276	True	False	False	False	False	False	C
Q61164	Q9CWU4	Ctcf	Q9CWU4	True	False	False	False	False	False	C
Q61164	Q8R5L1	Ctcf	Q8R5L1	True	False	False	False	False	False	C
Q61164	Q24JP4	Ctcf	Q24JP4	True	False	False	False	False	False	C
Q61164	Q8BGA7	Ctcf	Ints15	True	False	False	False	False	False	C
Q61164	P97445	Ctcf	Cacna1a	True	False	False	False	False	False	B
Q61164	A0A1W2P731	Ctcf	A0A1W2P731	True	False	False	False	False	False	B
Q61164	A0A2C9F2E5	Ctcf	A0A2C9F2E5	True	False	False	False	False	False	B
Q61164	Q8R0S4	Ctcf	Cacnb4	True	False	False	False	False	False	B
Q61164	Q80TJ1	Ctcf	Cadps	True	False	False	False	False	False	B
Q61164	Q08331	Ctcf	Calb2	True	False	False	False	False	False	C
Q61164	Q5SVJ0	Ctcf	Q5SVJ0	True	False	False	False	False	False	B
Q61164	O08529	Ctcf	Capn2	True	False	False	False	False	False	B
Q61164	Q9WVG6	Ctcf	Carm1	True	False	False	False	False	False	C
Q61164	G3X975	Ctcf	G3X975	True	False	False	False	False	False	B
Q61164	Q9CWL2	Ctcf	Casz1	True	False	False	False	False	False	B
Q61164	P22682	Ctcf	Cbl	True	False	False	False	False	False	C
Q61164	O55187	Ctcf	Cbx4	True	False	False	False	False	False	C
Q61164	Q3MI99	Ctcf	Ccbe1	True	False	False	False	False	False	C
Q61164	Q3UX62	Ctcf	Odad1	True	False	False	False	False	False	C
Q61164	F6V035	Ctcf	F6V035	True	False	False	False	False	False	C
Q61164	E9PVB3	Ctcf	Ccdc175	True	False	False	False	False	False	C
Q61164	D3YUZ0	Ctcf	D3YUZ0	True	False	False	False	False	False	C
Q61164	Q6VGS5	Ctcf	Ccdc88c	True	False	False	False	False	False	B
Q61164	A3KGF9	Ctcf	Ccdc9b	True	False	False	False	False	False	C
Q61164	P01731	Ctcf	Cd8a	True	False	False	False	False	False	C
Q61164	Q61081	Ctcf	Cdc37	True	False	False	False	False	False	B
Q61164	Q8JZM7	Ctcf	Cdc73	True	False	False	False	False	False	C
Q61164	Q99PF4	Ctcf	Cdh23	True	False	False	False	False	False	B
Q61164	Q6PFX6	Ctcf	Cdh24	True	False	False	False	False	False	C
Q61164	P39038	Ctcf	Cdh4	True	False	False	False	False	False	B
Q61164	O35495	Ctcf	Cdk14	True	False	False	False	False	False	C
Q61164	Q8K389	Ctcf	Cdk5rap2	True	False	False	False	False	False	B
Q61164	Q99J95	Ctcf	Cdk9	True	False	False	False	False	False	C
Q61164	Q9WTK2	Ctcf	Cdyl	True	False	False	False	False	False	B
Q61164	Q7TSY6	Ctcf	Celf4	True	False	False	False	False	False	B
Q61164	A0A5F8MPH2	Ctcf	A0A5F8MPH2	True	False	False	False	False	False	C
Q61164	A3KGW5	Ctcf	Cercam	True	False	False	False	False	False	C
Q61164	E9Q2C0	Ctcf	E9Q2C0	True	False	False	False	False	False	B
Q61164	Q8BMJ7	Ctcf	Cgrrf1	True	False	False	False	False	False	C
Q61164	Q91VN4	Ctcf	Chchd6	True	False	False	False	False	False	B
Q61164	E9PZM4	Ctcf	Chd2	True	False	False	False	False	False	B
Q61164	E9PYL1	Ctcf	E9PYL1	True	False	False	False	False	False	B
Q61164	Q9D7Q1	Ctcf	Chit1	True	False	False	False	False	False	C
Q61164	P20782	Ctcf	Chrne	True	False	False	False	False	False	C
Q61164	B2RWE3	Ctcf	B2RWE3	True	False	False	False	False	False	C
Q61164	Q80U30	Ctcf	Clec16a	True	False	False	False	False	False	B
Q61164	Q9Z0H8	Ctcf	Clip2	True	False	False	False	False	False	B
Q61164	Q8R4N0	Ctcf	Clybl	True	False	False	False	False	False	B
Q61164	Q99LJ5	Ctcf	Cmtm3	True	False	False	False	False	False	C
Q61164	Q9QXT0	Ctcf	Cnpy2	True	False	False	False	False	False	C
Q61164	A0A0G2JE70	Ctcf	A0A0G2JE70	True	False	False	False	False	False	B
Q61164	Q5NBX1	Ctcf	Cobl	True	False	False	False	False	False	B
Q61164	E9Q284	Ctcf	E9Q284	True	False	False	False	False	False	B
Q61164	Q8BLX7	Ctcf	Col16a1	True	False	False	False	False	False	B
Q61164	E9Q7P1	Ctcf	E9Q7P1	True	False	False	False	False	False	B
Q61164	O88207	Ctcf	Col5a1	True	False	False	False	False	False	B
Q61164	P25318	Ctcf	Col8a2	True	False	False	False	False	False	C
Q61164	Q8BXC6	Ctcf	Commd2	True	False	True	True	False	True	A
Q61164	Q8BH44	Ctcf	Coro2b	True	False	False	False	False	False	B
Q61164	A6H666	Ctcf	Cox8c	True	False	False	False	False	False	C
Q61164	O89001	Ctcf	Cpd	True	False	False	False	False	False	C
Q61164	Q8BLR2	Ctcf	Cpne4	True	False	False	False	False	False	B
Q61164	P22935	Ctcf	Crabp2	True	False	False	False	False	False	C
Q61164	Q8C7D2	Ctcf	Crbn	True	False	False	False	False	False	C
Q61164	A0A0R4J082	Ctcf	A0A0R4J082	True	False	False	False	False	False	B
Q61164	A0A0N4SV71	Ctcf	A0A0N4SV71	True	False	False	False	False	False	B
Q61164	P27699	Ctcf	Crem	True	False	False	False	False	False	C
Q61164	P35347	Ctcf	Crhr1	True	False	False	False	False	False	C
Q61164	Q8BJQ9	Ctcf	Csgalnact1	True	False	False	False	False	False	B
Q61164	P06880	Ctcf	Gh1	True	False	False	False	False	False	C
Q61164	P41241	Ctcf	Csk	True	False	False	False	False	False	B
Q61164	V9GX34	Ctcf	V9GX34	True	False	False	False	False	False	B
Q61164	Q80T79	Ctcf	Csmd3	True	False	False	False	False	False	C
Q61164	Q8BVP5	Ctcf	Csnk1g2	True	False	False	False	False	False	C
Q61164	Q3UJ22	Ctcf	Q3UJ22	True	True	False	True	True	False	A
Q61164	E9Q1U6	Ctcf	E9Q1U6	True	False	False	False	False	False	B
Q61164	P26231	Ctcf	Ctnna1	True	False	False	False	False	False	B
Q61164	A0A2I3BQV6	Ctcf	A0A2I3BQV6	True	False	False	False	False	False	B
Q61164	Q8R3V6	Ctcf	Cuedc1	True	False	False	False	False	False	B
Q61164	E9Q6Z0	Ctcf	E9Q6Z0	True	False	False	False	False	False	C
Q61164	Q5SQX6	Ctcf	Cyfip2	True	False	False	False	False	False	B
Q61164	Q8BHZ5	Ctcf	Cyren	True	False	False	False	False	False	C
Q61164	A2AUX5	Ctcf	A2AUX5	True	False	False	False	False	False	B
Q61164	P18894	Ctcf	Dao	True	False	False	False	False	False	C
Q61164	Q8VDF3	Ctcf	Dapk2	True	False	False	False	False	False	C
Q61164	A0A0A6YW72	Ctcf	A0A0A6YW72	True	False	False	False	False	False	B
Q61164	Q9QY93	Ctcf	Dctpp1	True	False	False	False	False	False	B
Q61164	Q9JJY4	Ctcf	Ddx20	True	False	False	False	False	False	C
Q61164	Q8K3U4	Ctcf	Defb36	True	False	False	False	False	False	A
Q61164	Q8CFK6	Ctcf	Dennd1c	True	False	False	False	False	False	C
Q61164	Q9WUQ7	Ctcf	Dexi	True	False	False	False	False	False	C
Q61164	Q9Z2A7	Ctcf	Dgat1	True	False	False	False	False	False	C
Q61164	E9PUQ8	Ctcf	Dgkd	True	False	False	False	False	False	B
Q61164	Q91WG7	Ctcf	Dgkg	True	False	False	False	False	False	B
Q61164	Q80UP3	Ctcf	Dgkz	True	False	False	False	False	False	C
Q61164	A0A0R4J217	Ctcf	A0A0R4J217	True	False	False	False	False	False	C
Q61164	E9PV41	Ctcf	E9PV41	True	False	False	False	False	False	B
Q61164	Q8CI75	Ctcf	Dis3l2	True	False	False	False	False	False	B
Q61164	A0A571BEZ4	Ctcf	A0A571BEZ4	True	False	False	False	False	False	B
Q61164	Q9D415	Ctcf	Dlgap1	True	False	False	False	False	False	B
Q61164	B1AZP2	Ctcf	Dlgap4	True	False	False	False	False	False	B
Q61164	D3Z667	Ctcf	D3Z667	True	False	False	False	False	False	C
Q61164	Q8C4C9	Ctcf	Q8C4C9	True	False	False	False	False	False	B
Q61164	Q80VJ3	Ctcf	Dnph1	True	False	False	False	False	False	C
Q61164	P59764	Ctcf	Dock4	True	False	False	False	False	False	B
Q61164	Q8C255	Ctcf	Dpep2	True	False	False	False	False	False	C
Q61164	Q99KK7	Ctcf	Dpp3	True	False	False	False	False	False	C
Q61164	Q9Z218	Ctcf	Dpp6	True	False	False	False	False	False	B
Q61164	Q62188	Ctcf	Dpysl3	True	False	False	False	False	False	C
Q61164	Q61616	Ctcf	Drd1	True	False	False	False	False	False	C
Q61164	Q9DD18	Ctcf	Dtd1	True	False	False	False	False	False	C
Q61164	A0A1Y7VK79	Ctcf	A0A1Y7VK79	True	False	False	False	False	False	B
Q61164	Q9D0U1	Ctcf	Dtwd2	True	False	False	False	False	False	C
Q61164	Q91Z46	Ctcf	Dusp7	True	False	False	False	False	False	B
Q61164	P51141	Ctcf	Dvl1	True	False	False	False	False	False	C
Q61164	O88485	Ctcf	Dync1i1	True	False	False	False	False	False	B
Q61164	A0A0N4SV63	Ctcf	A0A0N4SV63	True	False	False	False	False	False	B
Q61164	Q9CXJ1	Ctcf	Ears2	True	False	False	False	False	False	C
Q61164	Q8K4J2	Ctcf	Ebf4	True	False	False	False	False	False	B
Q61164	Q4PZA2	Ctcf	Ece1	True	False	False	False	False	False	B
Q61164	Q07139	Ctcf	Ect2	True	False	False	False	False	False	C
Q61164	Q8BL66	Ctcf	Eea1	True	False	False	False	False	False	C
Q61164	O08796	Ctcf	Eef2k	True	False	False	False	False	False	C
Q61164	B2CKC6	Ctcf	B2CKC6	True	False	False	False	False	False	B
Q61164	A0A0R4J0H9	Ctcf	A0A0R4J0H9	True	False	False	False	False	False	B
Q61164	Q8BH64	Ctcf	Ehd2	True	False	False	False	False	False	C
Q61164	Q5DW34	Ctcf	Ehmt1	True	False	False	False	False	False	B
Q61164	Q8R1B4	Ctcf	Eif3c	True	False	False	False	False	False	C
Q61164	Q9DBB5	Ctcf	Eif4e3	True	False	False	False	False	False	C
Q61164	Q3UPW2	Ctcf	Elf3	True	False	False	False	False	False	C
Q61164	O08856	Ctcf	Ell	True	False	False	False	False	False	B
Q61164	Q8BPU7	Ctcf	Elmo1	True	False	False	False	False	False	B
Q61164	P54320	Ctcf	Eln	True	False	False	False	False	False	C
Q61164	Q9JLJ4	Ctcf	Elovl2	True	False	False	False	False	False	C
Q61164	Q05BC3	Ctcf	Eml1	True	False	False	False	False	False	B
Q61164	A8Y5D4	Ctcf	A8Y5D4	True	False	False	False	False	False	C
Q61164	P49290	Ctcf	Epx	True	True	False	True	True	False	A
Q61164	Q6PH08	Ctcf	Erc2	True	False	False	False	False	False	B
Q61164	P07903	Ctcf	Ercc1	True	False	False	False	False	False	B
Q61164	Q9DC16	Ctcf	Ergic1	True	False	False	False	False	False	B
Q61164	Q5EBJ4	Ctcf	Ermn	True	False	False	False	False	False	C
Q61164	O08537	Ctcf	Esr2	True	False	False	False	False	False	C
Q61164	Q8K0G8	Ctcf	Esrp2	True	False	True	True	False	True	A
Q61164	O35382	Ctcf	Exoc4	True	False	False	False	False	False	B
Q61164	Q3U9D6	Ctcf	Q3U9D6	True	False	False	False	False	False	B
Q61164	P70428	Ctcf	Ext2	True	False	False	False	False	False	B
Q61164	Q6P1H4	Ctcf	Q6P1H4	True	False	False	False	False	False	B
Q61164	Q3TDN2	Ctcf	Faf2	True	False	False	False	False	False	C
Q61164	Q8BGI4	Ctcf	Fam13a	True	False	False	False	False	False	C
Q61164	Q8CDM8	Ctcf	Fhip2a	True	False	False	False	False	False	C
Q61164	Q6P1G6	Ctcf	Fam167a	True	False	False	False	False	False	C
Q61164	A2ATK9	Ctcf	A2ATK9	True	False	False	False	False	False	B
Q61164	E9QMA2	Ctcf	E9QMA2	True	False	False	False	False	False	B
Q61164	E9PXB2	Ctcf	E9PXB2	True	False	False	False	False	False	C
Q61164	Q3ZN08	Ctcf	Fam220a	True	False	False	False	False	False	B
Q61164	Q91VU0	Ctcf	Fam3c	True	False	False	False	False	False	C
Q61164	Q9D7I8	Ctcf	Fam83d	True	False	False	False	False	False	C
Q61164	E9PYD1	Ctcf	E9PYD1	True	False	False	False	False	False	C
Q61164	E0CXC4	Ctcf	E0CXC4	True	False	False	False	False	False	B
Q61164	E9Q9T0	Ctcf	E9Q9T0	True	False	False	False	False	False	B
Q61164	Q80XI1	Ctcf	Fbxo34	True	False	False	False	False	False	C
Q61164	Q5SRY7	Ctcf	Fbxw11	True	False	False	False	False	False	B
Q61164	Q9Z2G1	Ctcf	Fem1aa	True	False	False	False	False	False	C
Q61164	Q8C0T1	Ctcf	Fem1al	True	False	False	False	False	False	C
Q61164	E9QKY4	Ctcf	E9QKY4	True	False	False	False	False	False	B
Q61164	Q80ZL6	Ctcf	Q80ZL6	True	False	False	False	False	False	C
Q61164	A6PWD2	Ctcf	Fhad1	True	False	False	False	False	False	B
Q61164	Q76LL6	Ctcf	Fhod3	True	False	False	False	False	False	B
Q61164	P49772	Ctcf	Flt3lg	True	False	False	False	False	False	C
Q61164	A0A0R4J0H8	Ctcf	A0A0R4J0H8	True	False	False	False	False	False	B
Q61164	Q8K4Z2	Ctcf	Fndc5	True	False	False	False	False	False	C
Q61164	P42128	Ctcf	Foxk1	True	False	False	False	False	False	B
Q61164	H3BJ24	Ctcf	H3BJ24	True	False	False	False	False	False	B
Q61164	Q8BIE6	Ctcf	Frmd4a	True	False	False	False	False	False	B
Q61164	Q920B0	Ctcf	Frmd4b	True	False	False	False	False	False	B
Q61164	Q8C0V9	Ctcf	Frmd6	True	False	False	False	False	False	C
Q61164	Q8BGW1	Ctcf	Fto	True	False	False	False	False	False	B
Q61164	Q99LJ1	Ctcf	Fuca1	True	False	False	False	False	False	C
Q61164	P59648	Ctcf	Fxyd7	True	False	False	False	False	False	C
Q61164	P39688	Ctcf	Fyn	True	False	False	False	False	False	B
Q61164	Q80T41	Ctcf	Gabbr2	True	False	False	False	False	False	B
Q61164	P48318	Ctcf	Gad1	True	False	False	False	False	False	C
Q61164	Q9R0S0	Ctcf	Q9R0S0	True	False	False	False	False	False	B
Q61164	Q6P9S7	Ctcf	Galnt10	True	False	False	False	False	False	B
Q61164	Q08EC9	Ctcf	Q08EC9	True	False	False	False	False	False	B
Q61164	Q9JJ61	Ctcf	Galnt16	True	False	False	False	False	False	B
Q61164	Q60779	Ctcf	Gas8	True	False	False	False	False	False	C
Q61164	O09172	Ctcf	Gclm	True	False	False	False	False	False	C
Q61164	Q923B0	Ctcf	Ggact	True	False	False	False	False	False	C
Q61164	P47806	Ctcf	Gli1	True	False	False	False	False	False	C
Q61164	Q61602	Ctcf	Gli3	True	False	False	False	False	False	B
Q61164	E0CX93	Ctcf	E0CX93	True	False	False	False	False	False	B
Q61164	Q7TNC8	Ctcf	Glra2	True	False	False	False	False	False	C
Q61164	Q8K0C9	Ctcf	Gmds	True	False	False	False	False	False	B
Q61164	Q6PGG2	Ctcf	Gmip	True	False	False	False	False	False	C
Q61164	Q9DCZ1	Ctcf	Gmpr	True	False	False	False	False	False	B
Q61164	P08752	Ctcf	Gnai2	True	False	False	False	False	False	C
Q61164	Q9Z0F1	Ctcf	Gnas	True	False	False	False	False	False	C
Q61164	Q6R0H6	Ctcf	Gnas	True	False	False	False	False	False	C
Q61164	P63094	Ctcf	Gnas	True	False	False	False	False	False	C
Q61164	Q6R0H7	Ctcf	Gnas	True	False	False	False	False	False	C
Q61164	O70443	Ctcf	Gnaz	True	False	False	False	False	False	C
Q61164	Q69ZN6	Ctcf	Gnptab	True	False	False	False	False	False	C
Q61164	A0A0R4J0P3	Ctcf	A0A0R4J0P3	True	False	True	True	False	True	A
Q61164	Q8CI52	Ctcf	Gramd1c	True	False	False	False	False	False	C
Q61164	Q61627	Ctcf	Grid1	True	False	False	False	False	False	B
Q61164	B1AS29	Ctcf	Grik3	True	False	False	False	False	False	B
Q61164	Q8BMF5	Ctcf	Grik4	True	False	False	False	False	False	B
Q61164	Q925T6	Ctcf	Grip1	True	False	False	False	False	False	B
Q61164	Q99MK8	Ctcf	Grk2	True	False	False	False	False	False	C
Q61164	Q8VEB1	Ctcf	Grk5	True	False	False	False	False	False	B
Q61164	G3XA00	Ctcf	G3XA00	True	False	False	False	False	False	B
Q61164	Q3U3C9	Ctcf	Gse1	True	False	False	False	False	False	B
Q61164	P13020	Ctcf	Gsn	True	False	False	False	False	False	B
Q61164	Q61133	Ctcf	Gstt2	True	False	False	False	False	False	C
Q61164	Q8BKT8	Ctcf	Haus7	True	False	True	True	False	True	A
Q61164	Q8BYM1	Ctcf	Q8BYM1	True	False	False	False	False	False	C
Q61164	Q3U0A6	Ctcf	Q3U0A6	True	False	False	False	False	False	C
Q61164	O88704	Ctcf	Hcn1	True	False	False	False	False	False	C
Q61164	Q6NZM9	Ctcf	Hdac4	True	False	False	False	False	False	B
Q61164	Q8C2B3	Ctcf	Hdac7	True	False	False	False	False	False	B
Q61164	A0A1B0GSQ5	Ctcf	A0A1B0GSQ5	True	False	False	False	False	False	B
Q61164	Q6I6G8	Ctcf	Hecw2	True	False	False	False	False	False	B
Q61164	Q0VBL6	Ctcf	Hif3a	True	False	False	False	False	False	C
Q61164	Q9CPS6	Ctcf	Hint3	True	False	False	False	False	False	C
Q61164	A2A884	Ctcf	Hivep3	True	False	False	False	False	False	B
Q61164	Q31621	Ctcf	Q31621	True	False	False	False	False	False	C
Q61164	Q920N2	Ctcf	Hlcs	True	False	False	False	False	False	B
Q61164	Q7TMK6	Ctcf	Hook2	True	False	False	False	False	False	B
Q61164	Q9EQC1	Ctcf	Hsd3b7	True	False	False	False	False	False	C
Q61164	E9QNX9	Ctcf	E9QNX9	True	False	False	False	False	False	B
Q61164	Q7TNR6	Ctcf	Igsf21	True	False	False	False	False	False	B
Q61164	O54824	Ctcf	Il16	True	False	False	False	False	False	B
Q61164	Q80VY2	Ctcf	Inka2	True	False	False	False	False	False	C
Q61164	D3YUD3	Ctcf	D3YUD3	True	False	False	False	False	False	B
Q61164	Q7TNC9	Ctcf	Inpp5a	True	False	False	False	False	False	B
Q61164	Q8BPW0	Ctcf	Iqcj	True	False	False	False	False	False	B
Q61164	Q3UQ44	Ctcf	Iqgap2	True	False	False	False	False	False	B
Q61164	E9PUA3	Ctcf	E9PUA3	True	False	False	False	False	False	B
Q61164	E9QAD8	Ctcf	E9QAD8	True	False	False	False	False	False	B
Q61164	Q8BFT1	Ctcf	Q8BFT1	True	False	False	False	False	False	C
Q61164	E9PXZ3	Ctcf	E9PXZ3	True	False	False	False	False	False	C
Q61164	B8JK39	Ctcf	Itga9	True	False	False	False	False	False	C
Q61164	Q8BYN3	Ctcf	Itpk1	True	False	False	False	False	False	C
Q61164	P11881	Ctcf	Itpr1	True	False	False	False	False	False	B
Q61164	Q9Z329	Ctcf	Itpr2	True	False	False	False	False	False	B
Q61164	Q62315	Ctcf	Jarid2	True	False	False	False	False	False	B
Q61164	Q80ZQ5	Ctcf	Jazf1	True	False	False	False	False	False	B
Q61164	Q9ET77	Ctcf	Jph3	True	False	False	False	False	False	B
Q61164	A2CG49	Ctcf	Kalrn	True	False	False	False	False	False	B
Q61164	A2A5Y4	Ctcf	A2A5Y4	True	False	False	False	False	False	B
Q61164	Q9CWJ3	Ctcf	Katnbl1	True	False	False	False	False	False	C
Q61164	P62482	Ctcf	Kcnab2	True	False	False	False	False	False	B
Q61164	P15388	Ctcf	Kcnc1	True	False	False	False	False	False	B
Q61164	A0A087WQN5	Ctcf	A0A087WQN5	True	False	False	False	False	False	B
Q61164	Q8K3F6	Ctcf	Kcnq3	True	False	False	False	False	False	B
Q61164	A0A0G2JG91	Ctcf	A0A0G2JG91	True	False	False	False	False	False	C
Q61164	Q6P1G2	Ctcf	Kdm2b	True	False	False	False	False	False	B
Q61164	E9Q1Q9	Ctcf	E9Q1Q9	True	False	False	False	False	False	C
Q61164	B1AY49	Ctcf	B1AY49	True	False	False	False	False	False	B
Q61164	Q60575	Ctcf	Kif1b	True	False	False	False	False	False	C
Q61164	Q80W68	Ctcf	Kirrel1	True	False	False	False	False	False	B
Q61164	Q9D2D9	Ctcf	Klhdc8b	True	False	False	False	False	False	C
Q61164	Q3USL1	Ctcf	Klhdc9	True	False	False	False	False	False	C
Q61164	Q80T74	Ctcf	Klhl29	True	False	False	False	False	False	B
Q61164	Q9Z1M7	Ctcf	Large1	True	False	False	False	False	False	B
Q61164	P16301	Ctcf	Lcat	True	False	False	False	False	False	C
Q61164	Q60787	Ctcf	Lcp2	True	False	False	False	False	False	C
Q61164	O55203	Ctcf	Ldb2	True	False	False	False	False	False	B
Q61164	Q9JIA1	Ctcf	Lgi1	True	False	False	False	False	False	C
Q61164	Q8K1S1	Ctcf	Lgi4	True	False	False	False	False	False	C
Q61164	Q8BGA2	Ctcf	Lhfpl2	True	False	False	False	False	False	B
Q61164	Q9D7I5	Ctcf	Lhpp	True	False	False	False	False	False	B
Q61164	Q91XD2	Ctcf	Lims2	True	False	False	False	False	False	C
Q61164	Q9D1T0	Ctcf	Lingo1	True	False	False	False	False	False	B
Q61164	Q9JIT0	Ctcf	Lmbr1	True	False	False	False	False	False	B
Q61164	P48678	Ctcf	Lmna	True	False	False	False	False	False	B
Q61164	Q924W9	Ctcf	Lmo1	True	False	False	False	False	False	B
Q61164	Q91VN0	Ctcf	Lrp5	True	False	False	False	False	False	B
Q61164	Q3UZ39	Ctcf	Lrrfip1	True	False	False	False	False	False	B
Q61164	Q3UHC2	Ctcf	Lrrk1	True	False	False	False	False	False	B
Q61164	Q8BUV6	Ctcf	Lsm11	True	False	False	False	False	False	C
Q61164	A0A3Q4EGK3	Ctcf	A0A3Q4EGK3	True	False	False	False	False	False	C
Q61164	E9QNQ3	Ctcf	E9QNQ3	True	False	False	False	False	False	B
Q61164	Q8K4G1	Ctcf	Ltbp4	True	False	False	False	False	False	B
Q61164	Q3UN90	Ctcf	Lyrm9	True	False	False	False	False	False	C
Q61164	Q91YU6	Ctcf	Lzts2	True	False	False	False	False	False	C
Q61164	Q9WTX8	Ctcf	Mad1l1	True	False	False	False	False	False	B
Q61164	Q8CF90	Ctcf	Mafa	True	False	False	False	False	False	C
Q61164	F2Z493	Ctcf	F2Z493	True	False	False	False	False	False	C
Q61164	Q6RHR9	Ctcf	Magi1	True	False	False	False	False	False	B
Q61164	Q9WVQ1	Ctcf	Magi2	True	False	False	False	False	False	B
Q61164	Q4KL35	Ctcf	Magix	True	False	False	False	False	False	C
Q61164	Q6NXK9	Ctcf	Q6NXK9	True	False	False	False	False	False	B
Q61164	A0A0A6YVZ8	Ctcf	A0A0A6YVZ8	True	False	False	False	False	False	B
Q61164	Q9R1L5	Ctcf	Mast1	True	False	False	False	False	False	C
Q61164	Q811L6	Ctcf	Mast4	True	False	False	False	False	False	B
Q61164	P33033	Ctcf	Mc3r	True	False	False	False	False	False	C
Q61164	E9PXE2	Ctcf	E9PXE2	True	False	False	False	False	False	B
Q61164	E9PW38	Ctcf	E9PW38	True	False	False	False	False	False	B
Q61164	D3Z499	Ctcf	D3Z499	True	False	False	False	False	False	B
Q61164	Q2VPQ9	Ctcf	Meaf6	True	False	False	False	False	False	B
Q61164	G3UZT5	Ctcf	G3UZT5	True	False	False	False	False	False	B
Q61164	A2AGH6	Ctcf	Med12	True	False	False	False	False	False	C
Q61164	Q924H2	Ctcf	Med15	True	False	False	False	False	False	B
Q61164	Q80T91	Ctcf	Megf11	True	False	False	False	False	False	B
Q61164	Q9R0R1	Ctcf	Meltf	True	False	False	False	False	False	C
Q61164	O35678	Ctcf	Mgll	True	False	False	False	False	False	B
Q61164	Q8CJ19	Ctcf	Mical3	True	False	False	False	False	False	B
Q61164	A0A1Y7VP67	Ctcf	A0A1Y7VP67	True	False	False	False	False	False	B
Q61164	A6H611	Ctcf	Mipep	True	False	False	False	False	False	B
Q61164	Q99KX1	Ctcf	Mlf2	True	False	False	False	False	False	C
Q61164	Q9ERL0	Ctcf	Q9ERL0	True	False	False	False	False	False	C
Q61164	O55123	Ctcf	Mmp10	True	False	True	True	False	True	A
Q61164	Q9D011	Ctcf	Mplkip	True	False	False	False	False	False	C
Q61164	D3Z0V1	Ctcf	D3Z0V1	True	False	False	False	False	False	C
Q61164	E0CZ22	Ctcf	Mroh1	True	False	False	False	False	False	B
Q61164	Q8K2M0	Ctcf	Mrpl38	True	False	False	False	False	False	C
Q61164	Q9JKF7	Ctcf	Mrpl39	True	False	False	False	False	False	C
Q61164	Q9CXW2	Ctcf	Mrps22	True	False	False	False	False	False	B
Q61164	Q920Q6	Ctcf	Msi2	True	False	False	False	False	False	B
Q61164	Q9WVG9	Ctcf	Msl3	True	False	False	False	False	False	C
Q61164	A0A096P6K7	Ctcf	A0A096P6K7	True	False	False	False	False	False	B
Q61164	Q8CHZ9	Ctcf	Mterf1a	True	False	False	False	False	False	B
Q61164	Q07243	Ctcf	Mtf1	True	False	False	False	False	False	B
Q61164	Q8VE11	Ctcf	Mtmr6	True	False	False	False	False	False	C
Q61164	G3X9H7	Ctcf	G3X9H7	True	False	False	False	False	False	C
Q61164	Q6P9S0	Ctcf	Mtss2	True	False	False	False	False	False	C
Q61164	Q3UHD3	Ctcf	Mtus2	True	False	False	False	False	False	B
Q61164	Q6KAU4	Ctcf	Mvb12b	True	False	False	False	False	False	B
Q61164	Q8VDD5	Ctcf	Myh9	True	False	False	False	False	False	B
Q61164	Q6PDN3	Ctcf	Mylk	True	False	False	False	False	False	B
Q61164	Q9JMH9	Ctcf	Myo18a	True	False	False	False	False	False	B
Q61164	Q5SYD0	Ctcf	Myo1d	True	False	False	False	False	False	B
Q61164	G5E8G6	Ctcf	G5E8G6	True	False	False	False	False	False	C
Q61164	P97479	Ctcf	Myo7a	True	False	False	False	False	False	C
Q61164	Q3UR85	Ctcf	Myrf	True	False	False	False	False	False	C
Q61164	P97500	Ctcf	Myt1l	True	False	False	False	False	False	B
Q61164	Q8VBW6	Ctcf	Nae1	True	False	False	False	False	False	C
Q61164	V9GXT3	Ctcf	V9GXT3	True	False	False	False	False	False	B
Q61164	A0A668KM70	Ctcf	A0A668KM70	True	False	False	False	False	False	B
Q61164	Q6DFV7	Ctcf	Ncoa7	True	False	False	False	False	False	B
Q61164	E9PY55	Ctcf	E9PY55	True	False	False	False	False	False	B
Q61164	Q3UHN9	Ctcf	Ndst1	True	False	False	False	False	False	B
Q61164	Q4FZG9	Ctcf	Ndufa4l2	True	False	False	False	False	False	C
Q61164	Q91ZP9	Ctcf	Necab2	True	False	False	False	False	False	C
Q61164	A0A668KLC0	Ctcf	A0A668KLC0	True	False	False	False	False	False	B
Q61164	A0A286YDV4	Ctcf	A0A286YDV4	True	False	False	False	False	False	B
Q61164	Q8CCP0	Ctcf	Nemf	True	False	False	False	False	False	C
Q61164	P97798	Ctcf	Neo1	True	False	False	False	False	False	B
Q61164	A0A087WPX3	Ctcf	A0A087WPX3	True	False	False	False	False	False	B
Q61164	Q60591	Ctcf	Nfatc2	True	False	False	False	False	False	B
Q61164	Q02780	Ctcf	Nfia	True	False	False	False	False	False	B
Q61164	E9PUH7	Ctcf	E9PUH7	True	False	False	False	False	False	B
Q61164	Q9WTK5	Ctcf	Nfkb2	True	False	False	False	False	False	C
Q61164	A0A140LIZ7	Ctcf	A0A140LIZ7	True	False	False	False	False	False	B
Q61164	Q8R1F1	Ctcf	Niban2	True	False	False	False	False	False	B
Q61164	A0A0G2JEV1	Ctcf	A0A0G2JEV1	True	False	False	False	False	False	C
Q61164	Q9D035	Ctcf	Nkain1	True	False	False	False	False	False	B
Q61164	Q99K10	Ctcf	Nlgn1	True	False	False	False	False	False	B
Q61164	O55040	Ctcf	Nmur1	True	False	False	False	False	False	C
Q61164	Q3TZX8	Ctcf	Nol9	True	False	False	False	False	False	C
Q61164	Q3UFM5	Ctcf	Nom1	True	False	False	False	False	False	C
Q61164	P29477	Ctcf	Nos2	True	False	False	False	False	False	C
Q61164	P70313	Ctcf	Nos3	True	False	False	False	False	False	C
Q61164	Q8CJ00	Ctcf	Noxa1	True	False	False	False	False	False	C
Q61164	O35604	Ctcf	Npc1	True	False	True	True	False	True	A
Q61164	Q04573	Ctcf	Npy1r	True	False	False	False	False	False	C
Q61164	Q64249	Ctcf	Nr6a1	True	False	False	False	False	False	C
Q61164	Q810U4	Ctcf	Nrcam	True	False	False	False	False	False	B
Q61164	A0A140LIG9	Ctcf	A0A140LIG9	True	False	False	False	False	False	B
Q61164	O35375	Ctcf	Nrp2	True	False	False	False	False	False	B
Q61164	P0DI97	Ctcf	Nrxn1	True	False	False	False	False	False	B
Q61164	Q9CS84	Ctcf	Nrxn1	True	False	False	False	False	False	B
Q61164	E9Q7X7	Ctcf	Nrxn2	True	False	False	False	False	False	B
Q61164	E9PUN2	Ctcf	Nrxn2	True	False	False	False	False	False	B
Q61164	Q8BVE8	Ctcf	Nsd2	True	False	False	False	False	False	C
Q61164	Q99PJ0	Ctcf	Ntm	True	False	False	False	False	False	B
Q61164	Q8R2U4	Ctcf	Ntmt1	True	False	False	False	False	False	B
Q61164	Q8R4F1	Ctcf	Ntng2	True	False	False	False	False	False	B
Q61164	Q6VNS1	Ctcf	Ntrk3	True	False	False	False	False	False	B
Q61164	Q9CWD3	Ctcf	Nudt17	True	False	False	False	False	False	C
Q61164	Q9QY81	Ctcf	Nup210	True	False	False	False	False	False	B
Q61164	Q8BHP2	Ctcf	Nutm1	True	False	False	False	False	False	C
Q61164	Q91VX5	Ctcf	Nxph3	True	False	False	False	False	False	C
Q61164	Q6PFX7	Ctcf	Nyap1	True	False	False	False	False	False	C
Q61164	Q505D7	Ctcf	Opa3	True	False	False	False	False	False	C
Q61164	Q8VF05	Ctcf	Q8VF05	True	False	False	False	False	False	C
Q61164	Q8VGX2	Ctcf	Q8VGX2	True	False	False	False	False	False	C
Q61164	Q5QNQ6	Ctcf	Osbp2	True	False	False	False	False	False	B
Q61164	A0A0N4SV33	Ctcf	A0A0N4SV33	True	False	False	False	False	False	B
Q61164	Q8K561	Ctcf	Otoa	True	False	False	False	False	False	C
Q61164	E9PYR6	Ctcf	E9PYR6	True	False	False	False	False	False	B
Q61164	B1AZ99	Ctcf	Otud3	True	False	False	False	False	False	C
Q61164	Q8VE38	Ctcf	Oxnad1	True	False	False	False	False	False	C
Q61164	Q9WVE8	Ctcf	Pacsin2	True	False	False	False	False	False	B
Q61164	P16331	Ctcf	Pah	True	False	False	False	False	False	B
Q61164	Q9ET54	Ctcf	Palld	True	False	False	False	False	False	B
Q61164	A0A0A6YX03	Ctcf	A0A0A6YX03	True	False	False	False	False	False	B
Q61164	Q8CIE4	Ctcf	Parp10	True	False	False	False	False	False	C
Q61164	Q3ULW8	Ctcf	Parp3	True	False	False	False	False	False	C
Q61164	Q02650	Ctcf	Pax5	True	False	False	False	False	False	B
Q61164	Q91Y02	Ctcf	Pcdhb18	True	False	False	False	False	False	C
Q61164	Q8VI59	Ctcf	Pcnx3	True	False	False	False	False	False	C
Q61164	Q61139	Ctcf	Pcsk7	True	False	False	False	False	False	C
Q61164	Q64338	Ctcf	Pde1c	True	False	False	False	False	False	B
Q61164	O89084	Ctcf	Pde4a	True	False	False	False	False	False	B
Q61164	Q8VBU5	Ctcf	Q8VBU5	True	False	False	False	False	False	B
Q61164	Q01063	Ctcf	Pde4d	True	False	False	False	False	False	B
Q61164	A0A0G2JF67	Ctcf	A0A0G2JF67	True	False	False	False	False	False	C
Q61164	Q3TML0	Ctcf	Q3TML0	True	False	False	False	False	False	C
Q61164	Q4VA53	Ctcf	Pds5b	True	False	False	False	False	False	B
Q61164	A0A087WQ09	Ctcf	A0A087WQ09	True	False	False	False	False	False	B
Q61164	Q9D9M4	Ctcf	Pdzd9	True	False	False	False	False	False	C
Q61164	E9Q2U7	Ctcf	E9Q2U7	True	False	False	False	False	False	C
Q61164	Q8BYK5	Ctcf	Phactr3	True	False	False	False	False	False	B
Q61164	Q9CXR4	Ctcf	Pigc	True	False	False	False	False	False	B
Q61164	D3Z091	Ctcf	D3Z091	True	False	False	False	False	False	B
Q61164	O35954	Ctcf	Pitpnm1	True	False	False	False	False	False	C
Q61164	Q8BG99	Ctcf	Pknox2	True	False	False	False	False	False	B
Q61164	Q3TTY0	Ctcf	Plb1	True	False	False	False	False	False	B
Q61164	P51432	Ctcf	Plcb3	True	False	False	False	False	False	C
Q61164	Q8CIH5	Ctcf	Plcg2	True	False	False	False	False	False	B
Q61164	Q8K394	Ctcf	Plcl2	True	False	False	False	False	False	C
Q61164	Q9QXS1	Ctcf	Plec	True	False	False	False	False	False	B
Q61164	F8VPS6	Ctcf	F8VPS6	True	False	False	False	False	False	C
Q61164	Q66T02	Ctcf	Plekhg5	True	False	False	False	False	False	B
Q61164	P70207	Ctcf	Plxna2	True	False	False	False	False	False	B
Q61164	Q80UG2	Ctcf	Plxna4	True	False	False	False	False	False	B
Q61164	O35134	Ctcf	Polr1a	True	False	False	False	False	False	B
Q61164	Q78WZ7	Ctcf	Polr1f	True	False	False	False	False	False	C
Q61164	Q9DCH2	Ctcf	Pop7	True	False	False	False	False	False	C
Q61164	P31362	Ctcf	Pou2f3	True	False	False	False	False	False	B
Q61164	Q8VHJ7	Ctcf	Ppargc1b	True	False	False	False	False	False	B
Q61164	Q9CXG3	Ctcf	Ppil4	True	False	False	False	False	False	C
Q61164	Q8CGA0	Ctcf	Ppm1f	True	False	False	False	False	False	C
Q61164	Q91VC7	Ctcf	Ppp1r14a	True	False	False	False	False	False	C
Q61164	Q8BG02	Ctcf	Ppp2r2c	True	False	False	False	False	False	B
Q61164	A2A935	Ctcf	Prdm16	True	False	False	False	False	False	B
Q61164	A2A7B5	Ctcf	A2A7B5	True	False	False	False	False	False	B
Q61164	Q8BZ97	Ctcf	Prdm8	True	False	False	False	False	False	C
Q61164	Q69ZK0	Ctcf	Prex1	True	False	False	False	False	False	B
Q61164	Q80Y24	Ctcf	Prickle2	True	False	False	False	False	False	B
Q61164	Q9R078	Ctcf	Prkab1	True	False	False	False	False	False	C
Q61164	Q6PAM0	Ctcf	Prkab2	True	False	False	False	False	False	C
Q61164	Q91WG5	Ctcf	Prkag2	True	False	False	False	False	False	B
Q61164	P68404	Ctcf	Prkcb	True	False	False	False	False	False	B
Q61164	P16054	Ctcf	Prkce	True	False	False	False	False	False	B
Q61164	P23298	Ctcf	Prkch	True	False	False	False	False	False	B
Q61164	Q02111	Ctcf	Prkcq	True	False	False	False	False	False	C
Q61164	Q02956	Ctcf	Prkcz	True	False	False	False	False	False	B
Q61164	Q922H1	Ctcf	Prmt3	True	False	False	False	False	False	C
Q61164	F8WHT3	Ctcf	F8WHT3	True	False	False	False	False	False	B
Q61164	Q8BJR6	Ctcf	Prss27	True	False	False	False	False	False	C
Q61164	Q14B25	Ctcf	Prss48	True	False	False	False	False	False	C
Q61164	P70195	Ctcf	Psmb7	True	False	False	False	False	False	B
Q61164	Q3TXS7	Ctcf	Psmd1	True	False	False	False	False	False	C
Q61164	Q9QVP9	Ctcf	Ptk2b	True	False	False	False	False	False	B
Q61164	P26350	Ctcf	Ptma	True	False	False	False	False	False	B
Q61164	Q61152	Ctcf	Ptpn18	True	False	False	False	False	False	C
Q61164	A2ALK8	Ctcf	Ptpn3	True	False	False	False	False	False	B
Q61164	P54830	Ctcf	Ptpn5	True	False	False	False	False	False	B
Q61164	P49446	Ctcf	Ptpre	True	False	False	False	False	False	B
Q61164	B0V2N1	Ctcf	Ptprs	True	False	False	False	False	False	B
Q61164	B1AUH1	Ctcf	Ptpru	True	False	False	False	False	False	C
Q61164	Q8BQP8	Ctcf	Rab11fip4	True	False	False	False	False	False	B
Q61164	P35283	Ctcf	Rab12	True	False	False	False	False	False	C
Q61164	Q9CZE3	Ctcf	Rab32	True	False	False	False	False	False	C
Q61164	A6H6A9	Ctcf	Rabgap1l	True	False	False	False	False	False	B
Q61164	O35719	Ctcf	Rad51b	True	False	False	False	False	False	B
Q61164	G5E879	Ctcf	G5E879	True	False	False	False	False	False	C
Q61164	Q69Z89	Ctcf	Radil	True	False	False	False	False	False	C
Q61164	Q61818	Ctcf	Rai1	True	False	False	False	False	False	B
Q61164	A2AR50	Ctcf	Ralgps1	True	False	False	False	False	False	B
Q61164	Q5SVL6	Ctcf	Rap1gap2	True	False	False	False	False	False	B
Q61164	Q8BU31	Ctcf	Rap2c	True	False	False	False	False	False	C
Q61164	Q91ZZ2	Ctcf	Q91ZZ2	True	False	False	False	False	False	B
Q61164	Q8VCC8	Ctcf	Rapgef3	True	False	False	False	False	False	C
Q61164	Q9EQZ6	Ctcf	Rapgef4	True	False	False	False	False	False	B
Q61164	O35626	Ctcf	Rasd1	True	False	False	False	False	False	C
Q61164	A0A0N4SVR5	Ctcf	A0A0N4SVR5	True	False	False	False	False	False	B
Q61164	P27671	Ctcf	Rasgrf1	True	False	False	False	False	False	B
Q61164	Q8R3C6	Ctcf	Rbm19	True	False	False	False	False	False	B
Q61164	Q8VH51	Ctcf	Rbm39	True	False	True	True	False	True	A
Q61164	Q91W59	Ctcf	Rbms1	True	False	False	False	False	False	B
Q61164	Q8BWL5	Ctcf	Rbms3	True	False	True	True	False	True	A
Q61164	P31266	Ctcf	Rbpj	True	False	False	False	False	False	B
Q61164	O08674	Ctcf	Rbpjl	True	False	False	False	False	False	C
Q61164	Q8VE37	Ctcf	Rcc1	True	False	False	False	False	False	C
Q61164	Q8BK67	Ctcf	Rcc2	True	False	False	False	False	False	C
Q61164	Q8BTU7	Ctcf	Rccd1	True	False	False	False	False	False	C
Q61164	P34057	Ctcf	Rcvrn	True	False	False	False	False	False	C
Q61164	P26043	Ctcf	Rdx	True	False	False	False	False	False	B
Q61164	O54916	Ctcf	Reps1	True	False	False	False	False	False	C
Q61164	Q80TZ9	Ctcf	Rere	True	False	False	False	False	False	B
Q61164	Q8R367	Ctcf	Rerg	True	False	False	False	False	False	C
Q61164	Q7TT28	Ctcf	Rexo1	True	False	False	False	False	False	C
Q61164	Q7TQ33	Ctcf	Rgmb	True	False	False	False	False	False	C
Q61164	O54828	Ctcf	Rgs9	True	False	False	False	False	False	B
Q61164	Q9QXP0	Ctcf	Rhcg	True	False	False	False	False	False	B
Q61164	Q8R527	Ctcf	Rhoq	True	False	False	False	False	False	C
Q61164	P59729	Ctcf	Rin3	True	False	False	False	False	False	B
Q61164	Q68FE6	Ctcf	Ripor1	True	False	False	False	False	False	B
Q61164	Q925F3	Ctcf	Rnf144a	True	False	False	False	False	False	C
Q61164	Q5SPX3	Ctcf	Rnf215	True	False	False	False	False	False	C
Q61164	G5E843	Ctcf	G5E843	True	False	False	False	False	False	B
Q61164	Q9Z2I4	Ctcf	Robo3	True	False	False	False	False	False	C
Q61164	Q9Z138	Ctcf	Ror2	True	False	False	False	False	False	B
Q61164	P27659	Ctcf	Rpl3	True	False	False	False	False	False	B
Q61164	Q9JJI8	Ctcf	Rpl38	True	False	False	False	False	False	C
Q61164	P47962	Ctcf	Rpl5	True	False	False	False	False	False	C
Q61164	Q91YQ5	Ctcf	Rpn1	True	False	False	False	False	False	C
Q61164	Q99JH1	Ctcf	Rpp25l	True	False	False	False	False	False	C
Q61164	Q9WUT3	Ctcf	Rps6ka2	True	False	False	False	False	False	B
Q61164	Q8C050	Ctcf	Rps6ka5	True	False	False	False	False	False	C
Q61164	A2ACM0	Ctcf	A2ACM0	True	False	False	False	False	False	B
Q61164	Q80X95	Ctcf	Rraga	True	False	False	False	False	False	C
Q61164	A2AVJ7	Ctcf	A2AVJ7	True	False	False	False	False	False	B
Q61164	Q9CYH6	Ctcf	Rrs1	True	False	False	False	False	False	C
Q61164	Q5SUV1	Ctcf	Rsad1	True	False	False	False	False	False	C
Q61164	Q3TYX8	Ctcf	Rufy4	True	False	False	False	False	False	C
Q61164	E9PVR5	Ctcf	E9PVR5	True	False	False	False	False	False	C
Q61164	A0A140LJK7	Ctcf	A0A140LJK7	True	False	False	False	False	False	B
Q61164	B9EJL3	Ctcf	B9EJL3	True	False	True	True	False	True	A
Q61164	Q8CBY1	Ctcf	Samd4a	True	False	False	False	False	False	B
Q61164	Q99LB7	Ctcf	Sardh	True	False	False	False	False	False	B
Q61164	P48026	Ctcf	Sat1	True	False	False	False	False	False	C
Q61164	B1AXP3	Ctcf	B1AXP3	True	False	False	False	False	False	C
Q61164	B1AWN6	Ctcf	Scn2a	True	False	False	False	False	False	C
Q61164	A2ASI5	Ctcf	Scn3a	True	False	False	False	False	False	C
Q61164	Q7M729	Ctcf	Scn4b	True	False	False	False	False	False	C
Q61164	A0A0J9YTW4	Ctcf	A0A0J9YTW4	True	False	False	False	False	False	C
Q61164	Q99JZ0	Ctcf	Sdcbp2	True	False	False	False	False	False	C
Q61164	Q3UH53	Ctcf	Sdk1	True	False	False	False	False	False	B
Q61164	Q6V4S5	Ctcf	Sdk2	True	False	False	False	False	False	B
Q61164	A8Y5H7	Ctcf	Sec14l1	True	False	False	False	False	False	B
Q61164	Q80ZX0	Ctcf	Q80ZX0	True	False	False	False	False	False	C
Q61164	Q8BH34	Ctcf	Sema3d	True	False	False	False	False	False	C
Q61164	Q62179	Ctcf	Sema4b	True	False	False	False	False	False	B
Q61164	Q60519	Ctcf	Sema5b	True	False	False	False	False	False	B
Q61164	O54951	Ctcf	Sema6b	True	False	False	False	False	False	B
Q61164	Q80YD6	Ctcf	Sergef	True	False	False	False	False	False	B
Q61164	A0A0R4J0Y4	Ctcf	A0A0R4J0Y4	True	False	False	False	False	False	B
Q61164	Q9D554	Ctcf	Sf3a3	True	False	False	False	False	False	C
Q61164	O09039	Ctcf	Sh2b3	True	False	False	False	False	False	C
Q61164	Q62419	Ctcf	Sh3gl1	True	False	False	False	False	False	C
Q61164	Q8R550	Ctcf	Sh3kbp1	True	False	False	False	False	False	B
Q61164	O89032	Ctcf	Sh3pxd2a	True	False	False	False	False	False	B
Q61164	A0A5F8MPP7	Ctcf	A0A5F8MPP7	True	False	False	False	False	False	B
Q61164	D3Z5K8	Ctcf	D3Z5K8	True	False	False	False	False	False	B
Q61164	G3X9J0	Ctcf	Sipa1l3	True	False	False	False	False	False	B
Q61164	Q3UHH2	Ctcf	Slc22a23	True	False	False	False	False	False	B
Q61164	Q9D6M3	Ctcf	Slc25a22	True	False	False	False	False	False	C
Q61164	Q99P65	Ctcf	Slc29a3	True	False	False	False	False	False	B
Q61164	Q921V7	Ctcf	Slc44a3	True	False	False	False	False	False	B
Q61164	Q8JZR6	Ctcf	Slc4a8	True	False	False	False	False	False	B
Q61164	O35316	Ctcf	Slc6a6	True	False	False	False	False	False	B
Q61164	Q8R3L5	Ctcf	Slco3a1	True	False	False	False	False	False	B
Q61164	Q80TR4	Ctcf	Slit1	True	False	False	False	False	False	B
Q61164	A0A140LIK7	Ctcf	A0A140LIK7	True	False	False	False	False	False	B
Q61164	P61406	Ctcf	Smg6	True	False	False	False	False	False	B
Q61164	Q78RX3	Ctcf	Smim12	True	False	False	False	False	False	C
Q61164	Q8BT42	Ctcf	Smim5	True	False	False	False	False	False	C
Q61164	Q8R5A0	Ctcf	Smyd2	True	False	False	False	False	False	B
Q61164	Q9CWR2	Ctcf	Smyd3	True	False	False	False	False	False	B
Q61164	Q8C788	Ctcf	Q8C788	True	False	False	False	False	False	B
Q61164	Q6P4T1	Ctcf	Snx19	True	False	False	False	False	False	C
Q61164	O35716	Ctcf	Socs1	True	False	False	False	False	False	C
Q61164	O35718	Ctcf	Socs3	True	False	False	False	False	False	C
Q61164	A0A5F8MPJ2	Ctcf	A0A5F8MPJ2	True	False	False	False	False	False	B
Q61164	Q9EPR5	Ctcf	Sorcs2	True	False	False	False	False	False	B
Q61164	O88307	Ctcf	Sorl1	True	False	False	False	False	False	B
Q61164	Q61142	Ctcf	Spin1	True	False	False	False	False	False	B
Q61164	Q8BKQ3	Ctcf	Q8BKQ3	True	False	False	False	False	False	B
Q61164	Q3UGX2	Ctcf	Q3UGX2	True	False	False	False	False	False	B
Q61164	E9PX29	Ctcf	E9PX29	True	False	False	False	False	False	B
Q61164	P05480	Ctcf	Src	True	False	False	False	False	False	B
Q61164	A0A571BG39	Ctcf	A0A571BG39	True	False	False	False	False	False	C
Q61164	F8VPQ4	Ctcf	F8VPQ4	True	False	False	False	False	False	B
Q61164	A0A0G2JDT6	Ctcf	A0A0G2JDT6	True	False	False	False	False	False	B
Q61164	Q80TY4	Ctcf	St18	True	False	False	False	False	False	B
Q61164	P54751	Ctcf	St3gal1	True	False	False	False	False	False	B
Q61164	Q8R4U0	Ctcf	Stab2	True	False	True	True	False	True	A
Q61164	Q9D3E6	Ctcf	Stag1	True	False	False	False	False	False	B
Q61164	Q9JMD3	Ctcf	Stard10	True	False	False	False	False	False	C
Q61164	Q8CJ67	Ctcf	Stau2	True	False	False	False	False	False	C
Q61164	Q9CWR7	Ctcf	Steap1	True	False	False	False	False	False	C
Q61164	O55098	Ctcf	Stk10	True	False	False	False	False	False	B
Q61164	Q9WTK7	Ctcf	Stk11	True	False	False	False	False	False	B
Q61164	Q9Z1W9	Ctcf	Stk39	True	False	False	False	False	False	B
Q61164	Q7TNE1	Ctcf	Sugct	True	False	False	False	False	False	C
Q61164	Q8K007	Ctcf	Sulf1	True	False	False	False	False	False	B
Q61164	Q8CFG0	Ctcf	Sulf2	True	False	False	False	False	False	B
Q61164	A0A0R4J084	Ctcf	A0A0R4J084	True	False	False	False	False	False	C
Q61164	Q8R086	Ctcf	Suox	True	False	False	False	False	False	C
Q61164	Q8BG39	Ctcf	Sv2b	True	False	False	False	False	False	B
Q61164	Q8K4L3	Ctcf	Svil	True	False	False	False	False	False	B
Q61164	Q8JZP2	Ctcf	Syn3	True	False	False	False	False	False	B
Q61164	Q6ZWQ0	Ctcf	Syne2	True	False	False	False	False	False	B
Q61164	Q9R0N9	Ctcf	Syt9	True	False	False	False	False	False	C
Q61164	F8VQ95	Ctcf	F8VQ95	True	False	False	False	False	False	B
Q61164	E9Q8T1	Ctcf	E9Q8T1	True	False	False	False	False	False	B
Q61164	A0A0J9YVA2	Ctcf	A0A0J9YVA2	True	False	False	False	False	False	B
Q61164	Q91WE9	Ctcf	Tafa5	True	False	False	False	False	False	B
Q61164	B2RWW0	Ctcf	Tagap	True	False	False	False	False	False	C
Q61164	P0CAX8	Ctcf	Tagap1	True	False	False	False	False	False	C
Q61164	Q3U5H1	Ctcf	Q3U5H1	True	False	False	False	False	False	C
Q61164	Q60949	Ctcf	Tbc1d1	True	False	False	False	False	False	B
Q61164	D3YWM7	Ctcf	D3YWM7	True	False	False	False	False	False	A
Q61164	Q5SVR0	Ctcf	Tbc1d9b	True	False	False	False	False	False	C
Q61164	Q921K8	Ctcf	Tcaf2	True	False	False	False	False	False	C
Q61164	A0A0J9YTU7	Ctcf	A0A0J9YTU7	True	False	False	False	False	False	B
Q61164	A0A5K1VVQ7	Ctcf	A0A5K1VVQ7	True	False	False	False	False	False	C
Q61164	A1A549	Ctcf	A1A549	True	False	False	False	False	False	B
Q61164	Q8K1H1	Ctcf	Tdrd7	True	False	False	False	False	False	B
Q61164	Q3UHK6	Ctcf	Tenm4	True	False	False	False	False	False	B
Q61164	D3YZM7	Ctcf	D3YZM7	True	False	False	False	False	False	B
Q61164	A8C756	Ctcf	Thada	True	False	False	False	False	False	B
Q61164	Q3UTY6	Ctcf	Thsd4	True	False	False	False	False	False	B
Q61164	G3UWG2	Ctcf	G3UWG2	True	False	False	False	False	False	B
Q61164	Q6ZPF3	Ctcf	Tiam2	True	False	False	False	False	False	B
Q61164	O35857	Ctcf	Timm44	True	False	False	False	False	False	C
Q61164	Q8BH58	Ctcf	Tiprl	True	False	False	False	False	False	B
Q61164	Q08122	Ctcf	Tle3	True	False	False	False	False	False	B
Q61164	Q9WVM6	Ctcf	Tll2	True	False	False	False	False	False	B
Q61164	A0A1L1SQ51	Ctcf	A0A1L1SQ51	True	False	False	False	False	False	B
Q61164	Q9EQU3	Ctcf	Tlr9	True	False	False	False	False	False	C
Q61164	D3Z0A5	Ctcf	D3Z0A5	True	False	False	False	False	False	C
Q61164	Q3UPR7	Ctcf	Tmem102	True	False	False	False	False	False	C
Q61164	Q3U3D7	Ctcf	Tmem131l	True	False	False	False	False	False	B
Q61164	F7BAB2	Ctcf	F7BAB2	True	False	False	False	False	False	B
Q61164	Q8C996	Ctcf	Tmem163	True	False	False	False	False	False	B
Q61164	Q9CY24	Ctcf	Tmem179b	True	False	False	False	False	False	C
Q61164	A0A2I3BQ91	Ctcf	A0A2I3BQ91	True	False	False	False	False	False	B
Q61164	Q3UV71	Ctcf	Tmtc1	True	False	False	False	False	False	C
Q61164	Q60769	Ctcf	Tnfaip3	True	False	False	False	False	False	C
Q61164	Q8BYI9	Ctcf	Tnr	True	False	False	False	False	False	B
Q61164	Q5SSZ5	Ctcf	Tns3	True	False	False	False	False	False	B
Q61164	Q5SRX1	Ctcf	Tom1l2	True	False	False	False	False	False	B
Q61164	Q9D4V6	Ctcf	Tomm20l	True	False	False	False	False	False	C
Q61164	E9Q0B9	Ctcf	E9Q0B9	True	False	False	False	False	False	B
Q61164	D3Z2U2	Ctcf	D3Z2U2	True	False	False	False	False	False	B
Q61164	Q8CB49	Ctcf	Tprg1	True	False	False	False	False	False	B
Q61164	A0A1B0GS38	Ctcf	A0A1B0GS38	True	False	False	False	False	False	C
Q61164	P70196	Ctcf	Traf6	True	False	False	False	False	False	C
Q61164	Q3U0M1	Ctcf	Trappc9	True	False	False	False	False	False	B
Q61164	Q9ESN6	Ctcf	Trim2	True	False	False	False	False	False	B
Q61164	Q0KL02	Ctcf	Trio	True	False	False	False	False	False	B
Q61164	Q61143	Ctcf	Trpc6	True	False	False	False	False	False	B
Q61164	Q8QZY6	Ctcf	Tspan14	True	False	False	False	False	False	B
Q61164	Q80WR1	Ctcf	Tspan18	True	False	False	False	False	False	B
Q61164	Q0HA38	Ctcf	Ttc21b	True	False	False	False	False	False	C
Q61164	Q8BGB2	Ctcf	Ttc7a	True	False	False	False	False	False	B
Q61164	P26369	Ctcf	U2af2	True	False	False	False	False	False	C
Q61164	Q02053	Ctcf	Uba1	True	False	False	False	False	False	C
Q61164	Q8BGG7	Ctcf	Ubash3b	True	False	False	False	False	False	B
Q61164	Q91W82	Ctcf	Ube2e2	True	False	False	False	False	False	C
Q61164	Q8BX13	Ctcf	Ube3d	True	False	False	False	False	False	C
Q61164	Q9ES00	Ctcf	Ube4b	True	False	False	False	False	False	C
Q61164	Q78JW9	Ctcf	Ubfd1	True	False	False	False	False	False	C
Q61164	E9QLC2	Ctcf	E9QLC2	True	False	False	False	False	False	C
Q61164	A0A0R4J0E0	Ctcf	A0A0R4J0E0	True	False	False	False	False	False	C
Q61164	Q64705	Ctcf	Usf2	True	False	False	False	False	False	C
Q61164	Q80T11	Ctcf	Ush1g	True	False	False	False	False	False	C
Q61164	F8VPX1	Ctcf	F8VPX1	True	False	False	False	False	False	B
Q61164	Q9JI13	Ctcf	Utp3	True	False	False	False	False	False	C
Q61164	Q60992	Ctcf	Vav2	True	False	False	False	False	False	B
Q61164	B1ART2	Ctcf	B1ART2	True	False	False	False	False	False	B
Q61164	Q91XD6	Ctcf	Vps36	True	False	False	False	False	False	C
Q61164	Q810I0	Ctcf	Vps37d	True	False	False	False	False	False	C
Q61164	E9Q271	Ctcf	E9Q271	True	False	False	False	False	False	C
Q61164	Q9D994	Ctcf	Wdr38	True	False	False	False	False	False	C
Q61164	P56695	Ctcf	Wfs1	True	False	False	False	False	False	B
Q61164	Q8K1I7	Ctcf	Wipf1	True	False	False	False	False	False	B
Q61164	Q6PEV3	Ctcf	Wipf2	True	False	False	False	False	False	B
Q61164	E9QM73	Ctcf	E9QM73	True	False	False	False	False	False	B
Q61164	P22726	Ctcf	Wnt5b	True	False	False	False	False	False	B
Q61164	Q5SXA9	Ctcf	Wwc1	True	False	False	False	False	False	B
Q61164	Q3U4G3	Ctcf	Xxylt1	True	False	False	False	False	False	B
Q61164	F8VPK6	Ctcf	F8VPK6	True	False	False	False	False	False	B
Q61164	Q3UQ17	Ctcf	Q3UQ17	True	False	False	False	False	False	B
Q61164	Q8K0L9	Ctcf	Zbtb20	True	False	False	False	False	False	B
Q61164	Q8VCZ7	Ctcf	Zbtb7c	True	False	False	False	False	False	B
Q61164	D3YVH9	Ctcf	D3YVH9	True	False	False	False	False	False	C
Q61164	Q7TS63	Ctcf	Zfat	True	False	False	False	False	False	B
Q61164	Q6P1E1	Ctcf	Zmiz1	True	False	False	False	False	False	B
Q61164	B1AXE7	Ctcf	B1AXE7	True	False	False	False	False	False	B
Q61164	A0A0R4J249	Ctcf	A0A0R4J249	True	False	False	False	False	False	C
Q61164	D3Z1J4	Ctcf	D3Z1J4	True	False	False	False	False	False	C
Q61164	Q8C689	Ctcf	Q8C689	True	False	False	False	False	False	C
Q61164	Q9ERR8	Ctcf	Znf319	True	False	False	False	False	False	C
Q61164	Q6GQR8	Ctcf	Znf329	True	False	False	False	False	False	B
Q61164	Q6PGC9	Ctcf	Q6PGC9	True	False	False	False	False	False	C
Q61164	Q8BG89	Ctcf	Znf365	True	False	False	False	False	False	B
Q61164	Q8BV16	Ctcf	Q8BV16	True	False	False	False	False	False	B
Q61164	G3UVV3	Ctcf	G3UVV3	True	False	False	False	False	False	B
Q61164	Q80TS5	Ctcf	Znf423	True	False	False	False	False	False	B
Q61164	B1AWL2	Ctcf	Znf462	True	False	True	True	False	True	A
Q61164	Q7TSH3	Ctcf	Znf516	True	False	False	False	False	False	C
Q61164	Q9QY66	Ctcf	Znhit2	True	False	True	True	False	True	A
Q61164	Q91V17	Ctcf	Znrf1	True	False	False	False	False	False	C
Q61164	Q62523	Ctcf	Zyx	True	False	False	False	False	False	C
Q9Z1T5	Q8BH83	Deaf1	Ankrd9	True	False	False	False	False	False	C
Q9Z1T5	Q62108	Deaf1	Dlg4	True	False	False	False	False	False	C
Q9Z1T5	Q6PB97	Deaf1	Fbxl19	True	False	False	False	False	False	C
Q9Z1T5	Q80ZU9	Deaf1	Gpr137	True	False	False	False	False	False	C
Q9Z1T5	Q8R3Y8	Deaf1	Irf2bp1	True	False	False	False	False	False	C
Q9Z1T5	D3Z4S3	Deaf1	Ptrhd1	True	False	False	False	False	False	C
Q61501	Q8BGQ7	E2f1	Aars1	True	False	False	False	False	False	A
Q61501	P41233	E2f1	Abca1	True	False	False	False	False	False	A
Q61501	A0A571BG95	E2f1	A0A571BG95	True	False	False	False	False	False	C
Q61501	Q7TQI7	E2f1	Abtb2	True	False	False	False	False	False	C
Q61501	Q6NXL5	E2f1	Q6NXL5	True	False	False	False	False	False	B
Q61501	P41216	E2f1	Acsl1	True	False	False	False	False	False	A
Q61501	P61161	E2f1	Actr2	True	False	False	False	False	False	A
Q61501	O88444	E2f1	Adcy1	True	False	False	False	False	False	C
Q61501	B1AVP1	E2f1	B1AVP1	True	False	False	False	False	False	B
Q61501	Q09M02	E2f1	Agbl5	True	False	False	False	False	False	C
Q61501	Q9R0Y5	E2f1	Ak1	True	False	False	False	False	False	C
Q61501	Q9WTP7	E2f1	Ak3	True	False	False	False	False	False	A
Q61501	P30355	E2f1	Alox5ap	True	False	False	False	False	False	A
Q61501	O08739	E2f1	Ampd3	True	False	False	False	False	False	A
Q61501	Q8BTZ4	E2f1	Anapc5	True	False	False	False	False	False	B
Q61501	A2AS55	E2f1	Ankrd16	True	False	False	False	False	False	A
Q61501	Q8BH79	E2f1	Ano10	True	False	False	False	False	False	B
Q61501	P07356	E2f1	Anxa2	True	False	False	False	False	False	B
Q61501	P17426	E2f1	Ap2a1	True	False	False	False	False	False	B
Q61501	Q80V94	E2f1	Ap4e1	True	False	False	False	False	False	C
Q61501	Q9JKC7	E2f1	Ap4m1	True	False	False	False	False	False	C
Q61501	B2RUJ5	E2f1	Apba1	True	False	False	False	False	False	C
Q61501	E9Q0X2	E2f1	E9Q0X2	True	False	False	False	False	False	B
Q61501	B7ZCJ0	E2f1	B7ZCJ0	True	False	False	False	False	False	C
Q61501	Q6ZQ82	E2f1	Arhgap26	True	False	False	False	False	False	C
Q61501	Q80U35	E2f1	Arhgef17	True	False	False	False	False	False	A
Q61501	A2BH40	E2f1	Arid1a	True	False	False	False	False	False	B
Q61501	A0A338P6U8	E2f1	A0A338P6U8	True	False	False	False	False	False	B
Q61501	Q9Z1K5	E2f1	Arih1	True	False	False	False	False	False	C
Q61501	Q9QXJ4	E2f1	Arl10	True	False	False	False	False	False	A
Q61501	G3X920	E2f1	G3X920	True	False	False	False	False	False	A
Q61501	Q9D898	E2f1	Arpc5l	True	False	False	False	False	False	B
Q61501	Q7TPQ9	E2f1	Arrdc3	True	False	False	False	False	False	B
Q61501	Q91WR3	E2f1	Ascc2	True	False	False	False	False	False	A
Q61501	Q6KAU8	E2f1	Atg16l2	True	False	False	False	False	False	B
Q61501	O08997	E2f1	Atox1	True	False	False	False	False	False	B
Q61501	Q99ME6	E2f1	Atp1b4	True	False	False	False	False	False	C
Q61501	F8WHB1	E2f1	F8WHB1	True	False	False	False	False	False	C
Q61501	O35484	E2f1	Azin1	True	False	False	False	False	False	C
Q61501	Q9R1S0	E2f1	B9d1	True	False	False	False	False	False	B
Q61501	Q8CGN4	E2f1	Bcor	True	False	False	False	False	False	B
Q61501	Q80XN0	E2f1	Bdh1	True	False	False	False	False	False	A
Q61501	A2AMT1	E2f1	Bfsp1	True	False	False	False	False	False	B
Q61501	O35185	E2f1	Bhlhe40	True	False	False	False	False	False	A
Q61501	Q8CHH5	E2f1	Bicral	True	False	False	False	False	False	B
Q61501	O88700	E2f1	Blm	True	False	False	False	False	False	B
Q61501	Q9CY64	E2f1	Blvra	True	False	False	False	False	False	A
Q61501	P15327	E2f1	Bpgm	True	False	False	False	False	False	C
Q61501	Q7JJ13	E2f1	Brd2	True	False	False	False	False	False	A
Q61501	A0A494BBD0	E2f1	A0A494BBD0	True	False	False	False	False	False	B
Q61501	Q80WR5	E2f1	Q80WR5	True	False	False	False	False	False	C
Q61501	Q8K207	E2f1	Q8K207	True	False	False	False	False	False	C
Q61501	Q80XU5	E2f1	Q80XU5	True	False	False	False	False	False	C
Q61501	E9Q861	E2f1	E9Q861	True	False	False	False	False	False	C
Q61501	A2A545	E2f1	A2A545	True	False	False	False	False	False	C
Q61501	P35564	E2f1	Canx	True	False	False	False	False	False	B
Q61501	Q9CR86	E2f1	Carhsp1	True	False	False	False	False	False	C
Q61501	Q9QY96	E2f1	Casr	True	False	False	False	False	False	A
Q61501	P51125	E2f1	Cast	True	False	False	False	False	False	B
Q61501	Q8K354	E2f1	Cbr3	True	False	False	False	False	False	B
Q61501	Q91WT9	E2f1	Cbs	True	False	False	False	False	False	A
Q61501	Q9D541	E2f1	Ccdc7a	True	False	False	False	False	False	A
Q61501	Q61456	E2f1	Ccna1	True	False	False	False	False	False	C
Q61501	P21855	E2f1	Cd72	True	False	False	False	False	False	A
Q61501	G3UW39	E2f1	G3UW39	True	False	False	False	False	False	C
Q61501	Q80UW5	E2f1	Cdc42bpg	True	False	False	False	False	False	C
Q61501	Q9JM96	E2f1	Cdc42ep4	True	False	False	False	False	False	B
Q61501	Q922M5	E2f1	Cdca7l	True	False	False	False	False	False	B
Q61501	Q9Z0M3	E2f1	Cdh20	True	False	False	False	False	False	A
Q61501	P55284	E2f1	Cdh5	True	False	False	False	False	False	A
Q61501	A2AQH0	E2f1	A2AQH0	True	False	False	False	False	False	C
Q61501	P18760	E2f1	Cfl1	True	False	False	False	False	False	B
Q61501	Q8BYH8	E2f1	Chd9	True	False	False	False	False	False	B
Q61501	O54804	E2f1	Chka	True	False	False	False	False	False	A
Q61501	A0A087WQ31	E2f1	A0A087WQ31	True	False	False	False	False	False	B
Q61501	Q9D7D7	E2f1	Cldn23	True	False	False	False	False	False	A
Q61501	O54942	E2f1	Cldn5	True	False	False	False	False	False	A
Q61501	F8WIA1	E2f1	F8WIA1	True	False	False	False	False	False	B
Q61501	Q9Z0H8	E2f1	Clip2	True	False	False	False	False	False	C
Q61501	Q9CX13	E2f1	Cnih4	True	False	False	False	False	False	A
Q61501	Q5M8N0	E2f1	Cnrip1	True	False	False	False	False	False	C
Q61501	E9Q7P1	E2f1	E9Q7P1	True	False	False	False	False	False	C
Q61501	P28481	E2f1	Col2a1	True	False	False	False	False	False	C
Q61501	A0A1Y7VKG6	E2f1	A0A1Y7VKG6	True	False	False	False	False	False	C
Q61501	Q66JT7	E2f1	Coq2	True	False	False	False	False	False	A
Q61501	Q8BJ03	E2f1	Cox15	True	False	False	False	False	False	A
Q61501	Q9QXK7	E2f1	Cpsf3	True	False	False	False	False	False	C
Q61501	P97742	E2f1	Cpt1a	True	False	False	False	False	False	B
Q61501	Q3U182	E2f1	Crtc2	True	False	False	False	False	False	C
Q61501	A0A0G2JG52	E2f1	A0A0G2JG52	True	False	False	False	False	False	B
Q61501	P59055	E2f1	Csrnp3	True	False	False	False	False	False	A
Q61501	P56546	E2f1	Ctbp2	True	False	False	False	False	False	B
Q61501	E9Q6Z0	E2f1	E9Q6Z0	True	False	False	False	False	False	A
Q61501	Q91WA4	E2f1	Cxxc5	True	False	False	False	False	False	B
Q61501	Q921M7	E2f1	Cyrib	True	False	False	False	False	False	B
Q61501	Q8BHC4	E2f1	Dcakd	True	False	False	False	False	False	B
Q61501	Q9CWS0	E2f1	Ddah1	True	False	False	False	False	False	C
Q61501	Q9D3F7	E2f1	Ddit4	True	False	False	False	False	False	A
Q61501	Q924W7	E2f1	Dennd2b	True	False	False	False	False	False	B
Q61501	Q5PR73	E2f1	Diras2	True	False	False	False	False	False	A
Q61501	Q62108	E2f1	Dlg4	True	False	False	False	False	False	B
Q61501	P63037	E2f1	Dnaja1	True	False	False	False	False	False	C
Q61501	Q6XZL8	E2f1	Q6XZL8	True	False	False	False	False	False	C
Q61501	Q8BLI4	E2f1	Dse	True	False	False	False	False	False	B
Q61501	Q7TNL7	E2f1	Q7TNL7	True	False	False	False	False	False	C
Q61501	O88487	E2f1	Dync1i2	True	False	False	False	False	False	A
Q61501	P10126	E2f1	Eef1a1	True	False	False	False	False	False	B
Q61501	Q9JHW4	E2f1	Eefsec	True	False	False	False	False	False	C
Q61501	O08543	E2f1	Efna5	True	False	False	False	False	False	B
Q61501	Q01279	E2f1	Egfr	True	False	False	False	False	False	A
Q61501	A0A0R4J0H9	E2f1	A0A0R4J0H9	True	False	False	False	False	False	B
Q61501	P23116	E2f1	Eif3a	True	False	False	False	False	False	A
Q61501	P59325	E2f1	Eif5	True	False	False	False	False	False	C
Q61501	Q9JHC9	E2f1	Elf2	True	False	False	False	False	False	B
Q61501	P16406	E2f1	Enpep	True	False	False	False	False	False	A
Q61501	Q8VEH5	E2f1	Epm2aip1	True	False	False	False	False	False	C
Q61501	Q08509	E2f1	Eps8	True	False	False	False	False	False	C
Q61501	Q8CFD5	E2f1	Ercc8	True	False	False	False	False	False	A
Q61501	Q9DC16	E2f1	Ergic1	True	False	False	False	False	False	C
Q61501	Q9D405	E2f1	Q9D405	True	False	False	False	False	False	B
Q61501	H3BKQ3	E2f1	H3BKQ3	True	False	False	False	False	False	B
Q61501	E9PW83	E2f1	E9PW83	True	False	False	False	False	False	A
Q61501	Q3UXZ6	E2f1	Fam81a	True	False	False	False	False	False	B
Q61501	E0CXC4	E2f1	E0CXC4	True	False	False	False	False	False	C
Q61501	Q8BK06	E2f1	Fbxo9	True	False	False	False	False	False	C
Q61501	Q3UQN2	E2f1	Fcho2	True	False	False	False	False	False	C
Q61501	A0A0R4J0R6	E2f1	A0A0R4J0R6	True	False	False	False	False	False	C
Q61501	P97807	E2f1	Fh	True	False	False	False	False	False	A
Q61501	Q64378	E2f1	Fkbp5	True	False	False	False	False	False	B
Q61501	Q8CI03	E2f1	Flywch1	True	False	False	False	False	False	C
Q61501	A0A0R4J0H8	E2f1	A0A0R4J0H8	True	False	False	False	False	False	B
Q61501	P35583	E2f1	Foxa2	True	False	False	False	False	False	A
Q61501	Q9WTS2	E2f1	Fut8	True	False	False	False	False	False	B
Q61501	P54818	E2f1	Galc	True	False	False	False	False	False	A
Q61501	P23772	E2f1	Gata3	True	False	False	False	False	False	A
Q61501	A0A1D5RM07	E2f1	A0A1D5RM07	True	False	False	False	False	False	B
Q61501	O88741	E2f1	Gdap1	True	False	False	False	False	False	B
Q61501	Q9CZ15	E2f1	Gins1	True	False	False	False	False	False	B
Q61501	Q8R322	E2f1	Gle1	True	False	False	False	False	False	C
Q61501	Q61602	E2f1	Gli3	True	False	False	False	False	False	B
Q61501	Q9Z0F1	E2f1	Gnas	True	False	False	False	False	False	C
Q61501	Q6R0H6	E2f1	Gnas	True	False	False	False	False	False	C
Q61501	P63094	E2f1	Gnas	True	False	False	False	False	False	C
Q61501	Q6R0H7	E2f1	Gnas	True	False	False	False	False	False	C
Q61501	Q8CI11	E2f1	Gnl3	True	False	False	False	False	False	A
Q61501	Q8C419	E2f1	Gpr158	True	False	False	False	False	False	A
Q61501	B9EJV3	E2f1	Greb1l	True	False	False	False	False	False	C
Q61501	Q61626	E2f1	Grik5	True	False	False	False	False	False	A
Q61501	Q3U3C9	E2f1	Gse1	True	False	False	False	False	False	B
Q61501	O09131	E2f1	Gsto1	True	False	False	False	False	False	C
Q61501	A2ATU9	E2f1	A2ATU9	True	False	False	False	False	False	A
Q61501	Q91VB8	E2f1	Q91VB8	True	False	False	False	False	False	A
Q61501	P51859	E2f1	Hdgf	True	False	False	False	False	False	C
Q61501	Q8VDJ3	E2f1	Hdlbp	True	False	False	False	False	False	B
Q61501	F8WIE5	E2f1	F8WIE5	True	False	False	False	False	False	C
Q61501	A0A0N4SVW7	E2f1	A0A0N4SVW7	True	False	False	False	False	False	B
Q61501	Q9JJK5	E2f1	Herpud1	True	False	False	False	False	False	A
Q61501	P70387	E2f1	Hfe	True	False	False	False	False	False	A
Q61501	A0A1Y7VJI1	E2f1	A0A1Y7VJI1	True	False	False	False	False	False	A
Q61501	Q3UHF7	E2f1	Hivep2	True	False	False	False	False	False	B
Q61501	P63158	E2f1	Hmgb1	True	False	False	False	False	False	B
Q61501	Q7TMK6	E2f1	Hook2	True	False	False	False	False	False	B
Q61501	P70174	E2f1	Hrh1	True	False	False	False	False	False	C
Q61501	P63038	E2f1	Hspd1	True	False	False	False	False	False	A
Q61501	P41136	E2f1	Id2	True	False	False	False	False	False	C
Q61501	P41133	E2f1	Id3	True	False	False	False	False	False	B
Q61501	P46694	E2f1	Ier3	True	False	False	False	False	False	A
Q61501	Q8K057	E2f1	Ift80	True	False	False	False	False	False	A
Q61501	Q5SF07	E2f1	Igf2bp2	True	False	False	False	False	False	B
Q61501	Q60837	E2f1	Il12rb1	True	False	False	False	False	False	A
Q61501	Q8BPW0	E2f1	Iqcj	True	False	False	False	False	False	B
Q61501	E9PUC1	E2f1	E9PUC1	True	False	False	False	False	False	A
Q61501	Q64287	E2f1	Irf4	True	False	False	False	False	False	A
Q61501	P23611	E2f1	Irf8	True	False	False	False	False	False	C
Q61501	Q543V3	E2f1	Q543V3	True	False	False	False	False	False	B
Q61501	P24063	E2f1	Itgal	True	False	False	False	False	False	A
Q61501	P09055	E2f1	Itgb1	True	False	False	False	False	False	B
Q61501	Q6ZPI0	E2f1	Jade1	True	False	False	False	False	False	C
Q61501	Q69ZK6	E2f1	Jmjd1c	True	False	False	False	False	False	B
Q61501	Q9ET78	E2f1	Jph2	True	False	False	False	False	False	A
Q61501	P15066	E2f1	Jund	True	False	False	False	False	False	B
Q61501	G3X9X1	E2f1	Kbtbd2	True	False	False	False	False	False	B
Q61501	Q8R1C0	E2f1	Kcnc4	True	False	False	False	False	False	C
Q61501	Q80XM3	E2f1	Kcng4	True	False	False	False	False	False	A
Q61501	Q9Z307	E2f1	Kcnj16	True	False	False	False	False	False	A
Q61501	P35561	E2f1	Kcnj2	True	False	False	False	False	False	A
Q61501	Q8BUW1	E2f1	Kcnk10	True	False	False	False	False	False	A
Q61501	Q8K0E1	E2f1	Kctd15	True	False	False	False	False	False	B
Q61501	Q6PCM1	E2f1	Kdm3a	True	False	False	False	False	False	C
Q61501	Q8VCD7	E2f1	Kdm4c	True	False	False	False	False	False	A
Q61501	A2A7S8	E2f1	Nhsl3	True	False	False	False	False	False	B
Q61501	Q91WD7	E2f1	Kif18a	True	False	False	False	False	False	B
Q61501	Q6NWW5	E2f1	Kif24	True	False	False	False	False	False	A
Q61501	O89091	E2f1	Klf10	True	False	False	False	False	False	A
Q61501	Q6GQU2	E2f1	Klhl23	True	False	False	False	False	False	C
Q61501	A0A0G2JEQ1	E2f1	A0A0G2JEQ1	True	False	False	False	False	False	C
Q61501	P70168	E2f1	Kpnb1	True	False	False	False	False	False	C
Q61501	Q8BGZ7	E2f1	Krt75	True	False	False	False	False	False	A
Q61501	P17047	E2f1	Lamp2	True	False	False	False	False	False	C
Q61501	Q9CX60	E2f1	Lbh	True	False	False	False	False	False	C
Q61501	Q8R055	E2f1	Q8R055	True	False	False	False	False	False	B
Q61501	Q571G4	E2f1	Lin54	True	False	False	False	False	False	C
Q61501	Q9D1T0	E2f1	Lingo1	True	False	False	False	False	False	A
Q61501	P14733	E2f1	Lmnb1	True	False	False	False	False	False	B
Q61501	Q924W9	E2f1	Lmo1	True	False	False	False	False	False	A
Q61501	Q3TYD6	E2f1	Lmtk2	True	False	False	False	False	False	C
Q61501	Q8C129	E2f1	Lnpep	True	False	False	False	False	False	B
Q61501	Q7TSF4	E2f1	Lrrc75a	True	False	False	False	False	False	C
Q61501	Q61810	E2f1	Ltbp3	True	False	False	False	False	False	B
Q61501	Q8K4G1	E2f1	Ltbp4	True	False	False	False	False	False	B
Q61501	Q9WUC3	E2f1	Ly6h	True	False	False	False	False	False	C
Q61501	E9QLB2	E2f1	E9QLB2	True	False	False	False	False	False	A
Q61501	P27046	E2f1	Man2a1	True	False	False	False	False	False	B
Q61501	P70236	E2f1	Map2k6	True	False	False	False	False	False	A
Q61501	Q9WUL6	E2f1	Map3k14	True	False	False	False	False	False	A
Q61501	Q8R003	E2f1	Mbnl3	True	False	False	False	False	False	C
Q61501	P97310	E2f1	Mcm2	True	False	False	False	False	False	B
Q61501	Q8R3C0	E2f1	Mcmbp	True	False	False	False	False	False	B
Q61501	A0A0A0MQF4	E2f1	A0A0A0MQF4	True	False	False	False	False	False	A
Q61501	A0A0A0MQ83	E2f1	A0A0A0MQ83	True	False	False	False	False	False	C
Q61501	P97367	E2f1	Meis2	True	False	False	False	False	False	B
Q61501	Q91VH6	E2f1	Memo1	True	False	False	False	False	False	A
Q61501	Q3U034	E2f1	Mettl4	True	False	False	False	False	False	C
Q61501	F8WJD6	E2f1	F8WJD6	True	False	False	False	False	False	C
Q61501	P27808	E2f1	Mgat1	True	False	False	False	False	False	B
Q61501	Q9D074	E2f1	Mgrn1	True	False	False	False	False	False	B
Q61501	Q91VS7	E2f1	Mgst1	True	False	False	False	False	False	C
Q61501	Q80SY4	E2f1	Mib1	True	False	False	False	False	False	B
Q61501	Q8CJ19	E2f1	Mical3	True	False	False	False	False	False	B
Q61501	A6H611	E2f1	Mipep	True	False	False	False	False	False	A
Q61501	Q9JK91	E2f1	Mlh1	True	False	False	False	False	False	C
Q61501	Q9ERL0	E2f1	Q9ERL0	True	False	False	False	False	False	C
Q61501	Q9CZJ0	E2f1	Mpped2	True	False	False	False	False	False	A
Q61501	Q99J99	E2f1	Mpst	True	False	False	False	False	False	A
Q61501	O08989	E2f1	Mras	True	False	False	False	False	False	A
Q61501	A0A087WQ16	E2f1	A0A087WQ16	True	False	False	False	False	False	C
Q61501	P50540	E2f1	Mxi1	True	False	False	False	False	False	A
Q61501	F8VQB6	E2f1	Myo10	True	False	False	False	False	False	B
Q61501	Q9WTI7	E2f1	Myo1c	True	False	False	False	False	False	B
Q61501	Q64331	E2f1	Myo6	True	False	False	False	False	False	C
Q61501	Q69ZN7	E2f1	Myof	True	False	False	False	False	False	C
Q61501	A0A0J9YUP5	E2f1	A0A0J9YUP5	True	False	False	False	False	False	B
Q61501	Q61122	E2f1	Nab1	True	False	False	False	False	False	C
Q61501	K4DI67	E2f1	K4DI67	True	False	False	False	False	False	C
Q61501	Q6DFV1	E2f1	Ncapg2	True	False	False	False	False	False	B
Q61501	Q8VCB1	E2f1	Ndc1	True	False	False	False	False	False	A
Q61501	Q9D0F1	E2f1	Ndc80	True	False	False	False	False	False	B
Q61501	Q62433	E2f1	Ndrg1	True	False	False	False	False	False	B
Q61501	Q8BTG7	E2f1	Ndrg4	True	False	False	False	False	False	C
Q61501	Q9CR21	E2f1	Ndufab1	True	False	False	False	False	False	A
Q61501	A2AIL4	E2f1	Ndufaf6	True	False	False	False	False	False	A
Q61501	Q9D6J4	E2f1	Necab3	True	False	False	False	False	False	C
Q61501	O35942	E2f1	Nek2	True	False	False	False	False	False	B
Q61501	Q3THY0	E2f1	Q3THY0	True	False	False	False	False	False	A
Q61501	Q60795	E2f1	Nfe2l2	True	False	False	False	False	False	B
Q61501	Q02780	E2f1	Nfia	True	False	False	False	False	False	B
Q61501	P70255	E2f1	Nfic	True	False	False	False	False	False	B
Q61501	Q8R1F1	E2f1	Niban2	True	False	False	False	False	False	B
Q61501	Q6KCD5	E2f1	Nipbl	True	False	False	False	False	False	B
Q61501	Q8CEC5	E2f1	Nkiras1	True	False	False	False	False	False	B
Q61501	Q9R1M5	E2f1	Nlrp5	True	False	False	False	False	False	A
Q61501	Q3TZG8	E2f1	Q3TZG8	True	False	False	False	False	False	C
Q61501	P59240	E2f1	Nphp4	True	False	False	False	False	False	C
Q61501	Q9JI75	E2f1	Nqo2	True	False	False	False	False	False	B
Q61501	P49117	E2f1	Nr2c2	True	False	False	False	False	False	C
Q61501	P06537	E2f1	Nr3c1	True	False	False	False	False	False	B
Q61501	Q06219	E2f1	Nr4a2	True	False	False	False	False	False	B
Q61501	Q5HZK2	E2f1	Nrsn2	True	False	False	False	False	False	B
Q61501	Q8R4F1	E2f1	Ntng2	True	False	False	False	False	False	A
Q61501	E9Q3G8	E2f1	Nup153	True	False	False	False	False	False	B
Q61501	Q62052	E2f1	Oca2	True	False	False	False	False	False	A
Q61501	Q9WVG7	E2f1	Osr1	True	False	False	False	False	False	A
Q61501	A0A0R4J007	E2f1	A0A0R4J007	True	False	False	False	False	False	A
Q61501	Q9ET54	E2f1	Palld	True	False	False	False	False	False	C
Q61501	Q9Z0P4	E2f1	Palm	True	False	False	False	False	False	C
Q61501	O88428	E2f1	Papss2	True	False	False	False	False	False	C
Q61501	G3X8Q7	E2f1	G3X8Q7	True	False	False	False	False	False	A
Q61501	K3W4L7	E2f1	K3W4L7	True	False	False	False	False	False	C
Q61501	A0A0R4J1R7	E2f1	A0A0R4J1R7	True	False	False	False	False	False	A
Q61501	P60335	E2f1	Pcbp1	True	False	False	False	False	False	B
Q61501	Q3UK78	E2f1	Pcgf5	True	False	False	False	False	False	C
Q61501	Q9QYX7	E2f1	Pclo	True	False	False	False	False	False	C
Q61501	O88502	E2f1	Pde8a	True	False	False	False	False	False	B
Q61501	P20033	E2f1	Pdgfa	True	False	False	False	False	False	B
Q61501	Q9Z2A0	E2f1	Pdpk1	True	False	False	False	False	False	C
Q61501	Q4VA53	E2f1	Pds5b	True	False	False	False	False	False	C
Q61501	Q8K183	E2f1	Pdxk	True	False	False	False	False	False	A
Q61501	Q3URU2	E2f1	Peg3	True	False	False	False	False	False	A
Q61501	O35973	E2f1	Per1	True	False	False	False	False	False	B
Q61501	A2AUP1	E2f1	A2AUP1	True	False	False	False	False	False	B
Q61501	Q8K2W6	E2f1	Phf13	True	False	False	False	False	False	C
Q61501	Q6PDH0	E2f1	Phldb1	True	False	False	False	False	False	A
Q61501	O88907	E2f1	Pias1	True	False	False	False	False	False	C
Q61501	Q3TAA8	E2f1	Q3TAA8	True	False	False	False	False	False	A
Q61501	Q5SW28	E2f1	Pik3r5	True	False	False	False	False	False	A
Q61501	P06803	E2f1	Pim1	True	False	False	False	False	False	C
Q61501	P52480	E2f1	Pkm	True	False	False	False	False	False	C
Q61501	Q9ESG9	E2f1	Pkmyt1	True	False	False	False	False	False	B
Q61501	Q68FH0	E2f1	Pkp4	True	False	False	False	False	False	B
Q61501	P35456	E2f1	Plaur	True	False	False	False	False	False	A
Q61501	Q9QXS1	E2f1	Plec	True	False	False	False	False	False	B
Q61501	Q9QYE9	E2f1	Plekhb1	True	False	False	False	False	False	A
Q61501	Q91WB4	E2f1	Plekhf2	True	False	False	False	False	False	A
Q61501	Q9D3P8	E2f1	Plgrkt	True	False	False	False	False	False	C
Q61501	Q80UG2	E2f1	Plxna4	True	False	False	False	False	False	C
Q61501	Q9DC61	E2f1	Pmpca	True	False	False	False	False	False	C
Q61501	B2RXC6	E2f1	B2RXC6	True	False	False	False	False	False	A
Q61501	Q64693	E2f1	Pou2af1	True	False	False	False	False	False	A
Q61501	Q8CIH9	E2f1	Ppat	True	False	False	False	False	False	B
Q61501	H3BJB2	E2f1	H3BJB2	True	False	False	False	False	False	C
Q61501	Q925E7	E2f1	Ppp2r2d	True	False	False	False	False	False	A
Q61501	P48453	E2f1	Ppp3cb	True	False	False	False	False	False	C
Q61501	A0A286YD27	E2f1	A0A286YD27	True	False	False	False	False	False	C
Q61501	Q60636	E2f1	Prdm1	True	False	False	False	False	False	A
Q61501	P33610	E2f1	Prim2	True	False	False	False	False	False	A
Q61501	P97313	E2f1	Prkdc	True	False	False	False	False	False	A
Q61501	B1AT82	E2f1	B1AT82	True	False	False	False	False	False	B
Q61501	Q61115	E2f1	Ptch1	True	False	False	False	False	False	B
Q61501	P26350	E2f1	Ptma	True	False	False	False	False	False	C
Q61501	Q9D4I9	E2f1	Q9D4I9	True	False	False	False	False	False	C
Q61501	Q9ERI2	E2f1	Rab27a	True	False	False	False	False	False	B
Q61501	Q6PHN9	E2f1	Rab35	True	False	False	False	False	False	C
Q61501	Q8VHQ4	E2f1	Rab40c	True	False	False	False	False	False	A
Q61501	Q9QXK2	E2f1	Rad18	True	False	False	False	False	False	A
Q61501	Q9CZQ6	E2f1	Raet1e	True	False	False	False	False	False	B;D
Q61501	Q61818	E2f1	Rai1	True	False	False	False	False	False	B
Q61501	Q03385	E2f1	Ralgds	True	False	False	False	False	False	A
Q61501	Q8CJ96	E2f1	Rassf8	True	False	False	False	False	False	A
Q61501	Q64701	E2f1	Rbl1	True	False	False	False	False	False	C
Q61501	P31266	E2f1	Rbpj	True	False	False	False	False	False	C
Q61501	Q8VE37	E2f1	Rcc1	True	False	False	False	False	False	B
Q61501	Q8BK67	E2f1	Rcc2	True	False	False	False	False	False	B
Q61501	A4QPD3	E2f1	A4QPD3	True	False	False	False	False	False	C
Q61501	Q80TZ9	E2f1	Rere	True	False	False	False	False	False	B
Q61501	Q9WUK4	E2f1	Rfc2	True	False	False	False	False	False	A
Q61501	Q9CQE5	E2f1	Rgs10	True	False	False	False	False	False	C
Q61501	Q921J2	E2f1	Rheb	True	False	False	False	False	False	C
Q61501	Q9D304	E2f1	Rnf128	True	False	False	False	False	False	A
Q61501	Q8BI21	E2f1	Rnf38	True	False	False	False	False	False	B
Q61501	Q9CR57	E2f1	Rpl14	True	False	False	False	False	False	C
Q61501	Q6NXI6	E2f1	Rprd2	True	False	False	False	False	False	B
Q61501	Q99P72	E2f1	Rtn4	True	False	False	False	False	False	A
Q61501	Q8R4C2	E2f1	Rufy2	True	False	False	False	False	False	C
Q61501	P28705	E2f1	Rxrg	True	False	False	False	False	False	A
Q61501	J3QN61	E2f1	J3QN61	True	False	False	False	False	False	B
Q61501	Q8VI24	E2f1	Satb2	True	False	False	False	False	False	B
Q61501	E9PZM7	E2f1	E9PZM7	True	False	False	False	False	False	B
Q61501	Q5ND28	E2f1	Scarf1	True	False	False	False	False	False	A
Q61501	A0A0J9YTW4	E2f1	A0A0J9YTW4	True	False	False	False	False	False	A
Q61501	Q9WU39	E2f1	Scnn1g	True	False	False	False	False	False	C
Q61501	Q9CZC8	E2f1	Scrn1	True	False	False	False	False	False	C
Q61501	P18828	E2f1	Sdc1	True	False	False	False	False	False	B
Q61501	Q8BXT9	E2f1	Sec22c	True	False	False	False	False	False	B
Q61501	Q8R2U0	E2f1	Seh1l	True	False	False	False	False	False	C
Q61501	Q8BH69	E2f1	Sephs1	True	False	False	False	False	False	A
Q61501	A0A2R8VJU7	E2f1	A0A2R8VJU7	True	False	False	False	False	False	C
Q61501	Q9CY58	E2f1	Serbp1	True	False	False	False	False	False	B
Q61501	P84102	E2f1	Serf2	True	False	False	False	False	False	B
Q61501	Q9Z1W5	E2f1	Serp1	True	False	False	False	False	False	B
Q61501	Q60854	E2f1	Serpinb6	True	False	False	False	False	False	C
Q61501	Q9JJG5	E2f1	Sertad2	True	False	False	False	False	False	B
Q61501	Q9ERC3	E2f1	Sertad3	True	False	False	False	False	False	C
Q61501	E9PYH6	E2f1	Setd1a	True	False	False	False	False	False	C
Q61501	Q8VHL1	E2f1	Setd7	True	False	False	False	False	False	B
Q61501	Q9ERE3	E2f1	Sgk3	True	False	False	False	False	False	B
Q61501	Q8VCQ6	E2f1	Sgms1	True	False	False	False	False	False	B
Q61501	Q80U12	E2f1	Sgsm2	True	False	False	False	False	False	B
Q61501	O09039	E2f1	Sh2b3	True	False	False	False	False	False	C
Q61501	G5E849	E2f1	G5E849	True	False	False	False	False	False	A
Q61501	Q9ESU7	E2f1	Q9ESU7	True	False	False	False	False	False	B
Q61501	Q8BH59	E2f1	Slc25a12	True	False	False	False	False	False	B
Q61501	A2ASZ8	E2f1	Slc25a25	True	False	False	False	False	False	B
Q61501	Q1LZI2	E2f1	Slc35f3	True	False	False	False	False	False	A
Q61501	Q8BY79	E2f1	Slc35g1	True	False	False	False	False	False	A
Q61501	Q8K2P7	E2f1	Slc38a1	True	False	False	False	False	False	B
Q61501	Q8CFE6	E2f1	Slc38a2	True	False	False	False	False	False	B
Q61501	Q9QZ03	E2f1	Slc39a1	True	False	False	False	False	False	C
Q61501	P10852	E2f1	Slc3a2	True	False	False	False	False	False	B
Q61501	Q9D8F3	E2f1	Slc52a2	True	False	False	False	False	False	C
Q61501	Q9D687	E2f1	Slc6a19	True	False	False	False	False	False	A
Q61501	Q6P1D7	E2f1	Slx4	True	False	False	False	False	False	A
Q61501	Q8BUN5	E2f1	Smad3	True	False	False	False	False	False	B
Q61501	O35182	E2f1	Smad6	True	False	False	False	False	False	B
Q61501	A0A140LIK7	E2f1	A0A140LIK7	True	False	False	False	False	False	B
Q61501	Q8CG47	E2f1	Smc4	True	False	False	False	False	False	C
Q61501	A0A0R4J0N0	E2f1	A0A0R4J0N0	True	False	False	False	False	False	C
Q61501	P61807	E2f1	Snn	True	False	False	False	False	False	C
Q61501	Q61235	E2f1	Sntb2	True	False	False	False	False	False	A
Q61501	A0A0G2JDT3	E2f1	A0A0G2JDT3	True	False	False	False	False	False	B
Q61501	O35717	E2f1	Socs2	True	False	False	False	False	False	A
Q61501	P09671	E2f1	Sod2	True	False	False	False	False	False	B
Q61501	Q04890	E2f1	Sox12	True	False	False	False	False	False	B
Q61501	Q80ZX8	E2f1	Spag1	True	False	False	False	False	False	B
Q61501	A0A0J9YTU3	E2f1	A0A0J9YTU3	True	False	False	False	False	False	B
Q61501	Q8BKQ3	E2f1	Q8BKQ3	True	False	False	False	False	False	A
Q61501	Q9WTP2	E2f1	Spry4	True	False	False	False	False	False	C
Q61501	B7ZWI4	E2f1	B7ZWI4	True	False	False	False	False	False	C
Q61501	A0A087WQ44	E2f1	A0A087WQ44	True	False	False	False	False	False	C
Q61501	Q9WTN3	E2f1	Srebf1	True	False	False	False	False	False	C
Q61501	Q3U4B1	E2f1	Q3U4B1	True	False	False	False	False	False	B
Q61501	Q8BV57	E2f1	Ssc5d	True	False	False	False	False	False	C
Q61501	P30873	E2f1	Sstr1	True	False	False	False	False	False	A
Q61501	Q99L47	E2f1	St13	True	False	False	False	False	False	A
Q61501	Q64685	E2f1	St6gal1	True	False	False	False	False	False	C
Q61501	P70297	E2f1	Stam	True	False	False	False	False	False	A
Q61501	Q9WTK7	E2f1	Stk11	True	False	False	False	False	False	C
Q61501	A0A1W2P6E3	E2f1	A0A1W2P6E3	True	False	False	False	False	False	A
Q61501	P61264	E2f1	Stx1b	True	False	False	False	False	False	C
Q61501	Q9WUM5	E2f1	Suclg1	True	False	False	False	False	False	A
Q61501	Q6ZWQ0	E2f1	Syne2	True	False	False	False	False	False	A
Q61501	E0CYK1	E2f1	E0CYK1	True	False	False	False	False	False	C
Q61501	O09117	E2f1	Sypl1	True	False	False	False	False	False	C
Q61501	Q9R0N7	E2f1	Syt7	True	False	False	False	False	False	C
Q61501	Q8BQ46	E2f1	Q8BQ46	True	False	False	False	False	False	B
Q61501	Q9D4V4	E2f1	Taf1d	True	False	False	False	False	False	B
Q61501	Q91WQ5	E2f1	Taf5l	True	False	False	False	False	False	A
Q61501	A2ABG4	E2f1	A2ABG4	True	False	False	False	False	False	A
Q61501	A0A2R8W6R9	E2f1	A0A2R8W6R9	True	False	False	False	False	False	B
Q61501	Q9JKX3	E2f1	Tfr2	True	False	False	False	False	False	C
Q61501	P70284	E2f1	Tgif1	True	False	False	False	False	False	B
Q61501	A0A0R4J0J6	E2f1	A0A0R4J0J6	True	False	False	False	False	False	A
Q61501	Q91WA1	E2f1	Tipin	True	False	False	False	False	False	B
Q61501	Q99JT6	E2f1	Tlcd1	True	False	False	False	False	False	C
Q61501	Q7TNV1	E2f1	Tlcd3b	True	False	False	False	False	False	C
Q61501	Q08122	E2f1	Tle3	True	False	False	False	False	False	B
Q61501	D3Z0A5	E2f1	D3Z0A5	True	False	False	False	False	False	A
Q61501	Q9D2C7	E2f1	Tmbim6	True	False	False	False	False	False	B
Q61501	Q9D9D5	E2f1	Tmco5a	True	False	False	False	False	False	A
Q61501	Q922P8	E2f1	Tmem132a	True	False	False	False	False	False	A
Q61501	Q8C2L6	E2f1	Tmem161b	True	False	False	False	False	False	C
Q61501	Q9JJG6	E2f1	Tmem47	True	False	False	False	False	False	A
Q61501	Q61029	E2f1	Tmpo	True	False	False	False	False	False	B
Q61501	Q61033	E2f1	Tmpo	True	False	False	False	False	False	B
Q61501	Q8BFY9	E2f1	Tnpo1	True	False	False	False	False	False	B
Q61501	Q9JM55	E2f1	Tob2	True	False	False	False	False	False	B
Q61501	Q9ER41	E2f1	Tor1b	True	False	False	False	False	False	A
Q61501	Q99MU1	E2f1	Tpra1	True	False	False	False	False	False	B
Q61501	Q8N7N6	E2f1	Traf3ip2	True	False	False	False	False	False	B
Q61501	Q3U0M1	E2f1	Trappc9	True	False	False	False	False	False	B
Q61501	Q0KL02	E2f1	Trio	True	False	False	False	False	False	B
Q61501	Q80UN9	E2f1	Trit1	True	False	False	False	False	False	A
Q61501	Q9QZC1	E2f1	Trpc3	True	False	False	False	False	False	C
Q61501	Q91YD4	E2f1	Trpm2	True	False	False	False	False	False	A
Q61501	Q99L96	E2f1	Q99L96	True	False	False	False	False	False	C
Q61501	Q7TQI8	E2f1	Tspyl2	True	False	False	False	False	False	C
Q61501	Q8BGB2	E2f1	Ttc7a	True	False	False	False	False	False	B
Q61501	Q5NC05	E2f1	Ttf2	True	False	False	False	False	False	B
Q61501	Q80UG8	E2f1	Ttll4	True	False	False	False	False	False	C
Q61501	Q673H1	E2f1	Tusc1	True	False	False	False	False	False	B
Q61501	Q6P6J9	E2f1	Txndc15	True	False	False	False	False	False	A
Q61501	Q8CDN6	E2f1	Txnl1	True	False	False	False	False	False	C
Q61501	Q9CY34	E2f1	Ube2f	True	False	False	False	False	False	C
Q61501	Q9DC60	E2f1	Ubiad1	True	False	False	False	False	False	C
Q61501	Q4G0F8	E2f1	Ubn1	True	False	False	False	False	False	A
Q61501	Q811S7	E2f1	Ubp1	True	False	False	False	False	False	A
Q61501	Q99PM9	E2f1	Uck2	True	False	False	False	False	False	B
Q61501	A0A0R4J073	E2f1	A0A0R4J073	True	False	False	False	False	False	B
Q61501	Q8BW70	E2f1	Usp38	True	False	False	False	False	False	C
Q61501	Q3TIX9	E2f1	Usp39	True	False	False	False	False	False	B
Q61501	A0A1W2P8G5	E2f1	A0A1W2P8G5	True	False	False	False	False	False	A
Q61501	Q60992	E2f1	Vav2	True	False	False	False	False	False	B
Q61501	Q01853	E2f1	Vcp	True	False	False	False	False	False	A
Q61501	A1A535	E2f1	Veph1	True	False	False	False	False	False	B
Q61501	Q99KU0	E2f1	Vmp1	True	False	False	False	False	False	A
Q61501	O35075	E2f1	Vps26c	True	False	False	False	False	False	B
Q61501	I1E4X5	E2f1	I1E4X5	True	False	False	False	False	False	A
Q61501	P97390	E2f1	Vps45	True	False	False	False	False	False	C
Q61501	Q9CR26	E2f1	Vta1	True	False	False	False	False	False	C
Q61501	E9Q349	E2f1	Wdr25	True	False	False	False	False	False	A
Q61501	Q5ND34	E2f1	Wdr81	True	False	False	False	False	False	C
Q61501	Q80ZK9	E2f1	Wdtc1	True	False	False	False	False	False	C
Q61501	P83741	E2f1	Wnk1	True	False	False	False	False	False	B
Q61501	F6W8I0	E2f1	Yjefn3	True	False	False	False	False	False	C
Q61501	O88967	E2f1	Yme1l1	True	False	False	False	False	False	A
Q61501	P63101	E2f1	Ywhaz	True	False	False	False	False	False	B
Q61501	Q08376	E2f1	Zbtb14	True	False	False	False	False	False	B
Q61501	Q64321	E2f1	Zbtb7b	True	False	False	False	False	False	B
Q61501	E9Q8K8	E2f1	E9Q8K8	True	False	False	False	False	False	C
Q61501	Q6IR42	E2f1	Zcwpw1	True	False	False	False	False	False	B
Q61501	Q6P1E1	E2f1	Zmiz1	True	False	False	False	False	False	B
Q61501	Q9CU65	E2f1	Zmym2	True	False	False	False	False	False	A
Q61501	A2A484	E2f1	A2A484	True	False	False	False	False	False	C
Q61501	Q8K3J5	E2f1	Znf131	True	False	False	False	False	False	B
Q61501	Q3U0X6	E2f1	Q3U0X6	True	False	False	False	False	False	B
Q61501	Q68FE8	E2f1	Znf280d	True	False	False	False	False	False	B
Q61501	Q9Z2U2	E2f1	Zfp292	True	False	False	False	False	False	A
Q61501	Q0VDT2	E2f1	Znf367	True	False	False	False	False	False	C
Q61501	Q8C0P7	E2f1	Znf451	True	False	False	False	False	False	C
Q61501	Q6YND2	E2f1	Znf653	True	False	False	False	False	False	C
Q61501	Q9DAU9	E2f1	Znf654	True	False	False	False	False	False	A
Q61501	Q8R151	E2f1	Znfx1	True	False	False	False	False	False	C
P56931	A0A0R4J009	E2f2	A0A0R4J009	True	False	False	False	False	False	C
P56931	Q7JJ13	E2f2	Brd2	True	False	False	False	False	False	C
P56931	Q6P1H7	E2f2	Q6P1H7	True	False	False	False	False	False	B
P56931	Q9Z0F1	E2f2	Gnas	True	False	False	False	False	False	C
P56931	Q6R0H6	E2f2	Gnas	True	False	False	False	False	False	C
P56931	P63094	E2f2	Gnas	True	False	False	False	False	False	C
P56931	Q6R0H7	E2f2	Gnas	True	False	False	False	False	False	C
P56931	Q80ZI6	E2f2	Lrsam1	True	False	False	False	False	False	C
P56931	Q8BFY6	E2f2	Pef1	True	False	False	False	False	False	C
Q8R0K9	E9Q6G4	E2f4	E9Q6G4	True	False	False	False	False	False	B
Q8R0K9	Q9DC29	E2f4	Abcb6	True	False	False	False	False	False	C
Q8R0K9	Q64343	E2f4	Abcg1	True	False	False	False	False	False	C
Q8R0K9	Q8JZN5	E2f4	Acad9	True	False	False	False	False	False	C
Q8R0K9	Q6NXL5	E2f4	Q6NXL5	True	False	False	False	False	False	C
Q8R0K9	Q9CZW4	E2f4	Acsl3	True	False	False	False	False	False	C
Q8R0K9	P60710	E2f4	Actb	True	False	False	False	False	False	B
Q8R0K9	Q9Z2N8	E2f4	Actl6a	True	False	False	False	False	False	C
Q8R0K9	A0A0A0MQ89	E2f4	A0A0A0MQ89	True	False	False	False	False	False	A
Q8R0K9	Q80WC7	E2f4	Agfg2	True	False	False	False	False	False	B
Q8R0K9	Q8K3K7	E2f4	Agpat2	True	False	False	False	False	False	C
Q8R0K9	Q9D517	E2f4	Agpat3	True	False	False	False	False	False	B
Q8R0K9	Q8BWF0	E2f4	Aldh5a1	True	False	False	False	False	False	A
Q8R0K9	P05064	E2f4	Aldoa	True	False	False	False	False	False	B
Q8R0K9	Q8BTZ4	E2f4	Anapc5	True	False	False	False	False	False	B
Q8R0K9	Q8K298	E2f4	Anln	True	False	False	False	False	False	A
Q8R0K9	Q9EST5	E2f4	Anp32b	True	False	False	False	False	False	B
Q8R0K9	Q501J2	E2f4	Antkmt	True	False	False	False	False	False	A
Q8R0K9	Q80V94	E2f4	Ap4e1	True	False	False	False	False	False	C
Q8R0K9	Q00623	E2f4	Apoa1	True	False	False	False	False	False	C
Q8R0K9	P08030	E2f4	Aprt	True	False	False	False	False	False	A
Q8R0K9	B7ZCJ0	E2f4	B7ZCJ0	True	False	False	False	False	False	B
Q8R0K9	Q6ZQ82	E2f4	Arhgap26	True	False	False	False	False	False	C
Q8R0K9	Q66JY6	E2f4	Arhgef39	True	False	False	False	False	False	B
Q8R0K9	A2BH40	E2f4	Arid1a	True	False	False	False	False	False	B
Q8R0K9	Q3UJZ3	E2f4	Armc7	True	False	False	False	False	False	C
Q8R0K9	Q8CJ27	E2f4	Aspm	True	False	False	False	False	False	B
Q8R0K9	G3X963	E2f4	G3X963	True	False	False	False	False	False	B
Q8R0K9	Q8C0J2	E2f4	Atg16l1	True	False	False	False	False	False	B
Q8R0K9	Q91YH5	E2f4	Atl3	True	False	False	False	False	False	C
Q8R0K9	P56379	E2f4	Atp5mj	True	False	False	False	False	False	C
Q8R0K9	P15920	E2f4	Atp6v0a2	True	False	False	False	False	False	C
Q8R0K9	D3YXQ5	E2f4	D3YXQ5	True	False	False	False	False	False	C
Q8R0K9	A0A286YCV0	E2f4	A0A286YCV0	True	False	False	False	False	False	C
Q8R0K9	P15535	E2f4	B4galt1	True	False	False	False	False	False	C
Q8R0K9	P97302	E2f4	Bach1	True	False	False	False	False	False	A
Q8R0K9	Q9Z0H7	E2f4	Bcl10	True	False	False	False	False	False	C
Q8R0K9	Q9QYE3	E2f4	Bcl11a	True	False	False	False	False	False	A
Q8R0K9	O54918	E2f4	Bcl2l11	True	False	False	False	False	False	B
Q8R0K9	A0A140LHC2	E2f4	A0A140LHC2	True	False	False	False	False	False	B
Q8R0K9	Q8CGN4	E2f4	Bcor	True	False	False	False	False	False	B
Q8R0K9	Q6PAJ1	E2f4	Bcr	True	False	False	False	False	False	B
Q8R0K9	O35185	E2f4	Bhlhe40	True	False	False	False	False	False	B
Q8R0K9	Q8CBX9	E2f4	Bivm	True	False	False	False	False	False	C
Q8R0K9	O88700	E2f4	Blm	True	False	False	False	False	False	C
Q8R0K9	P97929	E2f4	Brca2	True	False	False	False	False	False	B
Q8R0K9	Q7JJ13	E2f4	Brd2	True	False	False	False	False	False	B
Q8R0K9	Q5SXJ3	E2f4	Brip1	True	False	False	False	False	False	B
Q8R0K9	Q3V3I5	E2f4	Gm525	True	False	False	False	False	False	C
Q8R0K9	Q8K207	E2f4	Q8K207	True	False	False	False	False	False	C
Q8R0K9	Q6IR41	E2f4	C1qtnf6	True	False	False	False	False	False	C
Q8R0K9	Q8VE95	E2f4	Q8VE95	True	False	False	False	False	False	C
Q8R0K9	P14211	E2f4	Calr	True	False	False	False	False	False	A
Q8R0K9	Q6ZQ38	E2f4	Cand1	True	False	False	False	False	False	B
Q8R0K9	P35564	E2f4	Canx	True	False	False	False	False	False	C
Q8R0K9	Q9CR86	E2f4	Carhsp1	True	False	False	False	False	False	C
Q8R0K9	Q9ER72	E2f4	Cars1	True	False	False	False	False	False	B
Q8R0K9	P97864	E2f4	Casp7	True	False	False	False	False	False	C
Q8R0K9	P49817	E2f4	Cav1	True	False	False	False	False	False	A
Q8R0K9	D3Z313	E2f4	D3Z313	True	False	False	False	False	False	B
Q8R0K9	Q8C7V8	E2f4	Ccdc134	True	False	False	False	False	False	C
Q8R0K9	P30282	E2f4	Ccnd3	True	False	False	False	False	False	B
Q8R0K9	Q9Z238	E2f4	Ccne2	True	False	False	False	False	False	B
Q8R0K9	P51944	E2f4	Ccnf	True	False	False	False	False	False	B
Q8R0K9	O08918	E2f4	Ccng2	True	False	False	False	False	False	B
Q8R0K9	P80316	E2f4	Cct5	True	False	False	False	False	False	B
Q8R0K9	Q9CZP7	E2f4	Cdc37l1	True	False	False	False	False	False	A
Q8R0K9	Q9Z1X9	E2f4	Cdc45	True	False	False	False	False	False	A
Q8R0K9	Q9Z0H0	E2f4	Cdc7	True	False	False	False	False	False	C
Q8R0K9	Q14B71	E2f4	Cdca2	True	False	False	False	False	False	B
Q8R0K9	Q9CPY3	E2f4	Cdca5	True	False	False	False	False	False	B
Q8R0K9	Q8BWD8	E2f4	Cdk19	True	False	False	False	False	False	B
Q8R0K9	O35216	E2f4	Cenpa	True	False	False	False	False	False	B
Q8R0K9	E9QKK1	E2f4	E9QKK1	True	False	False	False	False	False	A
Q8R0K9	Q9CQA0	E2f4	Cenpm	True	False	False	False	False	False	B
Q8R0K9	Q8C4M7	E2f4	Cenpu	True	False	False	False	False	False	B
Q8R0K9	A2AUM9	E2f4	Cep152	True	False	False	False	False	False	B
Q8R0K9	Q8CEE0	E2f4	Cep57	True	False	False	False	False	False	B
Q8R0K9	Q8C0D9	E2f4	Cep68	True	False	False	False	False	False	C
Q8R0K9	Q8BMK0	E2f4	Cep85	True	False	False	False	False	False	C
Q8R0K9	Q8BHG9	E2f4	Cggbp1	True	False	False	False	False	False	B
Q8R0K9	Q8BYH8	E2f4	Chd9	True	False	False	False	False	False	B
Q8R0K9	Q9JKP8	E2f4	Chrac1	True	False	False	False	False	False	C
Q8R0K9	K3W4R5	E2f4	K3W4R5	True	False	False	False	False	False	B
Q8R0K9	O35492	E2f4	Clk3	True	False	False	False	False	False	B
Q8R0K9	Q80YR7	E2f4	Clspn	True	False	False	False	False	False	C
Q8R0K9	Q9CPZ8	E2f4	Cmc1	True	False	False	False	False	False	C
Q8R0K9	Q9CZ69	E2f4	Cmtm6	True	False	False	False	False	False	C
Q8R0K9	Q9D8X5	E2f4	Cnot8	True	False	False	False	False	False	B
Q8R0K9	Q9JKY0	E2f4	Cnot9	True	False	False	False	False	False	B
Q8R0K9	Q8BIG7	E2f4	Comtd1	True	False	False	False	False	False	B
Q8R0K9	Q8BV13	E2f4	Cops7b	True	False	False	False	False	False	C
Q8R0K9	P36552	E2f4	Cpox	True	False	False	False	False	False	C
Q8R0K9	Q9EPU4	E2f4	Cpsf1	True	False	False	False	False	False	C
Q8R0K9	O88668	E2f4	Creg1	True	False	False	False	False	False	A
Q8R0K9	A0A0G2JG52	E2f4	A0A0G2JG52	True	False	False	False	False	False	B
Q8R0K9	Q9ERK4	E2f4	Cse1l	True	False	False	False	False	False	A
Q8R0K9	V9GX34	E2f4	V9GX34	True	False	False	False	False	False	C
Q8R0K9	Q8BG15	E2f4	Ctdspl2	True	False	False	False	False	False	B
Q8R0K9	Q8VCN5	E2f4	Cth	True	False	False	False	False	False	A
Q8R0K9	P06797	E2f4	Ctsl	True	False	False	False	False	False	C
Q8R0K9	Q9D8X1	E2f4	Cutc	True	False	False	False	False	False	A
Q8R0K9	Q91WA4	E2f4	Cxxc5	True	False	False	False	False	False	B
Q8R0K9	Q9QZ41	E2f4	Dbf4	True	False	False	False	False	False	A
Q8R0K9	Q80TR8	E2f4	Dcaf1	True	False	False	False	False	False	C
Q8R0K9	Q9CWS0	E2f4	Ddah1	True	False	False	False	False	False	C
Q8R0K9	Q80Y98	E2f4	Ddhd2	True	False	False	False	False	False	C
Q8R0K9	Q8VDW0	E2f4	Ddx39a	True	False	False	False	False	False	B
Q8R0K9	Q9DBN9	E2f4	Ddx59	True	False	False	False	False	False	C
Q8R0K9	Q8BH88	E2f4	Depdc1b	True	False	False	False	False	False	B
Q8R0K9	P61460	E2f4	Depdc5	True	False	False	False	False	False	C
Q8R0K9	Q8BNI4	E2f4	Derl2	True	False	False	False	False	False	A
Q8R0K9	O35286	E2f4	Dhx15	True	False	False	False	False	False	B
Q8R0K9	D3Z7D3	E2f4	D3Z7D3	True	False	False	False	False	False	B
Q8R0K9	A0A0R4J0G7	E2f4	A0A0R4J0G7	True	False	False	False	False	False	B
Q8R0K9	Q61483	E2f4	Dll1	True	False	False	False	False	False	C
Q8R0K9	Q8BG36	E2f4	Dmrt2	True	False	False	False	False	False	C
Q8R0K9	Q6ZQJ5	E2f4	Dna2	True	False	False	False	False	False	B
Q8R0K9	Q14AI0	E2f4	DSCC1	True	False	False	False	False	False	B
Q8R0K9	O09112	E2f4	Dusp8	True	False	False	False	False	False	C
Q8R0K9	Q58FA4	E2f4	E2f8	True	False	False	False	False	False	A
Q8R0K9	Q8CCE9	E2f4	E4f1	True	False	False	False	False	False	B
Q8R0K9	Q9JHW4	E2f4	Eefsec	True	False	False	False	False	False	C
Q8R0K9	Q8C845	E2f4	Q8C845	True	False	False	False	False	False	B
Q8R0K9	O08545	E2f4	Efna3	True	False	False	False	False	False	C
Q8R0K9	P43300	E2f4	Egr3	True	False	False	False	False	False	C
Q8R0K9	Q9WVK4	E2f4	Ehd1	True	False	False	False	False	False	B
Q8R0K9	Q99LD9	E2f4	Eif2b2	True	False	False	False	False	False	A
Q8R0K9	Q9WUK2	E2f4	Eif4h	True	False	False	False	False	False	A
Q8R0K9	Q9JHC9	E2f4	Elf2	True	False	False	False	False	False	B
Q8R0K9	P41969	E2f4	Elk1	True	False	False	False	False	False	C
Q8R0K9	Q99L85	E2f4	Elp5	True	False	False	False	False	False	B
Q8R0K9	Q99KI3	E2f4	Emc3	True	False	False	False	False	False	B
Q8R0K9	Q7TNG5	E2f4	Eml2	True	False	False	False	False	False	B
Q8R0K9	P07903	E2f4	Ercc1	True	False	False	False	False	False	C
Q8R0K9	Q9DC16	E2f4	Ergic1	True	False	False	False	False	False	B
Q8R0K9	Q9D405	E2f4	Q9D405	True	False	False	False	False	False	B
Q8R0K9	Q3U7R1	E2f4	Esyt1	True	False	False	False	False	False	B
Q8R0K9	Q9QZ11	E2f4	Exo1	True	False	False	False	False	False	B
Q8R0K9	Q9D753	E2f4	Exosc8	True	False	False	False	False	False	B
Q8R0K9	P26040	E2f4	Ezr	True	False	False	False	False	False	C
Q8R0K9	A2ACJ2	E2f4	Faap100	True	False	False	False	False	False	B
Q8R0K9	Q9Z0R9	E2f4	Fads2	True	False	False	False	False	False	B
Q8R0K9	Q9D2L9	E2f4	Fam111a	True	False	False	False	False	False	B
Q8R0K9	Q9D8B6	E2f4	Fam210b	True	False	False	False	False	False	A
Q8R0K9	Q8BXQ8	E2f4	Fam53c	True	False	False	False	False	False	B
Q8R0K9	Q9JL70	E2f4	Fanca	True	False	False	False	False	False	B
Q8R0K9	E0CXC4	E2f4	E0CXC4	True	False	False	False	False	False	A
Q8R0K9	P19096	E2f4	Fasn	True	False	False	False	False	False	B
Q8R0K9	Q6PB97	E2f4	Fbxl19	True	False	False	False	False	False	B
Q8R0K9	Q9CZV8	E2f4	Fbxl20	True	False	False	False	False	False	B
Q8R0K9	Q8C4V4	E2f4	Fbxl3	True	False	False	False	False	False	C
Q8R0K9	Q8C2S5	E2f4	Fbxl5	True	False	False	False	False	False	B
Q8R0K9	Q80XI1	E2f4	Fbxo34	True	False	False	False	False	False	C
Q8R0K9	Q6P9Q4	E2f4	Fhod1	True	False	False	False	False	False	B
Q8R0K9	Q9WTJ4	E2f4	Fiz1	True	False	False	False	False	False	B
Q8R0K9	Q6P9Q6	E2f4	Fkbp15	True	False	False	False	False	False	C
Q8R0K9	Q64378	E2f4	Fkbp5	True	False	False	False	False	False	B
Q8R0K9	Q8CI03	E2f4	Flywch1	True	False	False	False	False	False	C
Q8R0K9	E9QAS8	E2f4	E9QAS8	True	False	False	False	False	False	C
Q8R0K9	Q8K274	E2f4	Fn3krp	True	False	False	False	False	False	C
Q8R0K9	Q9WVH4	E2f4	Foxo3	True	False	False	False	False	False	B
Q8R0K9	Q61553	E2f4	Fscn1	True	False	False	False	False	False	B
Q8R0K9	P47931	E2f4	Fst	True	False	False	False	False	False	A
Q8R0K9	Q00422	E2f4	Gabpa	True	False	False	False	False	False	A
Q8R0K9	P48316	E2f4	Gadd45a	True	False	False	False	False	False	A
Q8R0K9	Q8BKT3	E2f4	Gcfc2	True	False	False	False	False	False	C
Q8R0K9	Q91WK5	E2f4	Gcsh	True	False	False	False	False	False	C
Q8R0K9	Q8BMI4	E2f4	Gen1	True	False	False	False	False	False	B
Q8R0K9	Q9Z0L8	E2f4	Ggh	True	False	False	False	False	False	B
Q8R0K9	Q9CZ15	E2f4	Gins1	True	False	False	False	False	False	A
Q8R0K9	Q91W43	E2f4	Gldc	True	False	False	False	False	False	C
Q8R0K9	Q571F8	E2f4	Gls2	True	False	False	False	False	False	C
Q8R0K9	Q9Z0F1	E2f4	Gnas	True	False	False	False	False	False	A
Q8R0K9	Q6R0H6	E2f4	Gnas	True	False	False	False	False	False	A
Q8R0K9	P63094	E2f4	Gnas	True	False	False	False	False	False	A
Q8R0K9	Q6R0H7	E2f4	Gnas	True	False	False	False	False	False	A
Q8R0K9	P62874	E2f4	Gnb1	True	False	False	False	False	False	C
Q8R0K9	A0A140T8R4	E2f4	A0A140T8R4	True	False	False	False	False	False	A
Q8R0K9	Q61858	E2f4	Gpank1	True	False	False	False	False	False	A
Q8R0K9	Q80ZU9	E2f4	Gpr137	True	False	False	False	False	False	B
Q8R0K9	Q8C206	E2f4	Gpr157	True	False	False	False	False	False	C
Q8R0K9	Q3UNH4	E2f4	Gprin1	True	False	False	False	False	False	C
Q8R0K9	Q91Z53	E2f4	Grhpr	True	False	False	False	False	False	C
Q8R0K9	Q8VEB1	E2f4	Grk5	True	False	False	False	False	False	C
Q8R0K9	D3YZK8	E2f4	D3YZK8	True	False	False	False	False	False	C
Q8R0K9	Q3U3C9	E2f4	Gse1	True	False	False	False	False	False	B
Q8R0K9	Q5RL51	E2f4	Gstcd	True	False	False	False	False	False	C
Q8R0K9	O09131	E2f4	Gsto1	True	False	False	False	False	False	C
Q8R0K9	Q99PM3	E2f4	Gtf2a1	True	False	False	False	False	False	B
Q8R0K9	Q3THK3	E2f4	Gtf2f1	True	False	False	False	False	False	C
Q8R0K9	Q923K4	E2f4	Gtpbp3	True	False	False	False	False	False	B
Q8R0K9	P15864	E2f4	H1-2	True	False	False	False	False	False	B
Q8R0K9	P0C0S6	E2f4	H2az1	True	False	False	False	False	False	C
Q8R0K9	Q3THW5	E2f4	H2az2	True	False	False	False	False	False	C
Q8R0K9	Q64525	E2f4	H2bc18	True	False	False	False	False	False	A
Q8R0K9	P10854	E2f4	H2bc14	True	False	False	False	False	False	A
Q8R0K9	Q6ZWY9	E2f4	H2bc4; H2bc6; H2bc8	True	False	False	False	False	False	A
Q8R0K9	Q9DB32	E2f4	Haghl	True	False	False	False	False	False	A
Q8R0K9	Q8QZX2	E2f4	Haus3	True	False	False	False	False	False	B
Q8R0K9	Q99L00	E2f4	Haus8	True	False	False	False	False	False	C
Q8R0K9	P35428	E2f4	Hes1	True	False	False	False	False	False	B
Q8R0K9	Q9JLR9	E2f4	Higd1a	True	False	False	False	False	False	C
Q8R0K9	O88904	E2f4	Hipk1	True	False	False	False	False	False	C
Q8R0K9	Q61666	E2f4	Hira	True	False	False	False	False	False	C
Q8R0K9	P17710	E2f4	Hk1	True	False	False	False	False	False	C
Q8R0K9	P22907	E2f4	Hmbs	True	False	False	False	False	False	B
Q8R0K9	P30681	E2f4	Hmgb2	True	False	False	False	False	False	B
Q8R0K9	O54879	E2f4	Hmgb3	True	False	False	False	False	False	A
Q8R0K9	Q00547	E2f4	Hmmr	True	False	False	False	False	False	A
Q8R0K9	Q9CX86	E2f4	Hnrnpa0	True	False	False	False	False	False	B
Q8R0K9	Q20BD0	E2f4	Q20BD0	True	False	False	False	False	False	B
Q8R0K9	Q60668	E2f4	Hnrnpd	True	False	False	False	False	False	A
Q8R0K9	Q9Z2X1	E2f4	Hnrnpf	True	False	False	False	False	False	B
Q8R0K9	Q8R081	E2f4	Hnrnpl	True	False	False	False	False	False	B
Q8R0K9	Q8VDM6	E2f4	Hnrnpul1	True	False	False	False	False	False	B
Q8R0K9	Q9Z2Y3	E2f4	Homer1	True	False	False	False	False	False	C
Q8R0K9	Q60625	E2f4	Icam5	True	False	False	False	False	False	B
Q8R0K9	O89113	E2f4	Ier5	True	False	False	False	False	False	B
Q8R0K9	O35664	E2f4	Ifnar2	True	False	False	False	False	False	A
Q8R0K9	P19182	E2f4	Ifrd1	True	False	False	False	False	False	C
Q8R0K9	Q5SF07	E2f4	Igf2bp2	True	False	False	False	False	False	B
Q8R0K9	O88522	E2f4	Ikbkg	True	False	True	True	False	True	A
Q8R0K9	Q9QXV3	E2f4	Ing1	True	False	False	False	False	False	C
Q8R0K9	Q9ESK4	E2f4	Ing2	True	False	False	False	False	False	B
Q8R0K9	Q9D8Y8	E2f4	Ing5	True	False	False	False	False	False	B
Q8R0K9	Q3TXT3	E2f4	Inip	True	False	False	False	False	False	C
Q8R0K9	Q8K2V6	E2f4	Ipo11	True	False	False	False	False	False	B
Q8R0K9	F8VQ29	E2f4	F8VQ29	True	False	False	False	False	False	B
Q8R0K9	P15314	E2f4	Irf1	True	False	False	False	False	False	C
Q8R0K9	Q8R3Y8	E2f4	Irf2bp1	True	False	False	False	False	False	C
Q8R0K9	E9Q1P8	E2f4	Irf2bp2	True	False	False	False	False	False	B
Q8R0K9	P23611	E2f4	Irf8	True	False	False	False	False	False	C
Q8R0K9	Q9CXV0	E2f4	Isl2	True	False	False	False	False	False	C
Q8R0K9	Q9CQ82	E2f4	Itgb3bp	True	False	False	False	False	False	A
Q8R0K9	Q6ZPI0	E2f4	Jade1	True	False	False	False	False	False	B
Q8R0K9	Q8K0T4	E2f4	Katnal1	True	False	True	True	False	True	A
Q8R0K9	Q8BJ66	E2f4	Kazald1	True	False	False	False	False	False	B
Q8R0K9	P62482	E2f4	Kcnab2	True	False	False	False	False	False	B
Q8R0K9	Q03717	E2f4	Kcnb1	True	False	False	False	False	False	C
Q8R0K9	Q8R1C0	E2f4	Kcnc4	True	False	False	False	False	False	C
Q8R0K9	H3BKP8	E2f4	H3BKP8	True	False	False	False	False	False	C
Q8R0K9	A0A1Y7VME9	E2f4	A0A1Y7VME9	True	False	False	False	False	False	C
Q8R0K9	Q6P9P6	E2f4	Kif11	True	False	False	False	False	False	B
Q8R0K9	Q6PFD6	E2f4	Kif18b	True	False	False	False	False	False	B
Q8R0K9	P97329	E2f4	Kif20a	True	False	False	False	False	False	B
Q8R0K9	O89091	E2f4	Klf10	True	False	False	False	False	False	A
Q8R0K9	Q8K1S5	E2f4	Klf11	True	False	False	False	False	False	C
Q8R0K9	Q8R2P1	E2f4	Klhl25	True	False	False	False	False	False	B
Q8R0K9	Q6Q783	E2f4	Kmt5c	True	False	False	False	False	False	B
Q8R0K9	P70168	E2f4	Kpnb1	True	False	False	False	False	False	B
Q8R0K9	P16045	E2f4	Lgals1	True	False	False	False	False	False	A
Q8R0K9	Q8R055	E2f4	Q8R055	True	False	False	False	False	False	B
Q8R0K9	P14733	E2f4	Lmnb1	True	False	False	False	False	False	B
Q8R0K9	P61969	E2f4	Lmo4	True	False	False	False	False	False	C
Q8R0K9	Q3TYD6	E2f4	Lmtk2	True	False	False	False	False	False	C
Q8R0K9	Q91YX5	E2f4	Lpgat1	True	False	False	False	False	False	C
Q8R0K9	Q8VI56	E2f4	Lrp4	True	False	False	False	False	False	B
Q8R0K9	Q8VC16	E2f4	Lrrc14	True	False	False	False	False	False	B
Q8R0K9	Q80X72	E2f4	Lrrc15	True	False	False	False	False	False	C
Q8R0K9	P59034	E2f4	Lrrc3	True	False	False	False	False	False	C
Q8R0K9	Q3UZ39	E2f4	Lrrfip1	True	False	False	False	False	False	C
Q8R0K9	Q6A009	E2f4	Ltn1	True	False	False	False	False	False	C
Q8R0K9	Q9CYI4	E2f4	Luc7l	True	False	True	True	False	True	A
Q8R0K9	Q9DCX1	E2f4	Mad2l1bp	True	False	False	False	False	False	B
Q8R0K9	Q9D752	E2f4	Mad2l2	True	False	False	False	False	False	B
Q8R0K9	Q4VC33	E2f4	Maea	True	False	False	False	False	False	B
Q8R0K9	P27046	E2f4	Man2a1	True	False	False	False	False	False	C
Q8R0K9	A0A1Y7VKX4	E2f4	A0A1Y7VKX4	True	False	False	False	False	False	C
Q8R0K9	Q61166	E2f4	Mapre1	True	False	False	False	False	False	A
Q8R0K9	F8WJC4	E2f4	F8WJC4	True	False	False	False	False	False	C
Q8R0K9	Q9D2X5	E2f4	Mau2	True	False	False	False	False	False	C
Q8R0K9	P04370	E2f4	Mbp	True	False	False	False	False	False	A
Q8R0K9	Q8K5B2	E2f4	Mcfd2	True	False	False	False	False	False	C
Q8R0K9	P97311	E2f4	Mcm6	True	False	False	False	False	False	A
Q8R0K9	Q924H2	E2f4	Med15	True	False	False	False	False	False	B
Q8R0K9	Q9CQI9	E2f4	Med30	True	False	False	False	False	False	C
Q8R0K9	E9QKT0	E2f4	E9QKT0	True	False	False	False	False	False	C
Q8R0K9	P97367	E2f4	Meis2	True	False	False	False	False	False	C
Q8R0K9	Q05A36	E2f4	Mex3c	True	False	False	False	False	False	C
Q8R0K9	Q3U481	E2f4	Mfsd12	True	False	False	False	False	False	B
Q8R0K9	Q812G0	E2f4	Mgat4a	True	False	False	False	False	False	C
Q8R0K9	Q765H6	E2f4	Mgat5b	True	False	False	False	False	False	C
Q8R0K9	Q9D074	E2f4	Mgrn1	True	False	False	False	False	False	B
Q8R0K9	Q8R516	E2f4	Mib2	True	False	False	False	False	False	C
Q8R0K9	A0A1Y7VP67	E2f4	A0A1Y7VP67	True	False	False	False	False	False	B
Q8R0K9	Q3TPJ7	E2f4	Midn	True	False	False	False	False	False	B
Q8R0K9	Q9CY25	E2f4	Mis12	True	False	False	False	False	False	C
Q8R0K9	Q6ZQI3	E2f4	Mlec	True	False	False	False	False	False	C
Q8R0K9	Q9ERL0	E2f4	Q9ERL0	True	False	False	False	False	False	B
Q8R0K9	Q9CQY7	E2f4	Mmd	True	False	False	False	False	False	C
Q8R0K9	B1AUR6	E2f4	Mms22l	True	False	False	False	False	False	B
Q8R0K9	O08789	E2f4	Mnt	True	False	False	False	False	False	B
Q8R0K9	P63030	E2f4	Mpc1	True	False	False	False	False	False	C
Q8R0K9	Q9CQF0	E2f4	Mrpl11	True	False	False	False	False	False	C
Q8R0K9	P43247	E2f4	Msh2	True	False	False	False	False	False	A
Q8R0K9	Q8BKY8	E2f4	Mterf2	True	False	False	False	False	False	C
Q8R0K9	P50540	E2f4	Mxi1	True	False	False	False	False	False	B
Q8R0K9	A0A0R4J132	E2f4	A0A0R4J132	True	False	False	False	False	False	B
Q8R0K9	P10166	E2f4	Mycl	True	False	False	False	False	False	A
Q8R0K9	Q8VDD5	E2f4	Myh9	True	False	False	False	False	False	C
Q8R0K9	Q9JMH9	E2f4	Myo18a	True	False	False	False	False	False	B
Q8R0K9	D3Z3A8	E2f4	D3Z3A8	True	False	False	False	False	False	C
Q8R0K9	Q61122	E2f4	Nab1	True	False	False	False	False	False	C
Q8R0K9	A0A087WNQ1	E2f4	A0A087WNQ1	True	False	False	False	False	False	B
Q8R0K9	K4DI67	E2f4	K4DI67	True	False	False	False	False	False	B
Q8R0K9	Q99M51	E2f4	Nck1	True	False	False	False	False	False	C
Q8R0K9	Q6ZQE4	E2f4	Nemp1	True	False	False	False	False	False	B
Q8R0K9	Q9Z206	E2f4	Net1	True	False	False	False	False	False	B
Q8R0K9	B5B2N2	E2f4	B5B2N2	True	False	False	False	False	False	C
Q8R0K9	O09130	E2f4	Nfatc2ip	True	False	False	False	False	False	B
Q8R0K9	Q60795	E2f4	Nfe2l2	True	False	False	False	False	False	C
Q8R0K9	P70255	E2f4	Nfic	True	False	False	False	False	False	B
Q8R0K9	Q9WTK5	E2f4	Nfkb2	True	False	False	False	False	False	A
Q8R0K9	Q8CCH2	E2f4	Nhlrc3	True	False	False	False	False	False	C
Q8R0K9	Q3UW53	E2f4	Niban1	True	False	False	False	False	False	C
Q8R0K9	Q6B966	E2f4	Nlrp14	True	False	False	False	False	False	C
Q8R0K9	Q61979	E2f4	Nnat	True	False	False	False	False	False	C
Q8R0K9	Q3TZG8	E2f4	Q3TZG8	True	False	False	False	False	False	C
Q8R0K9	E9Q5C9	E2f4	Nolc1	True	False	False	False	False	False	B
Q8R0K9	P06537	E2f4	Nr3c1	True	False	False	False	False	False	B
Q8R0K9	Q06219	E2f4	Nr4a2	True	False	False	False	False	False	B
Q8R0K9	Q8BVE8	E2f4	Nsd2	True	False	False	False	False	False	B
Q8R0K9	Q61503	E2f4	Nt5e	True	False	False	False	False	False	C
Q8R0K9	Q3UFB7	E2f4	Ntrk1	True	False	False	False	False	False	C
Q8R0K9	P56380	E2f4	Nudt2	True	False	False	False	False	False	B
Q8R0K9	Q99P88	E2f4	Nup155	True	False	False	False	False	False	B
Q8R0K9	B9EJ54	E2f4	B9EJ54	True	False	False	False	False	False	B
Q8R0K9	Q80U93	E2f4	Nup214	True	False	False	False	False	False	B
Q8R0K9	Q9QZV9	E2f4	Nxt1	True	False	False	False	False	False	A
Q8R0K9	G3X8V5	E2f4	G3X8V5	True	False	False	False	False	False	C
Q8R0K9	A3KGV1	E2f4	Odf2	True	False	False	False	False	False	B
Q8R0K9	Q99PG2	E2f4	Ogfr	True	False	False	False	False	False	A
Q8R0K9	Q9WUK7	E2f4	Opn3	True	False	False	False	False	False	C
Q8R0K9	Q9Z1N2	E2f4	Orc1	True	False	False	False	False	False	A
Q8R0K9	Q9JK30	E2f4	Orc3	True	False	False	False	False	False	B
Q8R0K9	Q3TQX1	E2f4	Q3TQX1	True	False	False	False	False	False	B
Q8R0K9	Q9CPZ6	E2f4	Ormdl3	True	False	False	False	False	False	C
Q8R0K9	A0A0N4SV33	E2f4	A0A0N4SV33	True	False	False	False	False	False	C
Q8R0K9	Q925B0	E2f4	Pawr	True	False	False	False	False	False	C
Q8R0K9	Q8K0Y7	E2f4	Paxx	True	False	False	False	False	False	B
Q8R0K9	Q9JJ78	E2f4	Pbk	True	False	False	False	False	False	B
Q8R0K9	Q61990	E2f4	Pcbp2	True	False	False	False	False	False	C
Q8R0K9	A0A0A6YX79	E2f4	A0A0A6YX79	True	False	False	False	False	False	C
Q8R0K9	Q9CQX4	E2f4	Pclaf	True	False	True	True	False	True	A
Q8R0K9	O89084	E2f4	Pde4a	True	False	False	False	False	False	C
Q8R0K9	O88502	E2f4	Pde8a	True	False	False	False	False	False	C
Q8R0K9	P27773	E2f4	Pdia3	True	False	False	False	False	False	C
Q8R0K9	Q8QZR7	E2f4	Pdik1l	True	False	False	False	False	False	C
Q8R0K9	Q8K183	E2f4	Pdxk	True	False	False	False	False	False	A
Q8R0K9	P60487	E2f4	Pdxp	True	False	False	False	False	False	A
Q8R0K9	A2AUP1	E2f4	A2AUP1	True	False	False	False	False	False	B
Q8R0K9	Q8CAA7	E2f4	Pgm2l1	True	False	False	False	False	False	C
Q8R0K9	Q9QZ09	E2f4	Phtf1	True	False	False	False	False	False	C
Q8R0K9	Q8CBQ5	E2f4	Pi4k2b	True	False	False	False	False	False	C
Q8R0K9	E9PUQ9	E2f4	E9PUQ9	True	False	False	False	False	False	C
Q8R0K9	Q9QYT7	E2f4	Pigq	True	False	False	False	False	False	A
Q8R0K9	P26450	E2f4	Pik3r1	True	False	False	False	False	False	C
Q8R0K9	F6WGR1	E2f4	F6WGR1	True	False	False	False	False	False	A
Q8R0K9	Q8BFY7	E2f4	Pimreg	True	False	False	False	False	False	B
Q8R0K9	Q0ZLH2	E2f4	Pjvk	True	False	False	False	False	False	C
Q8R0K9	P52480	E2f4	Pkm	True	False	False	False	False	False	B
Q8R0K9	Q9ESG9	E2f4	Pkmyt1	True	False	False	False	False	False	B
Q8R0K9	Q8BWW9	E2f4	Pkn2	True	False	False	False	False	False	A
Q8R0K9	P97819	E2f4	Pla2g6	True	False	False	False	False	False	B
Q8R0K9	Q62077	E2f4	Plcg1	True	False	False	False	False	False	A
Q8R0K9	J3QK47	E2f4	J3QK47	True	False	False	False	False	False	C
Q8R0K9	Q9QXS1	E2f4	Plec	True	False	False	False	False	False	B
Q8R0K9	Q9JJ00	E2f4	Plscr1	True	False	False	False	False	False	A
Q8R0K9	Q9CPV5	E2f4	Pmf1	True	False	False	False	False	False	C
Q8R0K9	D3YZV7	E2f4	D3YZV7	True	False	False	False	False	False	B
Q8R0K9	Q8K1N1	E2f4	Pnpla8	True	False	False	False	False	False	B
Q8R0K9	Q8JZX3	E2f4	Poc1a	True	False	False	False	False	False	B
Q8R0K9	O35654	E2f4	Pold2	True	False	False	False	False	False	A
Q8R0K9	Q9D7M8	E2f4	Polr2d	True	False	False	False	False	False	A
Q8R0K9	Q8BKF1	E2f4	Polrmt	True	False	False	False	False	False	C
Q8R0K9	A0A0R4J1Z4	E2f4	A0A0R4J1Z4	True	False	False	False	False	False	B
Q8R0K9	P17742	E2f4	Ppia	True	False	False	False	False	False	A
Q8R0K9	Q3UYC0	E2f4	Ppm1h	True	False	False	False	False	False	C
Q8R0K9	Q9DBR7	E2f4	Ppp1r12a	True	False	False	False	False	False	C
Q8R0K9	Q6PD03	E2f4	Ppp2r5a	True	False	False	False	False	False	C
Q8R0K9	A0A286YD27	E2f4	A0A286YD27	True	False	False	False	False	False	C
Q8R0K9	P33610	E2f4	Prim2	True	False	False	False	False	False	A
Q8R0K9	Q62101	E2f4	Prkd1	True	False	False	False	False	False	C
Q8R0K9	P97313	E2f4	Prkdc	True	False	False	False	False	False	B
Q8R0K9	B0QZF7	E2f4	Proca1	True	False	False	False	False	False	C
Q8R0K9	Q8CCF0	E2f4	Prpf31	True	False	False	False	False	False	C
Q8R0K9	Q7TPN9	E2f4	Prr14	True	False	False	False	False	False	C
Q8R0K9	O35047	E2f4	Psmc3ip	True	False	False	False	False	False	B
Q8R0K9	Q9CZH3	E2f4	Psmg3	True	False	False	False	False	False	B
Q8R0K9	P17225	E2f4	Ptbp1	True	False	False	False	False	False	B
Q8R0K9	Q91Z31	E2f4	Ptbp2	True	False	False	False	False	False	C
Q8R0K9	Q61115	E2f4	Ptch1	True	False	False	False	False	False	B
Q8R0K9	Q05769	E2f4	Ptgs2	True	False	False	False	False	False	A
Q8R0K9	P26350	E2f4	Ptma	True	False	False	False	False	False	B
Q8R0K9	A2ADA5	E2f4	Pusl1	True	False	False	False	False	False	B
Q8R0K9	Q8BHA9	E2f4	Pxylp1	True	False	False	False	False	False	C
Q8R0K9	Q9D4I9	E2f4	Q9D4I9	True	False	False	False	False	False	C
Q8R0K9	O35963	E2f4	Rab33b	True	False	False	False	False	False	C
Q8R0K9	Q6PHN9	E2f4	Rab35	True	False	False	False	False	False	B
Q8R0K9	Q91X96	E2f4	Rabif	True	False	False	False	False	False	A
Q8R0K9	Q9WVM1	E2f4	Racgap1	True	False	False	False	False	False	B
Q8R0K9	Q61550	E2f4	Rad21	True	False	False	False	False	False	B
Q8R0K9	Q6PFE3	E2f4	Rad54b	True	False	False	False	False	False	B
Q8R0K9	P70270	E2f4	Rad54l	True	False	False	False	False	False	A
Q8R0K9	Q9Z0F6	E2f4	Rad9a	True	False	False	False	False	False	B
Q8R0K9	Q03385	E2f4	Ralgds	True	False	False	False	False	False	B
Q8R0K9	Q64012	E2f4	Raly	True	False	False	False	False	False	C
Q8R0K9	A0A1Y7VIP5	E2f4	A0A1Y7VIP5	True	False	False	False	False	False	C
Q8R0K9	B0QZV7	E2f4	B0QZV7	True	False	False	False	False	False	B
Q8R0K9	Q8CJ96	E2f4	Rassf8	True	False	False	False	False	False	C
Q8R0K9	Q0VBL3	E2f4	Rbm15	True	False	False	False	False	False	B
Q8R0K9	P31266	E2f4	Rbpj	True	False	False	False	False	False	C
Q8R0K9	Q8BTU7	E2f4	Rccd1	True	False	False	False	False	False	B
Q8R0K9	A4QPD3	E2f4	A4QPD3	True	False	False	False	False	False	A
Q8R0K9	Q9WUK4	E2f4	Rfc2	True	False	False	False	False	False	A
Q8R0K9	Q8CIK8	E2f4	Rfwd3	True	False	False	False	False	False	B
Q8R0K9	P48379	E2f4	Rfx2	True	False	False	False	False	False	B
Q8R0K9	Q9CQE5	E2f4	Rgs10	True	False	False	False	False	False	C
Q8R0K9	Q8BYP3	E2f4	Rhof	True	False	False	False	False	False	B
Q8R0K9	Q9D4G9	E2f4	Rmi1	True	False	False	False	False	False	C
Q8R0K9	Q3UPE3	E2f4	Rmi2	True	False	False	False	False	False	B
Q8R0K9	A0A0J9YQM4	E2f4	A0A0J9YQM4	True	False	False	False	False	False	C
Q8R0K9	Q9CQJ4	E2f4	Rnf2	True	False	False	False	False	False	C
Q8R0K9	P62751	E2f4	Rpl23a	True	False	False	False	False	False	A
Q8R0K9	P62843	E2f4	Rps15	True	False	False	False	False	False	A
Q8R0K9	P62702	E2f4	Rps4x	True	False	False	False	False	False	A
Q8R0K9	P62754	E2f4	Rps6	True	False	False	False	False	False	A
Q8R0K9	Q2TJ95	E2f4	Rspo3	True	False	False	False	False	False	C
Q8R0K9	Q14B46	E2f4	Rtkn2	True	False	False	False	False	False	B
Q8R0K9	Q8R4Y8	E2f4	Rttn	True	False	False	False	False	False	B
Q8R0K9	Q8BG26	E2f4	Rusc1	True	False	False	False	False	False	B
Q8R0K9	P97352	E2f4	S100a13	True	False	False	False	False	False	C
Q8R0K9	Q9R1T2	E2f4	Sae1	True	False	False	False	False	False	B
Q8R0K9	Q8CBY1	E2f4	Samd4a	True	False	False	False	False	False	B
Q8R0K9	G5E8A7	E2f4	G5E8A7	True	False	False	False	False	False	C
Q8R0K9	Q8VI24	E2f4	Satb2	True	False	False	False	False	False	C
Q8R0K9	Q7TNB8	E2f4	Sbno2	True	False	False	False	False	False	C
Q8R0K9	Q3UPL0	E2f4	Sec31a	True	False	False	False	False	False	C
Q8R0K9	Q8R2U0	E2f4	Seh1l	True	False	False	False	False	False	C
Q8R0K9	Q62179	E2f4	Sema4b	True	False	False	False	False	False	B
Q8R0K9	Q9CY58	E2f4	Serbp1	True	False	False	False	False	False	B
Q8R0K9	Q9JJG5	E2f4	Sertad2	True	False	False	False	False	False	B
Q8R0K9	Q9ERC3	E2f4	Sertad3	True	False	False	False	False	False	C
Q8R0K9	Q3UZY0	E2f4	Sfi1	True	False	False	False	False	False	C
Q8R0K9	Q925N0	E2f4	Sfxn5	True	False	False	False	False	False	B
Q8R0K9	Q8VCQ6	E2f4	Sgms1	True	False	False	False	False	False	B
Q8R0K9	Q9CXH7	E2f4	Sgo1	True	False	False	False	False	False	B
Q8R0K9	J3QMK1	E2f4	J3QMK1	True	False	False	False	False	False	B
Q8R0K9	Q9WUZ7	E2f4	Sh3bgr	True	False	False	False	False	False	A
Q8R0K9	P98083	E2f4	Shc1	True	False	False	False	False	False	B
Q8R0K9	P61092	E2f4	Siah1a	True	False	False	False	False	False	C
Q8R0K9	Q6P4S6	E2f4	Sik3	True	False	False	False	False	False	C
Q8R0K9	A0A0A6YXN8	E2f4	A0A0A6YXN8	True	False	False	False	False	False	A
Q8R0K9	P97797	E2f4	Sirpa	True	False	False	False	False	False	A
Q8R0K9	Q9CPV1	E2f4	Ska1	True	False	False	False	False	False	C
Q8R0K9	G3X9M2	E2f4	G3X9M2	True	False	False	False	False	False	B
Q8R0K9	Q9WTX5	E2f4	Skp1	True	False	False	False	False	False	A
Q8R0K9	Q3TXX4	E2f4	Slc17a7	True	False	False	False	False	False	C
Q8R0K9	Q6GQS1	E2f4	Slc25a23	True	False	False	False	False	False	C
Q8R0K9	P48962	E2f4	Slc25a4	True	False	False	False	False	False	A
Q8R0K9	Q60738	E2f4	Slc30a1	True	False	False	False	False	False	C
Q8R0K9	Q8K2P7	E2f4	Slc38a1	True	False	False	False	False	False	B
Q8R0K9	P10852	E2f4	Slc3a2	True	False	False	False	False	False	B
Q8R0K9	Q8CGA3	E2f4	Slc43a2	True	False	False	False	False	False	C
Q8R0K9	Q91VA1	E2f4	Slc44a4	True	False	False	False	False	False	A
Q8R0K9	Q8K078	E2f4	Slco4a1	True	False	False	False	False	False	A
Q8R0K9	Q62432	E2f4	Smad2	True	False	False	False	False	False	C
Q8R0K9	A0A140LIK7	E2f4	A0A140LIK7	True	False	False	False	False	False	B
Q8R0K9	Q3TKT4	E2f4	Smarca4	True	False	False	False	False	False	A
Q8R0K9	Q9CU62	E2f4	Smc1a	True	False	False	False	False	False	B
Q8R0K9	Q9DB90	E2f4	Smg9	True	False	False	False	False	False	B
Q8R0K9	Q8BIZ6	E2f4	Snip1	True	False	False	False	False	False	B
Q8R0K9	Q61235	E2f4	Sntb2	True	False	False	False	False	False	C
Q8R0K9	Q925E0	E2f4	Sntg2	True	False	False	False	False	False	C
Q8R0K9	O35717	E2f4	Socs2	True	False	False	False	False	False	B
Q8R0K9	P09671	E2f4	Sod2	True	False	False	False	False	False	B
Q8R0K9	A0A1Y7VJR5	E2f4	A0A1Y7VJR5	True	False	False	False	False	False	C
Q8R0K9	Q7TME2	E2f4	Spag5	True	False	False	False	False	False	B
Q8R0K9	Q9D083	E2f4	Spc24	True	False	False	False	False	False	B
Q8R0K9	Q64337	E2f4	Sqstm1	True	False	False	False	False	False	B
Q8R0K9	B7ZWI4	E2f4	B7ZWI4	True	False	False	False	False	False	C
Q8R0K9	A0A087WQ44	E2f4	A0A087WQ44	True	False	False	False	False	False	B
Q8R0K9	Q9DBG7	E2f4	Srpra	True	False	False	False	False	False	A
Q8R0K9	Q8BTI8	E2f4	Srrm2	True	False	False	False	False	False	A
Q8R0K9	Q6PDM2	E2f4	Srsf1	True	False	False	False	False	False	C
Q8R0K9	Q8BL97	E2f4	Srsf7	True	False	False	False	False	False	C
Q8R0K9	Q8BW22	E2f4	Ss18l1	True	False	False	False	False	False	A
Q8R0K9	Q3U4B1	E2f4	Q3U4B1	True	False	False	False	False	False	B
Q8R0K9	Q91Y74	E2f4	St3gal4	True	False	False	False	False	False	C
Q8R0K9	Q64685	E2f4	St6gal1	True	False	False	False	False	False	C
Q8R0K9	Q9D3E6	E2f4	Stag1	True	False	False	False	False	False	C
Q8R0K9	P70297	E2f4	Stam	True	False	False	False	False	False	A
Q8R0K9	Q61542	E2f4	Stard3	True	False	False	False	False	False	C
Q8R0K9	A0A087WSP5	E2f4	A0A087WSP5	True	False	False	False	False	False	B
Q8R0K9	P42232	E2f4	Stat5b	True	False	False	False	False	False	C
Q8R0K9	Q9JI10	E2f4	Stk3	True	False	False	False	False	False	B
Q8R0K9	Q60969	E2f4	Styx	True	False	False	False	False	False	C
Q8R0K9	Q8BGE4	E2f4	Susd6	True	False	False	False	False	False	C
Q8R0K9	O54864	E2f4	Suv39h1	True	False	False	False	False	False	A
Q8R0K9	Q69ZS6	E2f4	Sv2c	True	False	False	False	False	False	C
Q8R0K9	Q505B8	E2f4	Syce2	True	False	False	False	False	False	B
Q8R0K9	Q8BQ46	E2f4	Q8BQ46	True	False	False	False	False	False	C
Q8R0K9	F8VPY2	E2f4	F8VPY2	True	False	False	False	False	False	B
Q8R0K9	Q6NXY1	E2f4	Tbc1d31	True	False	False	False	False	False	B
Q8R0K9	E0CY69	E2f4	E0CY69	True	False	False	False	False	False	C
Q8R0K9	B8JJC1	E2f4	B8JJC1	True	False	False	False	False	False	B
Q8R0K9	Q80VL1	E2f4	Tdrkh	True	False	False	False	False	False	C
Q8R0K9	Q62296	E2f4	Tead4	True	False	False	False	False	False	B
Q8R0K9	P40630	E2f4	Tfam	True	False	False	False	False	False	A
Q8R0K9	A0A2R8W6R9	E2f4	A0A2R8W6R9	True	False	False	False	False	False	B
Q8R0K9	Q62351	E2f4	Tfrc	True	False	False	False	False	False	A
Q8R0K9	A0A0R4IZY0	E2f4	A0A0R4IZY0	True	False	False	False	False	False	A
Q8R0K9	P70318	E2f4	Tial1	True	False	False	False	False	False	B
Q8R0K9	Q8BQ33	E2f4	Ticrr	True	False	False	False	False	False	B
Q8R0K9	Q8CCM6	E2f4	Timm21	True	False	False	False	False	False	B
Q8R0K9	Q99JT6	E2f4	Tlcd1	True	False	False	False	False	False	B
Q8R0K9	Q62441	E2f4	Tle4	True	False	False	False	False	False	B
Q8R0K9	Q9CPV0	E2f4	Tmem107	True	False	False	False	False	False	C
Q8R0K9	Q8C2L6	E2f4	Tmem161b	True	False	False	False	False	False	C
Q8R0K9	Q9D342	E2f4	Tmem170a	True	False	False	False	False	False	C
Q8R0K9	Q61029	E2f4	Tmpo	True	False	False	False	False	False	A
Q8R0K9	Q61033	E2f4	Tmpo	True	False	False	False	False	False	A
Q8R0K9	Q8BFY9	E2f4	Tnpo1	True	False	False	False	False	False	B
Q8R0K9	Q01320	E2f4	Top2a	True	False	False	False	False	False	A
Q8R0K9	A2AUD5	E2f4	A2AUD5	True	False	False	False	False	False	B
Q8R0K9	Q99MU1	E2f4	Tpra1	True	False	False	False	False	False	B
Q8R0K9	P39429	E2f4	Traf2	True	False	False	False	False	False	A
Q8R0K9	Q60803	E2f4	Traf3	True	False	False	False	False	False	B
Q8R0K9	Q9JME7	E2f4	Trappc2l	True	False	False	False	False	False	C
Q8R0K9	Q3U0M1	E2f4	Trappc9	True	False	False	False	False	False	B
Q8R0K9	Q8K4K2	E2f4	Trib3	True	False	False	False	False	False	C
Q8R0K9	Q8CJ53	E2f4	Trip10	True	False	False	False	False	False	C
Q8R0K9	Q3UA06	E2f4	Trip13	True	False	False	False	False	False	B
Q8R0K9	Q9QZC1	E2f4	Trpc3	True	False	False	False	False	False	C
Q8R0K9	Q9QZE7	E2f4	Tsnax	True	False	False	False	False	False	A
Q8R0K9	Q5NC05	E2f4	Ttf2	True	False	False	False	False	False	B
Q8R0K9	Q80UG8	E2f4	Ttll4	True	False	False	False	False	False	B
Q8R0K9	P99024	E2f4	Tubb5	True	False	False	False	False	False	C
Q8R0K9	O88413	E2f4	Tulp3	True	False	False	False	False	False	B
Q8R0K9	Q8CDN6	E2f4	Txnl1	True	False	False	False	False	False	C
Q8R0K9	P61082	E2f4	Ube2m	True	False	False	False	False	False	B
Q8R0K9	Q9CQ37	E2f4	Ube2t	True	False	False	False	False	False	B
Q8R0K9	Q8VDF2	E2f4	Uhrf1	True	False	False	False	False	False	B
Q8R0K9	A0A0R4J073	E2f4	A0A0R4J073	True	False	False	False	False	False	B
Q8R0K9	A0A0R4J0B3	E2f4	A0A0R4J0B3	True	False	False	False	False	False	C
Q8R0K9	P13439	E2f4	Umps	True	False	False	False	False	False	A
Q8R0K9	P97931	E2f4	Ung	True	False	False	False	False	False	A
Q8R0K9	O88623	E2f4	Usp2	True	False	False	False	False	False	C
Q8R0K9	P57080	E2f4	Usp25	True	False	False	False	False	False	A
Q8R0K9	Q8BW70	E2f4	Usp38	True	False	False	False	False	False	C
Q8R0K9	B2RQC2	E2f4	Usp42	True	False	False	False	False	False	C
Q8R0K9	P56399	E2f4	Usp5	True	False	False	False	False	False	B
Q8R0K9	P63044	E2f4	Vamp2	True	False	False	False	False	False	C
Q8R0K9	Q3U2A8	E2f4	Vars2	True	False	False	False	False	False	A
Q8R0K9	Q01853	E2f4	Vcp	True	False	False	False	False	False	A
Q8R0K9	P40338	E2f4	Vhl	True	False	False	False	False	False	A
Q8R0K9	P97390	E2f4	Vps45	True	False	False	False	False	False	C
Q8R0K9	Q8VEJ9	E2f4	Vps4a	True	False	False	False	False	False	A
Q8R0K9	Q4VBE8	E2f4	Wdr18	True	False	False	False	False	False	B
Q8R0K9	Q920I9	E2f4	Wdr7	True	False	False	False	False	False	C
Q8R0K9	Q5ND34	E2f4	Wdr81	True	False	False	False	False	False	C
Q8R0K9	Q80ZK9	E2f4	Wdtc1	True	False	False	False	False	False	C
Q8R0K9	Q8VC51	E2f4	Wrap53	True	False	False	False	False	False	B
Q8R0K9	Q6P5F9	E2f4	Xpo1	True	False	False	False	False	False	B
Q8R0K9	Q99LW6	E2f4	Yaf2	True	False	False	False	False	False	C
Q8R0K9	P68510	E2f4	Ywhah	True	False	False	False	False	False	A
Q8R0K9	P68254	E2f4	Ywhaq	True	False	False	False	False	False	C
Q8R0K9	Q5F293	E2f4	Zbtb4	True	False	False	False	False	False	C
Q8R0K9	Q52KG4	E2f4	Zbtb45	True	False	False	False	False	False	C
Q8R0K9	Q8VDZ4	E2f4	Zdhhc5	True	False	False	False	False	False	B
Q8R0K9	Q8VCM3	E2f4	Zfyve21	True	False	False	False	False	False	B
Q8R0K9	Q6ZPK7	E2f4	Zfyve28	True	False	False	False	False	False	C
Q8R0K9	Q8K3J5	E2f4	Znf131	True	False	False	False	False	False	B
Q8R0K9	Q6PCX8	E2f4	Q6PCX8	True	False	False	False	False	False	C
Q8R0K9	Q8CF60	E2f4	Znf263	True	False	False	False	False	False	B
Q8R0K9	Q0VDT2	E2f4	Znf367	True	False	False	False	False	False	B
Q8R0K9	Q8C0P7	E2f4	Znf451	True	False	False	False	False	False	C
Q8R0K9	Q8R0T2	E2f4	Znf768	True	False	False	False	False	False	C
Q61502	D3Z313	E2f5	D3Z313	True	False	False	False	False	False	C
Q61502	Q9Z265	E2f5	Chek2	True	False	False	False	False	False	C
Q61502	E0CXC4	E2f5	E0CXC4	True	False	False	False	False	False	C
Q61502	Q6ZPI0	E2f5	Jade1	True	False	False	False	False	False	C
Q61502	M0QW57	E2f5	M0QW57	True	False	False	False	False	False	C
Q61502	Q62073	E2f5	Map3k7	True	False	False	False	False	False	C
Q61502	P25206	E2f5	Mcm3	True	False	False	False	False	False	C
Q61502	P06803	E2f5	Pim1	True	False	False	False	False	False	C
Q61502	P26350	E2f5	Ptma	True	False	False	False	False	False	C
Q61502	Q3UHH2	E2f5	Slc22a23	True	False	False	False	False	False	C
Q61502	Q920G8	E2f5	Slc25a37	True	False	False	False	False	False	C
O54917	A0A571BG95	E2f6	A0A571BG95	True	False	False	False	False	False	C
O54917	M0QWP1	E2f6	M0QWP1	True	False	False	False	False	False	C
O54917	B7ZCJ0	E2f6	B7ZCJ0	True	False	False	False	False	False	C
O54917	Z4YJL0	E2f6	Z4YJL0	True	False	False	False	False	False	C
O54917	P58466	E2f6	Ctdsp1	True	False	False	False	False	False	C
O54917	P61460	E2f6	Depdc5	True	False	True	True	False	True	A
O54917	O08545	E2f6	Efna3	True	False	False	False	False	False	C
O54917	E9PXB2	E2f6	E9PXB2	True	False	False	False	False	False	C
O54917	E0CXC4	E2f6	E0CXC4	True	False	False	False	False	False	C
O54917	Q9EQD0	E2f6	Fzd5	True	False	False	False	False	False	C
O54917	Q9Z0F1	E2f6	Gnas	True	False	False	False	False	False	C
O54917	Q6R0H6	E2f6	Gnas	True	False	False	False	False	False	C
O54917	P63094	E2f6	Gnas	True	False	False	False	False	False	C
O54917	Q6R0H7	E2f6	Gnas	True	False	False	False	False	False	C
O54917	Q61666	E2f6	Hira	True	False	False	False	False	False	C
O54917	Q60625	E2f6	Icam5	True	False	False	False	False	False	C
O54917	Q8BJ66	E2f6	Kazald1	True	False	False	False	False	False	C
O54917	Q8K0E1	E2f6	Kctd15	True	False	False	False	False	False	C
O54917	Q61810	E2f6	Ltbp3	True	False	False	False	False	False	C
O54917	P97367	E2f6	Meis2	True	False	False	False	False	False	C
O54917	F8WJD6	E2f6	F8WJD6	True	False	False	False	False	False	C
O54917	E0CZ22	E2f6	Mroh1	True	False	False	False	False	False	C
O54917	P50540	E2f6	Mxi1	True	False	False	False	False	False	C
O54917	Q8VDD5	E2f6	Myh9	True	False	False	False	False	False	C
O54917	Q9DCM7	E2f6	Nacc2	True	False	False	False	False	False	C
O54917	B5B2N2	E2f6	B5B2N2	True	False	False	False	False	False	C
O54917	Q60591	E2f6	Nfatc2	True	False	False	False	False	False	C
O54917	Q60795	E2f6	Nfe2l2	True	False	False	False	False	False	C
O54917	Q3TZG8	E2f6	Q3TZG8	True	False	False	False	False	False	C
O54917	A0A0N4SV33	E2f6	A0A0N4SV33	True	False	False	False	False	False	C
O54917	P60335	E2f6	Pcbp1	True	False	False	False	False	False	C
O54917	O89084	E2f6	Pde4a	True	False	False	False	False	False	C
O54917	A2AUP1	E2f6	A2AUP1	True	False	False	False	False	False	C
O54917	E9PUQ9	E2f6	E9PUQ9	True	False	False	False	False	False	C
O54917	O70172	E2f6	Pip4k2a	True	False	False	False	False	False	C
O54917	P26350	E2f6	Ptma	True	False	False	False	False	False	C
O54917	O70274	E2f6	Ptp4a2	True	False	False	False	False	False	C
O54917	A2A8L5	E2f6	Ptprf	True	False	False	False	False	False	C
O54917	B1AUH1	E2f6	Ptpru	True	False	False	False	False	False	C
O54917	A2ALS5	E2f6	Rap1gap	True	False	False	False	False	False	C
O54917	Q91VI7	E2f6	Rnh1	True	False	False	False	False	False	C
O54917	P28700	E2f6	Rxra	True	False	False	False	False	False	C
O54917	A0A1L1SQG7	E2f6	A0A1L1SQG7	True	False	False	False	False	False	C
O54917	P57787	E2f6	Slc16a3	True	False	False	False	False	False	C
O54917	G3X939	E2f6	Slc9a3	True	False	False	False	False	False	C
O54917	Q8BUN5	E2f6	Smad3	True	False	False	False	False	False	C
O54917	A0A571BG39	E2f6	A0A571BG39	True	False	False	False	False	False	C
O54917	A2AQU8	E2f6	A2AQU8	True	False	False	False	False	False	C
O54917	P54751	E2f6	St3gal1	True	False	False	False	False	False	C
O54917	Q64685	E2f6	St6gal1	True	False	False	False	False	False	C
O54917	A0A0J9YVA2	E2f6	A0A0J9YVA2	True	False	False	False	False	False	C
O54917	P54797	E2f6	Tango2	True	False	False	False	False	False	C
O54917	E9PVV1	E2f6	E9PVV1	True	False	False	False	False	False	C
O54917	A0A2R8W6R9	E2f6	A0A2R8W6R9	True	False	False	False	False	False	C
O54917	P70284	E2f6	Tgif1	True	False	False	False	False	False	C
O54917	Q8K4K2	E2f6	Trib3	True	False	False	False	False	False	C
O54917	Q69ZB8	E2f6	Zcchc2	True	False	False	False	False	False	C
O54917	Q8K3J5	E2f6	Znf131	True	False	False	False	False	False	B
O54917	A0A286YDB9	E2f6	A0A286YDB9	True	False	False	False	False	False	C
Q6S7F2	M0QWP1	E2f7	M0QWP1	True	False	False	False	False	False	C
Q6S7F2	P05064	E2f7	Aldoa	True	False	False	False	False	False	C
Q6S7F2	A2BH40	E2f7	Arid1a	True	False	False	False	False	False	C
Q6S7F2	A2APM2	E2f7	A2APM2	True	False	False	False	False	False	C
Q6S7F2	P13864	E2f7	Dnmt1	True	False	False	False	False	False	C
Q6S7F2	Q58FA4	E2f7	E2f8	True	False	False	False	False	False	B
Q6S7F2	P10126	E2f7	Eef1a1	True	False	False	False	False	False	C
Q6S7F2	P27577	E2f7	Ets1	True	False	False	False	False	False	C
Q6S7F2	P01101	E2f7	Fos	True	False	False	False	False	False	C
Q6S7F2	Q60668	E2f7	Hnrnpd	True	False	False	False	False	False	C
Q6S7F2	P61979	E2f7	Hnrnpk	True	False	False	False	False	False	C
Q6S7F2	P16045	E2f7	Lgals1	True	False	False	False	False	False	C
Q6S7F2	P26618	E2f7	Pdgfra	True	False	False	False	False	False	C
Q6S7F2	P47857	E2f7	Pfkm	True	False	False	False	False	False	C
Q6S7F2	P53351	E2f7	Plk2	True	False	False	False	False	False	C
Q6S7F2	Q8VE37	E2f7	Rcc1	True	False	False	False	False	False	C
Q6S7F2	Q99J62	E2f7	Rfc4	True	False	False	False	False	False	C
Q6S7F2	Q9D4G9	E2f7	Rmi1	True	False	False	False	False	False	C
Q6S7F2	Q9ESU7	E2f7	Q9ESU7	True	False	False	False	False	False	C
Q6S7F2	P61406	E2f7	Smg6	True	False	False	False	False	False	C
Q6S7F2	O35638	E2f7	Stag2	True	False	False	False	False	False	C
Q6S7F2	Q8VDF2	E2f7	Uhrf1	True	False	False	False	False	False	B
Q6S7F2	P47810	E2f7	Wee1	True	False	False	False	False	False	C
Q6S7F2	P23950	E2f7	Zfp36l1	True	False	False	False	False	False	C
Q6S7F2	Q0VDT2	E2f7	Znf367	True	False	False	False	False	False	C
Q07802	P56485	Ebf1	Ackr3	True	False	False	False	False	False	C
Q07802	E9PY16	Ebf1	E9PY16	True	False	False	False	False	False	C
Q07802	G5E8J2	Ebf1	G5E8J2	True	False	False	False	False	False	C
Q07802	B2RXR6	Ebf1	Ankrd44	True	False	False	False	False	False	C
Q07802	Q80U35	Ebf1	Arhgef17	True	False	False	False	False	False	C
Q07802	Q8BM75	Ebf1	Arid5b	True	False	False	False	False	False	C
Q07802	P10417	Ebf1	Bcl2	True	False	False	False	False	False	C
Q07802	G3X8S2	Ebf1	G3X8S2	True	False	False	False	False	False	C
Q07802	E9QQ55	Ebf1	E9QQ55	True	False	False	False	False	False	C
Q07802	Q99PF4	Ebf1	Cdh23	True	False	False	False	False	False	C
Q07802	Q8C5W0	Ebf1	Clmn	True	False	False	False	False	False	C
Q07802	Q9D486	Ebf1	Cmip	True	False	False	False	False	False	C
Q07802	Q8BH44	Ebf1	Coro2b	True	False	False	False	False	False	C
Q07802	Q924W7	Ebf1	Dennd2b	True	False	False	False	False	False	C
Q07802	Q3TGW2	Ebf1	Eepd1	True	False	False	False	False	False	C
Q07802	Q9WVK4	Ebf1	Ehd1	True	False	False	False	False	False	C
Q07802	Q8BPU7	Ebf1	Elmo1	True	False	False	False	False	False	C
Q07802	Q78T81	Ebf1	Eeig1	True	False	False	False	False	False	C
Q07802	P26323	Ebf1	Fli1	True	False	False	False	False	False	B
Q07802	Q80X90	Ebf1	Flnb	True	False	False	False	False	False	C
Q07802	P39688	Ebf1	Fyn	True	False	False	False	False	False	C
Q07802	Q8VEB1	Ebf1	Grk5	True	False	False	False	False	False	C
Q07802	O54824	Ebf1	Il16	True	False	False	False	False	False	C
Q07802	D3YUD3	Ebf1	D3YUD3	True	False	False	False	False	False	C
Q07802	P15208	Ebf1	Insr	True	False	False	False	False	False	C
Q07802	E9PUA3	Ebf1	E9PUA3	True	False	False	False	False	False	C
Q07802	P11881	Ebf1	Itpr1	True	False	False	False	False	False	C
Q07802	F8VQJ3	Ebf1	F8VQJ3	True	False	False	False	False	False	C
Q07802	Q8BFW7	Ebf1	Lpp	True	False	False	False	False	False	B
Q07802	P62046	Ebf1	Lrch1	True	False	False	False	False	False	C
Q07802	V9GXT3	Ebf1	V9GXT3	True	False	False	False	False	False	C
Q07802	Q91X97	Ebf1	Ncald	True	False	False	False	False	False	C
Q07802	Q3TZG8	Ebf1	Q3TZG8	True	False	False	False	False	False	C
Q07802	Q9WVE8	Ebf1	Pacsin2	True	False	False	False	False	False	C
Q07802	Q3U1F9	Ebf1	Pag1	True	False	False	False	False	False	C
Q07802	A2API8	Ebf1	A2API8	True	False	False	False	False	False	C
Q07802	O70172	Ebf1	Pip4k2a	True	False	False	False	False	False	C
Q07802	O70139	Ebf1	Pkig	True	False	False	False	False	False	C
Q07802	Q8K394	Ebf1	Plcl2	True	False	False	False	False	False	C
Q07802	D3Z2V2	Ebf1	D3Z2V2	True	False	False	False	False	False	C
Q07802	A2APF4	Ebf1	A2APF4	True	False	False	False	False	False	C
Q07802	A0A140LIN3	Ebf1	A0A140LIN3	True	False	False	False	False	False	C
Q07802	Q69ZK0	Ebf1	Prex1	True	False	False	False	False	False	C
Q07802	Q91WG5	Ebf1	Prkag2	True	False	False	False	False	False	C
Q07802	P28867	Ebf1	Prkcd	True	False	False	False	False	False	C
Q07802	B0V2N1	Ebf1	Ptprs	True	False	False	False	False	False	C
Q07802	Q03385	Ebf1	Ralgds	True	False	False	False	False	False	C
Q07802	Q60790	Ebf1	Rasa3	True	False	False	False	False	False	C
Q07802	Q3UQS8	Ebf1	Rbm20	True	False	False	False	False	False	C
Q07802	Q91WT8	Ebf1	Rbm47	True	False	False	False	False	False	C
Q07802	Q6A0D4	Ebf1	Rftn1	True	False	False	False	False	False	C
Q07802	A0A087WNZ9	Ebf1	A0A087WNZ9	True	False	False	False	False	False	C
Q07802	P59729	Ebf1	Rin3	True	False	False	False	False	False	C
Q07802	Q62179	Ebf1	Sema4b	True	False	False	False	False	False	C
Q07802	A0A3Q4L326	Ebf1	A0A3Q4L326	True	False	False	False	False	False	C
Q07802	O35253	Ebf1	Smad7	True	False	False	False	False	False	C
Q07802	Q8BKQ3	Ebf1	Q8BKQ3	True	False	False	False	False	False	C
Q07802	A0A0U1RNK2	Ebf1	A0A0U1RNK2	True	False	False	False	False	False	C
Q07802	A0A0J9YTR8	Ebf1	A0A0J9YTR8	True	False	False	False	False	False	C
Q07802	F8VQ95	Ebf1	F8VQ95	True	False	False	False	False	False	C
Q07802	Q3U0J8	Ebf1	Tbc1d2b	True	False	False	False	False	False	C
Q07802	A0A0J9YTU7	Ebf1	A0A0J9YTU7	True	False	False	False	False	False	C
Q07802	Q91YX0	Ebf1	Themis2	True	False	False	False	False	False	C
Q07802	Q60846	Ebf1	Tnfrsf8	True	False	False	False	False	False	C
Q07802	Q8BUB6	Ebf1	Ust	True	False	False	False	False	False	C
Q07802	A0A1W2P8G5	Ebf1	A0A1W2P8G5	True	False	False	False	False	False	C
Q07802	P22726	Ebf1	Wnt5b	True	False	False	False	False	False	C
P08046	P21440	Egr1	Abcb4	True	False	False	False	False	False	C
P08046	Q80WJ6	Egr1	Abcc12	True	False	False	False	False	False	C
P08046	Q8R2Y0	Egr1	Abhd6	True	False	False	False	False	False	C
P08046	A0A571BG95	Egr1	A0A571BG95	True	False	False	False	False	False	B
P08046	Q6NXL5	Egr1	Q6NXL5	True	False	False	False	False	False	B
P08046	P60710	Egr1	Actb	True	False	False	False	False	False	B
P08046	P63260	Egr1	Actg1	True	False	False	False	False	False	B
P08046	Q7TPR4	Egr1	Actn1	True	False	False	False	False	False	B
P08046	Q7TSK7	Egr1	Adamtsl2	True	False	False	False	False	False	C
P08046	Q99MU3	Egr1	Adar	True	False	False	False	False	False	B
P08046	Q9QYB5	Egr1	Add3	True	False	False	False	False	False	C
P08046	B8JJE0	Egr1	B8JJE0	True	False	False	False	False	False	B
P08046	Q9Z248	Egr1	Aebp2	True	False	False	False	False	False	C
P08046	F8VQE9	Egr1	F8VQE9	True	False	False	False	False	False	B
P08046	Q9D517	Egr1	Agpat3	True	False	False	False	False	False	B
P08046	M0QWP1	Egr1	M0QWP1	True	False	False	False	False	False	B
P08046	Q6PAL7	Egr1	Ahdc1	True	False	False	False	False	False	B
P08046	A0A494BBD5	Egr1	A0A494BBD5	True	False	False	False	False	False	B
P08046	A0A0R4J020	Egr1	A0A0R4J020	True	False	False	False	False	False	B
P08046	Q8C4Q6	Egr1	Aida	True	False	False	False	False	False	B
P08046	Q9D8B1	Egr1	Aig1	True	False	False	False	False	False	C
P08046	Q9WTQ5	Egr1	Akap12	True	False	False	False	False	False	C
P08046	Q8K2U2	Egr1	Alkbh6	True	False	False	False	False	False	C
P08046	P09242	Egr1	Alpl	True	False	False	False	False	False	C
P08046	Q9Z1P8	Egr1	Angptl4	True	False	False	False	False	False	A
P08046	G5E8J2	Egr1	G5E8J2	True	False	False	False	False	False	C
P08046	E9Q4F7	Egr1	Ankrd11	True	False	False	False	False	False	B
P08046	Q9EST5	Egr1	Anp32b	True	False	False	False	False	False	B
P08046	P48036	Egr1	Anxa5	True	False	False	False	False	False	C
P08046	O54774	Egr1	Ap3d1	True	False	False	False	False	False	B
P08046	D3YYQ9	Egr1	D3YYQ9	True	False	False	False	False	False	B
P08046	Q9DCZ9	Egr1	Aph1c	True	False	False	False	False	False	C
P08046	Q8C7N7	Egr1	Aph1b	True	False	False	False	False	False	C
P08046	Q60709	Egr1	Q60709	True	False	False	False	False	False	C
P08046	Q6IFT4	Egr1	Arhgap20	True	False	False	False	False	False	C
P08046	Q8BL80	Egr1	Arhgap22	True	False	False	False	False	False	C
P08046	Q6ZQ82	Egr1	Arhgap26	True	False	False	False	False	False	B
P08046	B2RQE8	Egr1	Arhgap42	True	False	False	False	False	False	C
P08046	D3Z7R7	Egr1	D3Z7R7	True	False	False	False	False	False	B
P08046	Q3U5C8	Egr1	Arhgef16	True	False	False	False	False	False	C
P08046	Q80U35	Egr1	Arhgef17	True	False	False	False	False	False	B
P08046	A2BH40	Egr1	Arid1a	True	False	False	False	False	False	B
P08046	A0A338P6U8	Egr1	A0A338P6U8	True	False	False	False	False	False	B
P08046	Q62431	Egr1	Arid3a	True	False	False	False	False	False	B
P08046	Q9Z1N7	Egr1	Arid3b	True	False	False	False	False	False	C
P08046	A2CG63	Egr1	Arid4b	True	False	False	False	False	False	C
P08046	Q9D898	Egr1	Arpc5l	True	False	False	False	False	False	B
P08046	Q9D668	Egr1	Arrdc2	True	False	False	False	False	False	B
P08046	Q3TYD4	Egr1	Arsg	True	False	False	False	False	False	B
P08046	P98203	Egr1	Arvcf	True	False	False	False	False	False	B
P08046	Q8VBT9	Egr1	Aspscr1	True	False	False	False	False	False	B
P08046	G3X963	Egr1	G3X963	True	False	False	False	False	False	B
P08046	Q6PA06	Egr1	Atl2	True	False	False	False	False	False	C
P08046	Q8VDN2	Egr1	Atp1a1	True	False	False	False	False	False	B
P08046	P14094	Egr1	Atp1b1	True	False	False	False	False	False	C
P08046	Q9Z1G4	Egr1	Atp6v0a1	True	False	False	False	False	False	C
P08046	O70228	Egr1	Atp9a	True	False	False	False	False	False	C
P08046	E9Q6Z5	Egr1	Aunip	True	False	False	False	False	False	C
P08046	A0A7N9VSJ5	Egr1	A0A7N9VSJ5	True	False	False	False	False	False	C
P08046	E9QMJ8	Egr1	E9QMJ8	True	False	False	False	False	False	C
P08046	O88566	Egr1	Axin2	True	False	False	False	False	False	B
P08046	Q9JI67	Egr1	B3galt5	True	False	False	False	False	False	C
P08046	Q9CW73	Egr1	B3gat1	True	False	False	False	False	False	C
P08046	Q6L8S8	Egr1	B4galnt3	True	False	False	False	False	False	C
P08046	A0A0R4J0I8	Egr1	A0A0R4J0I8	True	False	False	False	False	False	C
P08046	Z4YJL0	Egr1	Z4YJL0	True	False	False	False	False	False	B
P08046	Q8BKX1	Egr1	Baiap2	True	False	False	False	False	False	B
P08046	Q80TT2	Egr1	Baiap3	True	False	False	False	False	False	B
P08046	Q8CGN4	Egr1	Bcor	True	False	False	False	False	False	B
P08046	O35185	Egr1	Bhlhe40	True	False	False	False	False	False	B
P08046	A0JNT9	Egr1	Bicdl1	True	False	False	False	False	False	C
P08046	Q8CHH5	Egr1	Bicral	True	False	False	False	False	False	B
P08046	P34821	Egr1	Bmp8a	True	False	False	False	False	False	C
P08046	Q7JJ13	Egr1	Brd2	True	False	False	False	False	False	B
P08046	A0A494BBD0	Egr1	A0A494BBD0	True	False	False	False	False	False	B
P08046	P18572	Egr1	Bsg	True	False	False	False	False	False	B
P08046	Q9CQC6	Egr1	Bzw1	True	False	False	False	False	False	C
P08046	Q3KNL4	Egr1	Q3KNL4	True	False	False	False	False	False	C
P08046	J3QPM6	Egr1	J3QPM6	True	False	False	False	False	False	C
P08046	Q4ZJM9	Egr1	C1ql4	True	False	False	False	False	False	C
P08046	Q7TT23	Egr1	Dnaaf9	True	False	False	False	False	False	C
P08046	O70354	Egr1	Ca11	True	False	False	False	False	False	B
P08046	Q3U148	Egr1	Q3U148	True	False	False	False	False	False	C
P08046	P97445	Egr1	Cacna1a	True	False	False	False	False	False	C
P08046	O08532	Egr1	Cacna2d1	True	False	False	False	False	False	C
P08046	Q5SVJ0	Egr1	Q5SVJ0	True	False	False	False	False	False	B
P08046	Q8C078	Egr1	Camkk2	True	False	False	False	False	False	C
P08046	A0A0A0MQE5	Egr1	A0A0A0MQE5	True	False	False	False	False	False	B
P08046	A0A0A6YY67	Egr1	A0A0A6YY67	True	False	False	False	False	False	C
P08046	P47757	Egr1	Capzb	True	False	False	False	False	False	C
P08046	Q9WVG6	Egr1	Carm1	True	False	False	False	False	False	B
P08046	G3X975	Egr1	G3X975	True	False	False	False	False	False	B
P08046	Q8C3Q9	Egr1	Casp9	True	False	False	False	False	False	C
P08046	Q9CWL2	Egr1	Casz1	True	False	False	False	False	False	B
P08046	B7ZP57	Egr1	B7ZP57	True	False	False	False	False	False	B
P08046	P30658	Egr1	Cbx2	True	False	False	False	False	False	C
P08046	O55187	Egr1	Cbx4	True	False	False	False	False	False	B
P08046	Q9QXV1	Egr1	Cbx8	True	False	False	False	False	False	B
P08046	J3QNE4	Egr1	J3QNE4	True	False	False	False	False	False	C
P08046	Q8VDN4	Egr1	Ccdc92	True	False	False	False	False	False	C
P08046	P09240	Egr1	Cck	True	False	False	False	False	False	C
P08046	Q8K2Y9	Egr1	Ccm2	True	False	False	False	False	False	C
P08046	Q9QWV9	Egr1	Ccnt1	True	False	False	False	False	False	C
P08046	P40240	Egr1	Cd9	True	False	False	False	False	False	A
P08046	Q7TT50	Egr1	Cdc42bpb	True	False	False	False	False	False	B
P08046	Q80UW5	Egr1	Cdc42bpg	True	False	False	False	False	False	C
P08046	Q9JM96	Egr1	Cdc42ep4	True	False	False	False	False	False	B
P08046	Q9WTR5	Egr1	Cdh13	True	False	False	False	False	False	A
P08046	Q6PFX6	Egr1	Cdh24	True	False	False	False	False	False	C
P08046	Q8BWD8	Egr1	Cdk19	True	False	False	False	False	False	B
P08046	P49615	Egr1	Cdk5	True	False	False	False	False	False	A
P08046	P28033	Egr1	Cebpb	True	False	False	False	False	False	A
P08046	Q9D3R3	Egr1	Cep72	True	False	False	False	False	False	C
P08046	Q8CC70	Egr1	Cfap300	True	False	False	False	False	False	C
P08046	P18760	Egr1	Cfl1	True	False	False	False	False	False	B
P08046	Q9D0N7	Egr1	Chaf1b	True	False	False	False	False	False	C
P08046	E9PZM4	Egr1	Chd2	True	False	False	False	False	False	B
P08046	Q6PDQ2	Egr1	Chd4	True	False	False	False	False	False	B
P08046	E9PYL1	Egr1	E9PYL1	True	False	False	False	False	False	C
P08046	Q8BYH8	Egr1	Chd9	True	False	False	False	False	False	B
P08046	Q810L3	Egr1	Chfr	True	False	False	False	False	False	B
P08046	Q922Q9	Egr1	Chid1	True	False	False	False	False	False	C
P08046	Q9JKP8	Egr1	Chrac1	True	False	False	False	False	False	B
P08046	P32211	Egr1	Chrm4	True	False	False	False	False	False	B
P08046	Q80WV3	Egr1	Chst2	True	False	False	False	False	False	C
P08046	Q76EC5	Egr1	Chst9	True	False	False	False	False	False	C
P08046	E9PVJ3	Egr1	E9PVJ3	True	False	False	False	False	False	C
P08046	A0A087WQ31	Egr1	A0A087WQ31	True	False	False	False	False	False	B
P08046	Q80U30	Egr1	Clec16a	True	False	False	False	False	False	B
P08046	Q9Z0H8	Egr1	Clip2	True	False	False	False	False	False	B
P08046	Q8C5W0	Egr1	Clmn	True	False	False	False	False	False	C
P08046	Q8C5L3	Egr1	Cnot2	True	False	False	False	False	False	C
P08046	Q8K4G2	Egr1	Col23a1	True	False	False	False	False	False	C
P08046	Q8K297	Egr1	Colgalt1	True	False	False	False	False	False	B
P08046	Q3V4B5	Egr1	Commd6	True	False	False	False	False	False	C
P08046	Q9CQI6	Egr1	Cotl1	True	False	False	False	False	False	C
P08046	P12787	Egr1	Cox5a	True	False	False	False	False	False	C
P08046	P63040	Egr1	Cplx1	True	False	False	False	False	False	C
P08046	P84086	Egr1	Cplx2	True	False	False	False	False	False	B
P08046	Q0VE82	Egr1	Cpne7	True	False	False	False	False	False	B
P08046	Q8BFS6	Egr1	Cpped1	True	False	False	False	False	False	C
P08046	P22935	Egr1	Crabp2	True	False	False	False	False	False	A
P08046	Q8BH52	Egr1	Creb3l2	True	False	False	False	False	False	C
P08046	A0A0N4SV71	Egr1	A0A0N4SV71	True	False	False	False	False	False	B
P08046	Q9DCT8	Egr1	Crip2	True	False	False	False	False	False	B
P08046	P97427	Egr1	Crmp1	True	False	False	False	False	False	C
P08046	Q8CJ40	Egr1	Crocc	True	False	False	False	False	False	C
P08046	Q68ED7	Egr1	Crtc1	True	False	False	False	False	False	B
P08046	A0A0G2JG52	Egr1	A0A0G2JG52	True	False	False	False	False	False	B
P08046	A0A0J9YTW3	Egr1	A0A0J9YTW3	True	False	False	False	False	False	B
P08046	Q3TP92	Egr1	Ctdnep1	True	False	False	False	False	False	C
P08046	P58466	Egr1	Ctdsp1	True	False	False	False	False	False	B
P08046	Q8BX07	Egr1	Ctdsp2	True	False	False	False	False	False	B
P08046	Q8R3V6	Egr1	Cuedc1	True	False	False	False	False	False	B
P08046	Q91WA4	Egr1	Cxxc5	True	False	False	False	False	False	B
P08046	Q60720	Egr1	Cyb561	True	False	False	False	False	False	C
P08046	Q80TQ2	Egr1	Cyld	True	False	False	False	False	False	C
P08046	A2AUX5	Egr1	A2AUX5	True	False	False	False	False	False	B
P08046	Q91XC8	Egr1	Dap	True	False	False	False	False	False	C
P08046	Q9QXS6	Egr1	Dbn1	True	False	False	False	False	False	B
P08046	E9PVD3	Egr1	Dchs1	True	False	False	False	False	False	C
P08046	P54823	Egr1	Ddx6	True	False	False	False	False	False	C
P08046	Q8K382	Egr1	Dennd1a	True	False	False	False	False	False	B
P08046	Q9D8K3	Egr1	Derl3	True	False	False	False	False	False	C
P08046	D3YXJ0	Egr1	Dgkh	True	False	False	False	False	False	B
P08046	Q80UP3	Egr1	Dgkz	True	False	False	False	False	False	B
P08046	A2ATU0	Egr1	Dhtkd1	True	False	False	False	False	False	C
P08046	Q99PU8	Egr1	Dhx30	True	False	False	False	False	False	B
P08046	Q8C9B9	Egr1	Dido1	True	False	False	False	False	False	C
P08046	Q62108	Egr1	Dlg4	True	False	False	False	False	False	B
P08046	B1AZP2	Egr1	Dlgap4	True	False	False	False	False	False	B
P08046	Q08274	Egr1	Dmwd	True	False	False	False	False	False	C
P08046	Q8C4C9	Egr1	Q8C4C9	True	False	False	False	False	False	B
P08046	Q8CHS2	Egr1	Dnajc22	True	False	False	False	False	False	B
P08046	P60904	Egr1	Dnajc5	True	False	False	False	False	False	C
P08046	Q8BVN8	Egr1	Dnali1	True	False	False	False	False	False	C
P08046	P39053	Egr1	Dnm1	True	False	False	False	False	False	B
P08046	O88508	Egr1	Dnmt3a	True	False	False	False	False	False	B
P08046	Q7TNF0	Egr1	Doc2a	True	False	False	False	False	False	C
P08046	Q6XZL8	Egr1	Q6XZL8	True	False	False	False	False	False	B
P08046	D3YY44	Egr1	D3YY44	True	False	False	False	False	False	C
P08046	Q9Z218	Egr1	Dpp6	True	False	False	False	False	False	C
P08046	D3Z360	Egr1	D3Z360	True	False	False	False	False	False	C
P08046	Q8BLI4	Egr1	Dse	True	False	False	False	False	False	C
P08046	Q99N11	Egr1	Dusp22	True	False	False	False	False	False	B
P08046	Q6NT99	Egr1	Dusp23	True	False	False	False	False	False	C
P08046	Q9D0M5	Egr1	Dynll2	True	False	False	False	False	False	C
P08046	Q4PZA2	Egr1	Ece1	True	False	False	False	False	False	B
P08046	Q9WUR2	Egr1	Eci2	True	False	False	False	False	False	C
P08046	Q78JN3	Egr1	Eci3	True	False	False	False	False	False	C
P08046	P10126	Egr1	Eef1a1	True	False	False	False	False	False	B
P08046	Q8C845	Egr1	Q8C845	True	False	False	False	False	False	C
P08046	O08545	Egr1	Efna3	True	False	False	False	False	False	B
P08046	Q4VBE4	Egr1	Egflam	True	False	False	False	False	False	C
P08046	E9QP49	Egr1	E9QP49	True	False	False	False	False	False	B
P08046	Q9WVK4	Egr1	Ehd1	True	False	False	False	False	False	B
P08046	Q5DW34	Egr1	Ehmt1	True	False	False	False	False	False	B
P08046	Q60775	Egr1	Elf1	True	False	False	False	False	False	B
P08046	Q9JHC9	Egr1	Elf2	True	False	False	False	False	False	B
P08046	O08856	Egr1	Ell	True	False	False	False	False	False	B
P08046	Q99L85	Egr1	Elp5	True	False	False	False	False	False	C
P08046	Q91VF5	Egr1	Emid1	True	False	False	False	False	False	C
P08046	Q8BGB7	Egr1	Enoph1	True	False	False	False	False	False	C
P08046	P97481	Egr1	Epas1	True	False	False	False	False	False	B
P08046	Q8C9X6	Egr1	Epc1	True	False	False	False	False	False	C
P08046	Q03145	Egr1	Epha2	True	False	False	False	False	False	B
P08046	Q8CBF3	Egr1	Ephb1	True	False	False	False	False	False	C
P08046	Q91WL0	Egr1	Eps8l3	True	False	False	False	False	False	C
P08046	P49290	Egr1	Epx	True	False	False	False	False	False	A
P08046	Q80TH2	Egr1	Erbin	True	False	False	False	False	False	C
P08046	P07903	Egr1	Ercc1	True	False	False	False	False	False	B
P08046	A0A0R4J0I0	Egr1	A0A0R4J0I0	True	False	False	False	False	False	B
P08046	P81270	Egr1	Erg	True	False	False	False	False	False	C
P08046	Q9DC16	Egr1	Ergic1	True	False	False	False	False	False	B
P08046	E9PY43	Egr1	E9PY43	True	False	False	False	False	False	B
P08046	B1AWQ4	Egr1	B1AWQ4	True	False	False	False	False	False	C
P08046	P41163	Egr1	Etv2	True	False	False	False	False	False	C
P08046	A2A5C3	Egr1	A2A5C3	True	False	False	False	False	False	B
P08046	H3BKQ3	Egr1	H3BKQ3	True	False	False	False	False	False	B
P08046	Q3U9D6	Egr1	Q3U9D6	True	False	False	False	False	False	B
P08046	A2ACJ2	Egr1	Faap100	True	False	False	False	False	False	C
P08046	Q3UN58	Egr1	Faap20	True	False	False	False	False	False	B
P08046	Q9WUD8	Egr1	Faim	True	False	False	False	False	False	C
P08046	Q78T81	Egr1	Eeig1	True	False	False	False	False	False	C
P08046	Q9D281	Egr1	Fam114a1	True	False	False	False	False	False	C
P08046	Q7TNF9	Egr1	Fam117a	True	False	False	False	False	False	B
P08046	Q91YN1	Egr1	Fam118a	True	False	False	False	False	False	B
P08046	Q8BWU3	Egr1	Fam131a	True	False	False	False	False	False	C
P08046	Q8BGI4	Egr1	Fam13a	True	False	False	False	False	False	B
P08046	Q505K2	Egr1	Fhip1a	True	False	False	False	False	False	C
P08046	Q8BR27	Egr1	Atosb	True	False	False	False	False	False	C
P08046	Q6P539	Egr1	Fam222b	True	False	False	False	False	False	B
P08046	D3YWC7	Egr1	D3YWC7	True	False	False	False	False	False	C
P08046	B8JJD3	Egr1	B8JJD3	True	False	False	False	False	False	C
P08046	P19096	Egr1	Fasn	True	False	False	False	False	False	A
P08046	E9Q9T0	Egr1	E9Q9T0	True	False	False	False	False	False	B
P08046	Q8BH70	Egr1	Fbxl4	True	False	False	False	False	False	C
P08046	Q3TQF0	Egr1	Fbxo31	True	False	False	False	False	False	B
P08046	Q80XI1	Egr1	Fbxo34	True	False	False	False	False	False	C
P08046	Q8K285	Egr1	Fcho1	True	False	False	False	False	False	B
P08046	P70377	Egr1	Fgf13	True	False	False	False	False	False	A
P08046	Q9ESS2	Egr1	Fgf22	True	False	False	False	False	False	C
P08046	D3YWD4	Egr1	D3YWD4	True	False	False	False	False	False	C
P08046	A0A0J9YUX1	Egr1	A0A0J9YUX1	True	False	False	False	False	False	A
P08046	Q91V87	Egr1	Fgfrl1	True	False	False	False	False	False	B
P08046	P45878	Egr1	Fkbp2	True	False	False	False	False	False	B
P08046	Q64378	Egr1	Fkbp5	True	False	False	False	False	False	B
P08046	P35917	Egr1	Flt4	True	False	False	False	False	False	C
P08046	Q8BX90	Egr1	Fndc3a	True	False	False	False	False	False	C
P08046	Q8K4Z2	Egr1	Fndc5	True	False	False	False	False	False	C
P08046	A2AED3	Egr1	Fndc7	True	False	False	False	False	False	C
P08046	P48755	Egr1	Fosl1	True	False	False	False	False	False	A
P08046	Q61080	Egr1	Foxf1	True	False	False	False	False	False	C
P08046	P42128	Egr1	Foxk1	True	False	False	False	False	False	B
P08046	Q61553	Egr1	Fscn1	True	False	False	False	False	False	B
P08046	P59648	Egr1	Fxyd7	True	False	False	False	False	False	C
P08046	Q9JIP6	Egr1	Fzd2	True	False	False	False	False	False	C
P08046	Q8CA72	Egr1	Gan	True	False	False	False	False	False	C
P08046	O09100	Egr1	Gata2	True	False	False	False	False	False	B
P08046	A0A1D5RM07	Egr1	A0A1D5RM07	True	False	False	False	False	False	B
P08046	Q3UHD2	Egr1	Gfod1	True	False	False	False	False	False	C
P08046	O35118	Egr1	Gfra3	True	False	False	False	False	False	C
P08046	Q8R0H9	Egr1	Gga1	True	False	False	False	False	False	B
P08046	Q80WJ1	Egr1	Ggn	True	False	False	False	False	False	C
P08046	Q0P543	Egr1	Gipr	True	False	False	False	False	False	B
P08046	Q64448	Egr1	Gja3	True	False	False	False	False	False	C
P08046	Q9JMB0	Egr1	Gkap1	True	False	False	False	False	False	C
P08046	Q6PGG2	Egr1	Gmip	True	False	False	False	False	False	C
P08046	P50153	Egr1	Gng4	True	False	False	False	False	False	C
P08046	Q61016	Egr1	Gng7	True	False	False	False	False	False	C
P08046	Q8K0Z9	Egr1	Gpr153	True	False	False	False	False	False	B
P08046	Q8C206	Egr1	Gpr157	True	False	False	False	False	False	C
P08046	Q923Z0	Egr1	Gprc5b	True	False	False	False	False	False	C
P08046	O70325	Egr1	Gpx4	True	False	False	False	False	False	B
P08046	Q01098	Egr1	Grin2c	True	False	False	False	False	False	C
P08046	Q9ESF4	Egr1	Grina	True	False	False	False	False	False	C
P08046	Q9EP84	Egr1	Q9EP84	True	False	False	False	False	False	B
P08046	Q9D3N8	Egr1	Grtp1	True	False	False	False	False	False	C
P08046	Q3U3C9	Egr1	Gse1	True	False	False	False	False	False	B
P08046	Q9ESZ8	Egr1	Gtf2i	True	False	False	False	False	False	B
P08046	Q8CFX1	Egr1	H6pd	True	False	False	False	False	False	C
P08046	E9Q1A8	Egr1	E9Q1A8	True	False	False	False	False	False	B
P08046	Q91WA3	Egr1	Hdac11	True	False	False	False	False	False	B
P08046	Q6NZM9	Egr1	Hdac4	True	False	False	False	False	False	B
P08046	Q8K4P8	Egr1	Hecw1	True	False	False	False	False	False	C
P08046	O54792	Egr1	Hes2	True	False	False	False	False	False	C
P08046	A0A1W2P7Y8	Egr1	A0A1W2P7Y8	True	False	False	False	False	False	B
P08046	Q9JHE6	Egr1	Hes6	True	False	False	False	False	False	C
P08046	Q9JKY5	Egr1	Hip1r	True	False	False	False	False	False	B
P08046	Q9QZR5	Egr1	Hipk2	True	False	False	False	False	False	C
P08046	A0A1Y7VJI1	Egr1	A0A1Y7VJI1	True	False	False	False	False	False	B
P08046	Q3UHF7	Egr1	Hivep2	True	False	False	False	False	False	B
P08046	Q8BW74	Egr1	Hlf	True	False	False	False	False	False	C
P08046	P17095	Egr1	Hmga1	True	False	False	False	False	False	B
P08046	P63158	Egr1	Hmgb1	True	False	False	False	False	False	C
P08046	Q9Z2X1	Egr1	Hnrnpf	True	False	False	False	False	False	B
P08046	Q8R081	Egr1	Hnrnpl	True	False	False	False	False	False	B
P08046	Q8VDM6	Egr1	Hnrnpul1	True	False	False	False	False	False	B
P08046	Q7TMK6	Egr1	Hook2	True	False	False	False	False	False	B
P08046	P70321	Egr1	Hoxb13	True	False	False	False	False	False	C
P08046	P62748	Egr1	Hpcal1	True	False	False	False	False	False	B
P08046	Q61411	Egr1	Hras	True	False	False	False	False	False	C
P08046	P07901	Egr1	Hsp90aa1	True	False	False	False	False	False	C
P08046	P11499	Egr1	Hsp90ab1	True	False	False	False	False	False	B
P08046	E9PZ16	Egr1	E9PZ16	True	False	False	False	False	False	C
P08046	P17950	Egr1	Ier2	True	False	False	False	False	False	B
P08046	E9PY46	Egr1	Ift140	True	False	False	False	False	False	B
P08046	Q61371	Egr1	Ift88	True	False	False	False	False	False	C
P08046	Q9CPN8	Egr1	Igf2bp3	True	False	False	False	False	False	B
P08046	Q07113	Egr1	Igf2r	True	False	False	False	False	False	C
P08046	P47879	Egr1	Igfbp4	True	False	False	False	False	False	C
P08046	Q8HW98	Egr1	Iglon5	True	False	False	False	False	False	C
P08046	P13504	Egr1	Il1r1	True	False	False	False	False	False	C
P08046	P50096	Egr1	Impdh1	True	False	False	False	False	False	C
P08046	Q9WU62	Egr1	Incenp	True	False	False	False	False	False	C
P08046	Q9ESK4	Egr1	Ing2	True	False	False	False	False	False	B
P08046	Q9D8Y8	Egr1	Ing5	True	False	False	False	False	False	B
P08046	Q80VY2	Egr1	Inka2	True	False	False	False	False	False	B
P08046	P59644	Egr1	Inpp5j	True	False	False	False	False	False	C
P08046	Q6P549	Egr1	Inppl1	True	False	False	False	False	False	B
P08046	P15208	Egr1	Insr	True	False	False	False	False	False	B
P08046	A0A0R4J0V1	Egr1	A0A0R4J0V1	True	False	False	False	False	False	C
P08046	E9PUA3	Egr1	E9PUA3	True	False	False	False	False	False	B
P08046	P15314	Egr1	Irf1	True	False	False	False	False	False	B
P08046	A0A0U1RQ16	Egr1	A0A0U1RQ16	True	False	False	False	False	False	C
P08046	P43406	Egr1	Itgav	True	False	False	False	False	False	C
P08046	P09055	Egr1	Itgb1	True	False	False	False	False	False	C
P08046	D3YYP8	Egr1	D3YYP8	True	False	False	False	False	False	B
P08046	O89051	Egr1	Itm2b	True	False	False	False	False	False	C
P08046	Q8BYN3	Egr1	Itpk1	True	False	False	False	False	False	B
P08046	Q6ZPI0	Egr1	Jade1	True	False	False	False	False	False	C
P08046	D3Z4U5	Egr1	D3Z4U5	True	False	False	False	False	False	C
P08046	Q62315	Egr1	Jarid2	True	False	False	False	False	False	B
P08046	Q80ZQ5	Egr1	Jazf1	True	False	False	False	False	False	C
P08046	P97875	Egr1	Jdp2	True	False	False	False	False	False	C
P08046	Q9ET77	Egr1	Jph3	True	False	False	False	False	False	C
P08046	M0QW57	Egr1	M0QW57	True	False	False	False	False	False	B
P08046	P15066	Egr1	Jund	True	False	False	False	False	False	C
P08046	Q02257	Egr1	Jup	True	False	False	False	False	False	B
P08046	G3X9X1	Egr1	Kbtbd2	True	False	False	False	False	False	C
P08046	P62482	Egr1	Kcnab2	True	False	False	False	False	False	B
P08046	Q63959	Egr1	Kcnc3	True	False	False	False	False	False	B
P08046	Q53Z09	Egr1	Q53Z09	True	False	False	False	False	False	B
P08046	F6TUN6	Egr1	F6TUN6	True	False	False	False	False	False	A
P08046	Q9JJ69	Egr1	Kcnip2	True	False	False	False	False	False	B
P08046	Q61743	Egr1	Kcnj11	True	False	False	False	False	False	C
P08046	Q8R1P5	Egr1	Kcnk13	True	False	False	False	False	False	C
P08046	Q9JIN6	Egr1	Kcnmb4	True	False	False	False	False	False	C
P08046	A0A140T8Q8	Egr1	A0A140T8Q8	True	False	False	False	False	False	B
P08046	P97414	Egr1	Kcnq1	True	False	False	False	False	False	C
P08046	A0A5K1VVR8	Egr1	A0A5K1VVR8	True	False	False	False	False	False	C
P08046	Q8R1L4	Egr1	Kdelr3	True	False	False	False	False	False	C
P08046	F6YRW4	Egr1	F6YRW4	True	False	False	False	False	False	B
P08046	Q6P1G2	Egr1	Kdm2b	True	False	False	False	False	False	B
P08046	Q5NCY0	Egr1	Kdm6b	True	False	False	False	False	False	B
P08046	Q3UWM4	Egr1	Kdm7a	True	False	False	False	False	False	C
P08046	A2A7S8	Egr1	Nhsl3	True	False	False	False	False	False	B
P08046	A0A5F8MPZ2	Egr1	A0A5F8MPZ2	True	False	False	False	False	False	B
P08046	D3Z710	Egr1	D3Z710	True	False	False	False	False	False	C
P08046	O89091	Egr1	Klf10	True	False	False	False	False	False	B
P08046	Q9JJZ6	Egr1	Klf13	True	False	False	False	False	False	B
P08046	P58334	Egr1	Klf16	True	False	False	False	False	False	B
P08046	Q60843	Egr1	Klf2	True	False	False	False	False	False	B
P08046	Q8CEC4	Egr1	Q8CEC4	True	False	False	False	False	False	B
P08046	A0A286YD60	Egr1	A0A286YD60	True	False	False	False	False	False	C
P08046	Q3U410	Egr1	Klhl21	True	False	False	False	False	False	B
P08046	Q99JN2	Egr1	Klhl22	True	False	False	False	False	False	C
P08046	A2AJX0	Egr1	A2AJX0	True	False	False	False	False	False	C
P08046	F8WJ40	Egr1	F8WJ40	True	False	False	False	False	False	C
P08046	Q307W7	Egr1	Kncn	True	False	False	False	False	False	C
P08046	P70168	Egr1	Kpnb1	True	False	False	False	False	False	B
P08046	P19137	Egr1	Lama1	True	False	False	False	False	False	C
P08046	Q61792	Egr1	Lasp1	True	False	False	False	False	False	B
P08046	O09010	Egr1	Lfng	True	False	False	False	False	False	B
P08046	Q9Z0S2	Egr1	Lhx2	True	False	False	False	False	False	C
P08046	Q8R055	Egr1	Q8R055	True	False	False	False	False	False	B
P08046	Q91XD2	Egr1	Lims2	True	False	False	False	False	False	C
P08046	Q9JIT0	Egr1	Lmbr1	True	False	False	False	False	False	C
P08046	D6RDS1	Egr1	D6RDS1	True	False	False	False	False	False	C
P08046	P48678	Egr1	Lmna	True	False	False	False	False	False	B
P08046	P61969	Egr1	Lmo4	True	False	False	False	False	False	B
P08046	D3YXJ5	Egr1	D3YXJ5	True	False	False	False	False	False	C
P08046	Q8BXA0	Egr1	Lrfn5	True	False	False	False	False	False	C
P08046	Q8VC16	Egr1	Lrrc14	True	False	False	False	False	False	B
P08046	Q80YS5	Egr1	Lrrc27	True	False	False	False	False	False	C
P08046	Q8C031	Egr1	Lrrc4c	True	False	False	False	False	False	C
P08046	Q80WG5	Egr1	Lrrc8a	True	False	False	False	False	False	B
P08046	Q8CGC4	Egr1	Lsm14b	True	False	False	False	False	False	C
P08046	Q99KG5	Egr1	Lsr	True	False	False	False	False	False	B
P08046	Q8BLN5	Egr1	Lss	True	False	False	False	False	False	B
P08046	Q61810	Egr1	Ltbp3	True	False	False	False	False	False	B
P08046	Q8K4G1	Egr1	Ltbp4	True	False	False	False	False	False	B
P08046	Q64253	Egr1	Ly6e	True	False	False	False	False	False	B
P08046	G3X915	Egr1	G3X915	True	False	False	False	False	False	C
P08046	Q8VEB3	Egr1	Macir	True	False	False	False	False	False	C
P08046	Q9WTX8	Egr1	Mad1l1	True	False	False	False	False	False	B
P08046	Q9D752	Egr1	Mad2l2	True	False	False	False	False	False	C
P08046	A2AMW4	Egr1	A2AMW4	True	False	False	False	False	False	C
P08046	O89009	Egr1	O89009	True	False	False	False	False	False	C
P08046	Q6T340	Egr1	Q6T340	True	False	False	False	False	False	C
P08046	Q9CWV0	Egr1	Malsu1	True	False	False	False	False	False	C
P08046	P0C6A2	Egr1	Mamld1	True	False	False	False	False	False	C
P08046	Q6NXK9	Egr1	Q6NXK9	True	False	False	False	False	False	C
P08046	Q6P1J0	Egr1	Maneal	True	False	False	False	False	False	C
P08046	Q9CQV6	Egr1	Map1lc3b	True	False	False	False	False	False	B
P08046	Q80XI6	Egr1	Map3k11	True	False	False	False	False	False	B
P08046	Q9WUL6	Egr1	Map3k14	True	False	False	False	False	False	B
P08046	A0A0A0MQ82	Egr1	A0A0A0MQ82	True	False	False	False	False	False	B
P08046	P63085	Egr1	Mapk1	True	False	False	False	False	False	C
P08046	Q63844	Egr1	Mapk3	True	False	False	False	False	False	C
P08046	A0A2I3BPL3	Egr1	A0A2I3BPL3	True	False	False	False	False	False	C
P08046	Q99LB6	Egr1	Mat2b	True	False	False	False	False	False	C
P08046	A0A0U1RNL9	Egr1	A0A0U1RNL9	True	False	False	False	False	False	C
P08046	Q8R2Y2	Egr1	Mcam	True	False	False	False	False	False	C
P08046	Q3UGS4	Egr1	Mcrip1	True	False	False	False	False	False	B
P08046	D3Z499	Egr1	D3Z499	True	False	False	False	False	False	B
P08046	Q924H2	Egr1	Med15	True	False	False	False	False	False	B
P08046	E9QKT0	Egr1	E9QKT0	True	False	False	False	False	False	B
P08046	Q5SW13	Egr1	Q5SW13	True	False	False	False	False	False	C
P08046	F8WJD6	Egr1	F8WJD6	True	False	False	False	False	False	B
P08046	Q05A36	Egr1	Mex3c	True	False	False	False	False	False	B
P08046	D3YTR3	Egr1	D3YTR3	True	False	False	False	False	False	C
P08046	Q5RKT9	Egr1	Q5RKT9	True	False	False	False	False	False	C
P08046	Q9D074	Egr1	Mgrn1	True	False	False	False	False	False	B
P08046	A0A0R4J2D3	Egr1	A0A0R4J2D3	True	False	False	False	False	False	C
P08046	Q8VDP3	Egr1	Mical1	True	False	False	False	False	False	C
P08046	Q8CJ19	Egr1	Mical3	True	False	False	False	False	False	B
P08046	A0A1Y7VP67	Egr1	A0A1Y7VP67	True	False	False	False	False	False	B
P08046	Q3TPJ7	Egr1	Midn	True	False	False	False	False	False	B
P08046	Q8CDB0	Egr1	Mknk2	True	False	False	False	False	False	B
P08046	Q8CGV8	Egr1	Q8CGV8	True	False	False	False	False	False	C
P08046	O08789	Egr1	Mnt	True	False	False	False	False	False	B
P08046	Q14CH1	Egr1	Mocos	True	False	False	False	False	False	C
P08046	A0A0R4J206	Egr1	A0A0R4J206	True	False	False	False	False	False	C
P08046	P23249	Egr1	Mov10	True	False	False	False	False	False	B
P08046	Q64449	Egr1	Mrc2	True	False	False	False	False	False	B
P08046	E0CZ22	Egr1	Mroh1	True	False	False	False	False	False	B
P08046	Q9D7N6	Egr1	Mrpl30	True	False	False	False	False	False	C
P08046	Q9CR78	Egr1	Msantd3	True	False	False	False	False	False	C
P08046	Q9WVG9	Egr1	Msl3	True	False	False	False	False	False	C
P08046	Q9CRA4	Egr1	Msmo1	True	False	False	False	False	False	C
P08046	E9PUB7	Egr1	E9PUB7	True	False	False	False	False	False	C
P08046	Q8BKY8	Egr1	Mterf2	True	False	False	False	False	False	C
P08046	D3YTP3	Egr1	D3YTP3	True	False	False	False	False	False	C
P08046	Q9CZH7	Egr1	Mxra7	True	False	False	False	False	False	C
P08046	Q9WTI7	Egr1	Myo1c	True	False	False	False	False	False	B
P08046	Q61122	Egr1	Nab1	True	False	False	False	False	False	C
P08046	Q99J77	Egr1	Nans	True	False	False	False	False	False	C
P08046	O35136	Egr1	Ncam2	True	False	False	False	False	False	C
P08046	E9PWU9	Egr1	E9PWU9	True	False	False	False	False	False	C
P08046	E9PY55	Egr1	E9PY55	True	False	False	False	False	False	B
P08046	Q8BNY6	Egr1	Ncs1	True	False	False	False	False	False	C
P08046	Q3UHN9	Egr1	Ndst1	True	False	False	False	False	False	B
P08046	Q4FZG9	Egr1	Ndufa4l2	True	False	False	False	False	False	B
P08046	A0A286YDV4	Egr1	A0A286YDV4	True	False	False	False	False	False	B
P08046	Q923S6	Egr1	Neurl1	True	False	False	False	False	False	B
P08046	Q5NCX5	Egr1	Neurl4	True	False	False	False	False	False	C
P08046	B5B2N2	Egr1	B5B2N2	True	False	False	False	False	False	B
P08046	Q60795	Egr1	Nfe2l2	True	False	False	False	False	False	B
P08046	Q02780	Egr1	Nfia	True	False	False	False	False	False	B
P08046	P70255	Egr1	Nfic	True	False	False	False	False	False	B
P08046	E9PUH7	Egr1	E9PUH7	True	False	False	False	False	False	C
P08046	Q9WTK5	Egr1	Nfkb2	True	False	False	False	False	False	B
P08046	P23708	Egr1	Nfya	True	False	False	False	False	False	B
P08046	P70353	Egr1	Nfyc	True	False	False	False	False	False	C
P08046	Q8R1F1	Egr1	Niban2	True	False	False	False	False	False	C
P08046	O70131	Egr1	Ninj1	True	False	False	False	False	False	B
P08046	P50220	Egr1	Nkx2-1	True	False	False	False	False	False	C
P08046	Q3TZG8	Egr1	Q3TZG8	True	False	False	False	False	False	B
P08046	Q9D3A8	Egr1	Nos1ap	True	False	False	False	False	False	C
P08046	Q61982	Egr1	Notch3	True	False	False	False	False	False	B
P08046	A0A1W2P872	Egr1	Nova2	True	False	False	False	False	False	C
P08046	P97459	Egr1	Npas1	True	False	False	False	False	False	B
P08046	Q8BGD7	Egr1	Npas4	True	False	False	False	False	False	C
P08046	P43136	Egr1	Nr2f6	True	False	False	False	False	False	C
P08046	Q06219	Egr1	Nr4a2	True	False	False	False	False	False	B
P08046	Q91ZA8	Egr1	Nrarp	True	False	False	False	False	False	B
P08046	Q80VU4	Egr1	Ntf4	True	False	False	False	False	False	C
P08046	Q8R2U4	Egr1	Ntmt1	True	False	False	False	False	False	B
P08046	O09118	Egr1	Ntn1	True	False	False	False	False	False	C
P08046	O08919	Egr1	Numbl	True	False	False	False	False	False	B
P08046	Q9QY81	Egr1	Nup210	True	False	False	False	False	False	C
P08046	Q9D531	Egr1	Nxnl2	True	False	False	False	False	False	C
P08046	Q6PFX7	Egr1	Nyap1	True	False	False	False	False	False	C
P08046	P54369	Egr1	Oaz1	True	False	False	False	False	False	B
P08046	P00860	Egr1	Odc1	True	False	False	False	False	False	C
P08046	Q8R357	Egr1	Q8R357	True	False	False	False	False	False	C
P08046	A0A1L1SV46	Egr1	A0A1L1SV46	True	False	False	False	False	False	B
P08046	Q9EQW6	Egr1	Olig2	True	False	False	False	False	False	C
P08046	Q8BX94	Egr1	Osbpl2	True	False	False	False	False	False	C
P08046	Q9CQX0	Egr1	Otub2	True	False	False	False	False	False	C
P08046	Q6IE21	Egr1	Otud6a	True	False	False	False	False	False	C
P08046	A2A7Q5	Egr1	A2A7Q5	True	False	False	False	False	False	C
P08046	Q8CG70	Egr1	P3h3	True	False	False	False	False	False	B
P08046	Q9WVE8	Egr1	Pacsin2	True	False	False	False	False	False	B
P08046	Q8BTW9	Egr1	Pak4	True	False	False	False	False	False	C
P08046	A0A0R4J007	Egr1	A0A0R4J007	True	False	False	False	False	False	C
P08046	Q80YV4	Egr1	Pank4	True	False	False	False	False	False	C
P08046	Q9JK83	Egr1	Pard6b	True	False	False	False	False	False	B
P08046	Q5NBY9	Egr1	Patz1	True	False	False	False	False	False	B
P08046	P60335	Egr1	Pcbp1	True	False	False	False	False	False	B
P08046	P29121	Egr1	Pcsk4	True	False	False	False	False	False	C
P08046	O89084	Egr1	Pde4a	True	False	False	False	False	False	B
P08046	Q3UEI1	Egr1	Pde4c	True	False	False	False	False	False	C
P08046	O88502	Egr1	Pde8a	True	False	False	False	False	False	B
P08046	P70271	Egr1	Pdlim4	True	False	False	False	False	False	C
P08046	Q3TJD7	Egr1	Pdlim7	True	False	False	False	False	False	C
P08046	Q3UV70	Egr1	Pdp1	True	False	False	False	False	False	C
P08046	Q33DR3	Egr1	Pdss2	True	False	False	False	False	False	C
P08046	Q8K183	Egr1	Pdxk	True	False	False	False	False	False	B
P08046	B1AUE5	Egr1	Pex10	True	False	False	False	False	False	C
P08046	A2AUP1	Egr1	A2AUP1	True	False	False	False	False	False	B
P08046	Q9WUA3	Egr1	Pfkp	True	False	False	False	False	False	C
P08046	Q9DCD0	Egr1	Pgd	True	False	False	False	False	False	C
P08046	Q8BH49	Egr1	Pheta1	True	False	False	False	False	False	C
P08046	Q9CXG9	Egr1	Phf19	True	False	False	False	False	False	B
P08046	A0A1C7ZN08	Egr1	A0A1C7ZN08	True	False	False	False	False	False	B
P08046	Q6PDH0	Egr1	Phldb1	True	False	False	False	False	False	B
P08046	Q62066	Egr1	Phox2a	True	False	False	False	False	False	C
P08046	E9PUQ9	Egr1	E9PUQ9	True	False	False	False	False	False	B
P08046	D3Z0X7	Egr1	D3Z0X7	True	False	False	False	False	False	B
P08046	O08852	Egr1	Pkd1	True	False	False	False	False	False	C
P08046	Q5RJI4	Egr1	Pkdcc	True	False	False	False	False	False	C
P08046	P52480	Egr1	Pkm	True	False	False	False	False	False	B
P08046	Q9ESG9	Egr1	Pkmyt1	True	False	False	False	False	False	B
P08046	Q9CQ73	Egr1	Pkp2	True	False	False	False	False	False	C
P08046	A0A0A6YWE3	Egr1	A0A0A6YWE3	True	False	False	False	False	False	C
P08046	Q8R3B1	Egr1	Plcd1	True	False	False	False	False	False	C
P08046	Q3UNN8	Egr1	Pld5	True	False	False	False	False	False	C
P08046	Q9QXS1	Egr1	Plec	True	False	False	False	False	False	B
P08046	Q3TB82	Egr1	Plekhf1	True	False	False	False	False	False	C
P08046	Q66T02	Egr1	Plekhg5	True	False	False	False	False	False	B
P08046	Q8BVZ1	Egr1	Plin5	True	False	False	False	False	False	C
P08046	B2RXS4	Egr1	Plxnb2	True	False	False	False	False	False	B
P08046	Q69ZP3	Egr1	Pnkd	True	False	False	False	False	False	B
P08046	Q3TRM4	Egr1	Pnpla6	True	False	False	False	False	False	B
P08046	Q9D819	Egr1	Ppa1	True	False	False	False	False	False	C
P08046	Q8VHJ7	Egr1	Ppargc1b	True	False	False	False	False	False	C
P08046	P60469	Egr1	Ppfia3	True	False	False	False	False	False	B
P08046	P36993	Egr1	Ppm1b	True	False	False	False	False	False	B
P08046	Q8BQ30	Egr1	Ppp1r18	True	False	False	False	False	False	B
P08046	Q8BKR5	Egr1	Ppp1r37	True	False	False	False	False	False	B
P08046	Q6R891	Egr1	Ppp1r9b	True	False	False	False	False	False	B
P08046	Q8C0Y0	Egr1	Ppp4r4	True	False	False	False	False	False	C
P08046	P05132	Egr1	Prkaca	True	False	False	False	False	False	C
P08046	Q91WG5	Egr1	Prkag2	True	False	False	False	False	False	C
P08046	P28867	Egr1	Prkcd	True	False	False	False	False	False	B
P08046	Q02956	Egr1	Prkcz	True	False	False	False	False	False	B
P08046	E9QJV4	Egr1	E9QJV4	True	False	False	False	False	False	C
P08046	B1AT82	Egr1	B1AT82	True	False	False	False	False	False	B
P08046	E9Q7C4	Egr1	E9Q7C4	True	False	False	False	False	False	C
P08046	F8WHT3	Egr1	F8WHT3	True	False	False	False	False	False	B
P08046	O08762	Egr1	Prss12	True	False	False	False	False	False	C
P08046	Q52KR3	Egr1	Prune2	True	False	False	False	False	False	C
P08046	Q5DTT2	Egr1	Psd	True	False	False	False	False	False	B
P08046	Q99JF8	Egr1	Psip1	True	False	False	False	False	False	C
P08046	Q61115	Egr1	Ptch1	True	False	False	False	False	False	B
P08046	Q9QVP9	Egr1	Ptk2b	True	False	False	False	False	False	B
P08046	P26350	Egr1	Ptma	True	False	False	False	False	False	B
P08046	Q9D0J8	Egr1	Ptms	True	False	False	False	False	False	C
P08046	Q91VU8	Egr1	Ptov1	True	False	False	False	False	False	B
P08046	O70274	Egr1	Ptp4a2	True	False	False	False	False	False	B
P08046	P49446	Egr1	Ptpre	True	False	False	False	False	False	B
P08046	A0A0A6YVQ2	Egr1	A0A0A6YVQ2	True	False	False	False	False	False	C
P08046	Q3TMX7	Egr1	Qsox2	True	False	False	False	False	False	C
P08046	P62492	Egr1	Rab11a	True	False	False	False	False	False	B
P08046	Q8BQP8	Egr1	Rab11fip4	True	False	False	False	False	False	C
P08046	P62821	Egr1	Rab1a	True	False	False	False	False	False	C
P08046	P35295	Egr1	Rab20	True	False	False	False	False	False	C
P08046	Q8VHQ4	Egr1	Rab40c	True	False	False	False	False	False	B
P08046	P54728	Egr1	Rad23b	True	False	False	False	False	False	B
P08046	P70270	Egr1	Rad54l	True	False	False	False	False	False	C
P08046	Q61818	Egr1	Rai1	True	False	False	False	False	False	B
P08046	Q03385	Egr1	Ralgds	True	False	False	False	False	False	B
P08046	A2ALS5	Egr1	Rap1gap	True	False	False	False	False	False	B
P08046	P11416	Egr1	Rara	True	False	False	False	False	False	B
P08046	P18911	Egr1	Rarg	True	False	False	False	False	False	B
P08046	P58069	Egr1	Rasa2	True	False	False	False	False	False	C
P08046	Q60790	Egr1	Rasa3	True	False	False	False	False	False	B
P08046	Q6PFQ7	Egr1	Rasa4	True	False	False	False	False	False	C
P08046	A0A0N4SVR5	Egr1	A0A0N4SVR5	True	False	False	False	False	False	C
P08046	Q9QUG9	Egr1	Rasgrp2	True	False	False	False	False	False	B
P08046	Q04863	Egr1	Relb	True	False	False	False	False	False	C
P08046	Q80TZ9	Egr1	Rere	True	False	False	False	False	False	B
P08046	Q920Q2	Egr1	Rev1	True	False	False	False	False	False	C
P08046	Q7TS73	Egr1	Rflna	True	False	False	False	False	False	C
P08046	P48379	Egr1	Rfx2	True	False	False	False	False	False	B
P08046	Q8CGE9	Egr1	Rgs12	True	False	False	False	False	False	C
P08046	P97348	Egr1	Rhod	True	False	False	False	False	False	C
P08046	Q8BYP3	Egr1	Rhof	True	False	False	False	False	False	B
P08046	Q5SWK7	Egr1	Rnf145	True	False	False	False	False	False	C
P08046	Q9DCN7	Egr1	Rnft1	True	False	False	False	False	False	C
P08046	Q91VI7	Egr1	Rnh1	True	False	False	False	False	False	B
P08046	Q3TDK6	Egr1	Rogdi	True	False	False	False	False	False	C
P08046	Q91YQ5	Egr1	Rpn1	True	False	False	False	False	False	B
P08046	P25444	Egr1	Rps2	True	False	False	False	False	False	C
P08046	Q9WUT3	Egr1	Rps6ka2	True	False	False	False	False	False	B
P08046	Q8VCZ8	Egr1	Rpusd1	True	False	False	False	False	False	C
P08046	Q7M6Z0	Egr1	Rtn4rl2	True	False	False	False	False	False	C
P08046	A0A0G2JFT8	Egr1	A0A0G2JFT8	True	False	False	False	False	False	B
P08046	A0A087WR05	Egr1	A0A087WR05	True	False	False	False	False	False	B
P08046	P28700	Egr1	Rxra	True	False	False	False	False	False	C
P08046	P07091	Egr1	S100a4	True	False	False	False	False	False	C
P08046	J3QN61	Egr1	J3QN61	True	False	False	False	False	False	B
P08046	Q8K070	Egr1	Samd14	True	False	False	False	False	False	C
P08046	Q8CBY1	Egr1	Samd4a	True	False	False	False	False	False	B
P08046	D3YU76	Egr1	D3YU76	True	False	False	False	False	False	C
P08046	Q8VI24	Egr1	Satb2	True	False	False	False	False	False	B
P08046	Q7TNB8	Egr1	Sbno2	True	False	False	False	False	False	B
P08046	Q9ERN0	Egr1	Scamp2	True	False	False	False	False	False	C
P08046	Q60604	Egr1	Scin	True	False	False	False	False	False	C
P08046	A8Y5H7	Egr1	Sec14l1	True	False	False	False	False	False	B
P08046	Q3U1C4	Egr1	Secisbp2	True	False	False	False	False	False	C
P08046	Q8R2U0	Egr1	Seh1l	True	False	False	False	False	False	C
P08046	Q62179	Egr1	Sema4b	True	False	False	False	False	False	B
P08046	Q60519	Egr1	Sema5b	True	False	False	False	False	False	C
P08046	Q9D2Z4	Egr1	Senp8	True	False	False	False	False	False	C
P08046	A0A0R4J233	Egr1	A0A0R4J233	True	False	False	False	False	False	C
P08046	Q8C1B7	Egr1	Septin11	True	False	False	False	False	False	B
P08046	Q9JJG5	Egr1	Sertad2	True	False	False	False	False	False	B
P08046	A2AKX3	Egr1	Setx	True	False	False	False	False	False	C
P08046	Q3UH07	Egr1	Q3UH07	True	False	False	False	False	False	C
P08046	Q925N2	Egr1	Sfxn2	True	False	False	False	False	False	C
P08046	Q9D4B1	Egr1	Sgms2	True	False	False	False	False	False	C
P08046	O09039	Egr1	Sh2b3	True	False	False	False	False	False	B
P08046	Q91VW3	Egr1	Sh3bgrl3	True	False	False	False	False	False	B
P08046	D3Z107	Egr1	D3Z107	True	False	False	False	False	False	B
P08046	Q921I6	Egr1	Sh3bp4	True	False	False	False	False	False	C
P08046	Q9Z131	Egr1	Sh3bp5	True	False	False	False	False	False	B
P08046	Q62226	Egr1	Shh	True	False	False	False	False	False	C
P08046	P61092	Egr1	Siah1a	True	False	False	False	False	False	B
P08046	Q60520	Egr1	Sin3a	True	False	False	False	False	False	B
P08046	Q62141	Egr1	Sin3b	True	False	False	False	False	False	C
P08046	A0A494BAM3	Egr1	A0A494BAM3	True	False	False	False	False	False	B
P08046	B1AUF1	Egr1	B1AUF1	True	False	False	False	False	False	B
P08046	G3X9M2	Egr1	G3X9M2	True	False	False	False	False	False	B
P08046	Q60665	Egr1	Skil	True	False	False	False	False	False	B
P08046	P49282	Egr1	Slc11a2	True	False	False	False	False	False	C
P08046	P57787	Egr1	Slc16a3	True	False	False	False	False	False	B
P08046	Q3TXX4	Egr1	Slc17a7	True	False	False	False	False	False	B
P08046	Q8BRU6	Egr1	Slc18a2	True	False	False	False	False	False	C
P08046	P41438	Egr1	Slc19a1	True	False	False	False	False	False	B
P08046	O35874	Egr1	Slc1a4	True	False	False	False	False	False	A
P08046	P17809	Egr1	Slc2a1	True	False	False	False	False	False	B
P08046	P97441	Egr1	Slc30a3	True	False	False	False	False	False	C
P08046	Q9WU81	Egr1	Slc37a2	True	False	False	False	False	False	C
P08046	Q9CXK4	Egr1	Slc50a1	True	False	False	False	False	False	C
P08046	Q61327	Egr1	Slc6a3	True	False	False	False	False	False	C
P08046	Q8K596	Egr1	Slc8a2	True	False	False	False	False	False	B
P08046	A0A0R4IZX2	Egr1	A0A0R4IZX2	True	False	False	False	False	False	B
P08046	Q8BUN5	Egr1	Smad3	True	False	False	False	False	False	B
P08046	Q3TYX3	Egr1	Smyd5	True	False	False	False	False	False	C
P08046	P60879	Egr1	Snap25	True	False	False	False	False	False	C
P08046	Q925E0	Egr1	Sntg2	True	False	False	False	False	False	C
P08046	E9Q1K0	Egr1	E9Q1K0	True	False	False	False	False	False	C
P08046	O35717	Egr1	Socs2	True	False	False	False	False	False	B
P08046	Q8VI51	Egr1	Sorcs3	True	False	False	False	False	False	C
P08046	Q62245	Egr1	Sos1	True	False	False	False	False	False	A
P08046	Q04890	Egr1	Sox12	True	False	False	False	False	False	B
P08046	O70494	Egr1	Sp3	True	False	False	False	False	False	B
P08046	Q7TNE3	Egr1	Spag7	True	False	False	False	False	False	C
P08046	Q58A65	Egr1	Spag9	True	False	False	False	False	False	B
P08046	Q80YT5	Egr1	Spata20	True	False	False	False	False	False	C
P08046	Q8CI15	Egr1	Sphk1	True	False	False	False	False	False	B
P08046	Q2M2N2	Egr1	Spopl	True	False	False	False	False	False	C
P08046	Q924S7	Egr1	Spred2	True	False	False	False	False	False	B
P08046	A3KGU7	Egr1	A3KGU7	True	False	False	False	False	False	B
P08046	E9PX29	Egr1	E9PX29	True	False	False	False	False	False	B
P08046	Q64337	Egr1	Sqstm1	True	False	False	False	False	False	B
P08046	A0A571BG39	Egr1	A0A571BG39	True	False	False	False	False	False	B
P08046	Q3U1N2	Egr1	Srebf2	True	False	False	False	False	False	B
P08046	D3YZW1	Egr1	D3YZW1	True	False	False	False	False	False	B
P08046	A2AQU8	Egr1	A2AQU8	True	False	False	False	False	False	C
P08046	Q8BW22	Egr1	Ss18l1	True	False	False	False	False	False	B
P08046	Q9D032	Egr1	Ssbp3	True	False	False	False	False	False	B
P08046	Q3U4B1	Egr1	Q3U4B1	True	False	False	False	False	False	B
P08046	P30875	Egr1	Sstr2	True	False	False	False	False	False	C
P08046	Q11204	Egr1	St3gal2	True	False	False	False	False	False	B
P08046	A0A0U1RNK2	Egr1	A0A0U1RNK2	True	False	False	False	False	False	C
P08046	A0A0A6YW64	Egr1	A0A0A6YW64	True	False	False	False	False	False	C
P08046	Q8K4T1	Egr1	St8sia6	True	False	False	False	False	False	C
P08046	A0A087WSP5	Egr1	A0A087WSP5	True	False	False	False	False	False	C
P08046	O55098	Egr1	Stk10	True	False	False	False	False	False	B
P08046	Q9WTK7	Egr1	Stk11	True	False	False	False	False	False	B
P08046	Q8QZV4	Egr1	Stk32c	True	False	False	False	False	False	B
P08046	O70166	Egr1	Stmn3	True	False	False	False	False	False	B
P08046	Q9D0I4	Egr1	Stx17	True	False	False	False	False	False	C
P08046	P70452	Egr1	Stx4	True	False	False	False	False	False	C
P08046	Q8BJS4	Egr1	Sun2	True	False	False	False	False	False	B
P08046	P09925	Egr1	Surf1	True	False	False	False	False	False	C
P08046	Q6PDF3	Egr1	Svopl	True	False	False	False	False	False	C
P08046	Q7TMK9	Egr1	Syncrip	True	False	False	False	False	False	B
P08046	F6SEU4	Egr1	Syngap1	True	False	False	False	False	False	B
P08046	Q920N7	Egr1	Syt12	True	False	False	False	False	False	C
P08046	A0A0R4J2C2	Egr1	A0A0R4J2C2	True	False	False	False	False	False	C
P08046	Q9R0N5	Egr1	Syt5	True	False	False	False	False	False	B
P08046	A2AE94	Egr1	A2AE94	True	False	False	False	False	False	B
P08046	P58802	Egr1	Tbc1d10a	True	False	False	False	False	False	C
P08046	D3YWM7	Egr1	D3YWM7	True	False	False	False	False	False	B
P08046	B1AVH7	Egr1	Tbc1d2	True	False	False	False	False	False	C
P08046	Q8R5A6	Egr1	Tbc1d22a	True	False	False	False	False	False	B
P08046	Q8BYA0	Egr1	Tbcd	True	False	False	False	False	False	B
P08046	P36423	Egr1	Tbxas1	True	False	False	False	False	False	C
P08046	E9PVV1	Egr1	E9PVV1	True	False	False	False	False	False	B
P08046	Q80VL1	Egr1	Tdrkh	True	False	False	False	False	False	C
P08046	Q9CY27	Egr1	Tecr	True	False	False	False	False	False	B
P08046	Q6PB75	Egr1	Tent4a	True	False	False	False	False	False	C
P08046	D3Z5S8	Egr1	Tent5a	True	False	False	False	False	False	B
P08046	Q5SSF7	Egr1	Tent5c	True	False	False	False	False	False	C
P08046	P70284	Egr1	Tgif1	True	False	False	False	False	False	B
P08046	Q8BH55	Egr1	Thnsl1	True	False	False	False	False	False	C
P08046	A0A0R4IZY0	Egr1	A0A0R4IZY0	True	False	False	False	False	False	C
P08046	Q06806	Egr1	Tie1	True	False	False	False	False	False	C
P08046	A0A1W2P7W7	Egr1	A0A1W2P7W7	True	False	False	False	False	False	B
P08046	Q5ND56	Egr1	Tlcd3a	True	False	False	False	False	False	C
P08046	Q8CGF5	Egr1	Tlcd4	True	False	False	False	False	False	C
P08046	Q08122	Egr1	Tle3	True	False	False	False	False	False	B
P08046	P63002	Egr1	Tle5	True	False	False	False	False	False	B
P08046	B1ATB3	Egr1	B1ATB3	True	False	False	False	False	False	B
P08046	Q3V009	Egr1	Tmed1	True	False	False	False	False	False	C
P08046	Q99KF1	Egr1	Tmed9	True	False	False	False	False	False	C
P08046	O70472	Egr1	Tmem131	True	False	False	False	False	False	C
P08046	E9QP73	Egr1	E9QP73	True	False	False	False	False	False	C
P08046	A0A7N9VSI9	Egr1	A0A7N9VSI9	True	False	False	False	False	False	C
P08046	Q9CQ44	Egr1	Tmem218	True	False	False	False	False	False	C
P08046	Q7TNI2	Egr1	Tmem59l	True	False	False	False	False	False	C
P08046	A0A5F8MPC2	Egr1	A0A5F8MPC2	True	False	False	False	False	False	C
P08046	Q8C581	Egr1	Tmem91	True	False	False	False	False	False	B
P08046	Q9JJR8	Egr1	Tmem9b	True	False	False	False	False	False	C
P08046	Q9JIQ8	Egr1	Tmprss2	True	False	False	False	False	False	C
P08046	Q9CR75	Egr1	Tnfrsf12a	True	False	False	False	False	False	C
P08046	O35714	Egr1	Tnfrsf18	True	False	False	False	False	False	B
P08046	P58871	Egr1	Tnks1bp1	True	False	False	False	False	False	C
P08046	Q5SSZ5	Egr1	Tns3	True	False	False	False	False	False	B
P08046	E9Q0B9	Egr1	E9Q0B9	True	False	False	False	False	False	C
P08046	Q6IRU2	Egr1	Tpm4	True	False	False	False	False	False	C
P08046	P35419	Egr1	Tpo	True	False	False	False	False	False	A
P08046	A0A286YCX6	Egr1	A0A286YCX6	True	False	False	False	False	False	C
P08046	Q8K4K2	Egr1	Trib3	True	False	False	False	False	False	B
P08046	Q9ESN6	Egr1	Trim2	True	False	False	False	False	False	B
P08046	Q64127	Egr1	Trim24	True	False	False	False	False	False	C
P08046	Q80V85	Egr1	Trim62	True	False	False	False	False	False	C
P08046	Q0KL02	Egr1	Trio	True	False	False	False	False	False	B
P08046	E9Q7M2	Egr1	Tsc22d2	True	False	False	False	False	False	B
P08046	Q8C2A2	Egr1	Tsen54	True	False	False	False	False	False	B
P08046	Q3TAQ3	Egr1	Q3TAQ3	True	False	False	False	False	False	C
P08046	Q8R3S2	Egr1	Tspan33	True	False	False	False	False	False	C
P08046	Q7TNF8	Egr1	Tspoap1	True	False	False	False	False	False	B
P08046	A0A0R4J1T2	Egr1	A0A0R4J1T2	True	False	False	False	False	False	B
P08046	Q91V51	Egr1	Ttll1	True	False	False	False	False	False	C
P08046	Q6P5F7	Egr1	Ttyh3	True	False	False	False	False	False	B
P08046	P68373	Egr1	Tuba1c	True	False	False	False	False	False	B
P08046	P99024	Egr1	Tubb5	True	False	False	False	False	False	C
P08046	Q922F4	Egr1	Tubb6	True	False	False	False	False	False	C
P08046	Q91W82	Egr1	Ube2e2	True	False	False	False	False	False	C
P08046	P52483	Egr1	Ube2e3	True	False	False	False	False	False	C
P08046	P63280	Egr1	Ube2i	True	False	False	False	False	False	C
P08046	A2AWT5	Egr1	A2AWT5	True	False	False	False	False	False	B
P08046	Q91YL3	Egr1	Uckl1	True	False	False	False	False	False	B
P08046	Q8C4B4	Egr1	Unc119b	True	False	False	False	False	False	C
P08046	Q3ULJ3	Egr1	Q3ULJ3	True	False	False	False	False	False	C
P08046	Q64705	Egr1	Usf2	True	False	False	False	False	False	C
P08046	Q80T11	Egr1	Ush1g	True	False	False	False	False	False	C
P08046	Q5I043	Egr1	Usp28	True	False	False	False	False	False	C
P08046	Q91W36	Egr1	Usp3	True	False	False	False	False	False	B
P08046	Q3TIX9	Egr1	Usp39	True	False	False	False	False	False	B
P08046	Q6J1H4	Egr1	Utf1	True	False	False	False	False	False	C
P08046	P70460	Egr1	Vasp	True	False	False	False	False	False	B
P08046	Q8R1C3	Egr1	Vopp1	True	False	False	False	False	False	B
P08046	P40336	Egr1	Vps26a	True	False	False	False	False	False	C
P08046	Q3UVL4	Egr1	Vps51	True	False	False	False	False	False	C
P08046	Q8C190	Egr1	Vps9d1	True	False	False	False	False	False	B
P08046	A2ACD2	Egr1	A2ACD2	True	False	False	False	False	False	C
P08046	Q8R2Z5	Egr1	Vwa1	True	False	False	False	False	False	C
P08046	P97765	Egr1	Wbp2	True	False	False	False	False	False	C
P08046	Q61048	Egr1	Wbp4	True	False	False	False	False	False	B
P08046	Q8BFQ4	Egr1	Wdr82	True	False	False	False	False	False	B
P08046	P70701	Egr1	Wnt10a	True	False	False	False	False	False	B
P08046	P24383	Egr1	Wnt7a	True	False	False	False	False	False	C
P08046	Q91XU0	Egr1	Wrnip1	True	False	False	False	False	False	C
P08046	Q3U4G3	Egr1	Xxylt1	True	False	False	False	False	False	B
P08046	F8VPK6	Egr1	F8VPK6	True	False	False	False	False	False	C
P08046	Q65Z95	Egr1	Ypel2	True	False	False	False	False	False	C
P08046	P63101	Egr1	Ywhaz	True	False	False	False	False	False	B
P08046	Q08376	Egr1	Zbtb14	True	False	False	False	False	False	B
P08046	Q60821	Egr1	Zbtb17	True	False	False	False	False	False	B
P08046	A0A0A6YW03	Egr1	A0A0A6YW03	True	False	False	False	False	False	C
P08046	O88939	Egr1	Zbtb7a	True	False	False	False	False	False	B
P08046	Q64321	Egr1	Zbtb7b	True	False	False	False	False	False	B
P08046	Q8BJH1	Egr1	Zc2hc1a	True	False	False	False	False	False	C
P08046	G3X8T2	Egr1	G3X8T2	True	False	False	False	False	False	C
P08046	Q9CZA5	Egr1	Zcchc12	True	False	False	False	False	False	C
P08046	Q8VD24	Egr1	Zcchc18	True	False	False	False	False	False	C
P08046	Q69ZB8	Egr1	Zcchc2	True	False	False	False	False	False	B
P08046	B2RVL6	Egr1	Zcchc24	True	False	False	False	False	False	B
P08046	Q80TN5	Egr1	Zdhhc17	True	False	False	False	False	False	C
P08046	Q497H0	Egr1	Zfand3	True	False	False	False	False	False	B
P08046	P22893	Egr1	Zfp36	True	False	False	False	False	False	B
P08046	P23950	Egr1	Zfp36l1	True	False	False	False	False	False	B
P08046	O35615	Egr1	Zfpm1	True	False	False	False	False	False	B
P08046	Q6ZPK7	Egr1	Zfyve28	True	False	False	False	False	False	B
P08046	Q6P1E1	Egr1	Zmiz1	True	False	False	False	False	False	B
P08046	A2A791	Egr1	Zmym4	True	False	False	False	False	False	C
P08046	E9QAW0	Egr1	E9QAW0	True	False	False	False	False	False	C
P08046	Q7TNU6	Egr1	Znf250	True	False	False	False	False	False	C
P08046	Q8VD12	Egr1	Znf385a	True	False	False	False	False	False	B
P08046	Q80TS5	Egr1	Znf423	True	False	False	False	False	False	B
P08046	Q8BPP0	Egr1	Znf436	True	False	False	False	False	False	C
P08046	B7ZCR6	Egr1	B7ZCR6	True	False	False	False	False	False	C
P08046	A0A0N4SVM8	Egr1	A0A0N4SVM8	True	False	False	False	False	False	B
P08046	E9QPD3	Egr1	E9QPD3	True	False	False	False	False	False	C
P08046	Q6PD05	Egr1	Znf821	True	False	False	False	False	False	C
P08046	A0A7N9VSH7	Egr1	A0A7N9VSH7	True	False	False	False	False	False	B
P08152	Q9R097	Egr2	Spint1	True	False	False	False	False	False	C
P08152	Q9JJP2	Egr2	Tp73	True	False	False	False	False	False	C
O70273	P97805	Ehf	Fam3d	True	False	False	False	False	False	C
O70273	Q9CPU7	Ehf	Fbxo32	True	False	False	False	False	False	C
O70273	Q03160	Ehf	Grb7	True	False	False	False	False	False	C
O70273	B1AQ77	Ehf	B1AQ77	True	False	False	False	False	False	B
O70273	Q9D1R2	Ehf	Kti12	True	False	False	False	False	False	C
O70273	Q9QXD8	Ehf	Limd1	True	False	False	False	False	False	C
O70273	Q8CIV3	Ehf	Liph	True	False	False	False	False	False	C
O70273	Q1HKZ5	Ehf	Map3k13	True	False	False	False	False	False	C
O70273	G5E8G6	Ehf	G5E8G6	True	False	False	False	False	False	C
O70273	Q9Z2M7	Ehf	Pmm2	True	False	False	False	False	False	C
O70273	A0A494BBH5	Ehf	A0A494BBH5	True	False	False	False	False	False	C
O70273	Q32NZ6	Ehf	Tmc5	True	False	False	False	False	False	C
O70273	A0A8V5I5B0	Ehf	A0A8V5I5B0	True	False	False	False	False	False	C
O70273	Q80U87	Ehf	Usp8	True	False	False	False	False	False	C
O70273	Q9CX97	Ehf	Wdr55	True	False	False	False	False	False	C
O70273	Q6PEV3	Ehf	Wipf2	True	False	False	False	False	False	C
O70273	Q5SXA9	Ehf	Wwc1	True	False	False	False	False	False	C
O70273	Q8C827	Ehf	Zfp62	True	False	False	False	False	False	C
Q60775	P51829	Elf1	Adcy7	True	False	False	False	False	False	C
Q60775	B1AVP1	Elf1	B1AVP1	True	False	False	False	False	False	C
Q60775	E0CYY3	Elf1	E0CYY3	True	False	False	False	False	False	C
Q60775	Q8C0D4	Elf1	Arhgap12	True	False	False	False	False	False	C
Q60775	Q99PT1	Elf1	Arhgdia	True	False	False	False	False	False	C
Q60775	Q9QWY8	Elf1	Asap1	True	False	False	False	False	False	C
Q60775	Q8VBT9	Elf1	Aspscr1	True	False	False	False	False	False	C
Q60775	P51125	Elf1	Cast	True	False	False	False	False	False	C
Q60775	Q8BGH7	Elf1	Cdc42se2	True	False	False	False	False	False	C
Q60775	Q8BYH8	Elf1	Chd9	True	False	False	False	False	False	C
Q60775	Q921M7	Elf1	Cyrib	True	False	False	False	False	False	C
Q60775	Q8BVG4	Elf1	Dpp9	True	False	False	False	False	False	C
Q60775	Q61214	Elf1	Dyrk1a	True	False	False	False	False	False	C
Q60775	Q3UN58	Elf1	Faap20	True	False	False	False	False	False	C
Q60775	A0A0R4J0H8	Elf1	A0A0R4J0H8	True	False	False	False	False	False	C
Q60775	Q499D0	Elf1	Foxn3	True	False	False	False	False	False	C
Q60775	Q9WVH4	Elf1	Foxo3	True	False	False	False	False	False	C
Q60775	A0A1D5RM07	Elf1	A0A1D5RM07	True	False	False	False	False	False	C
Q60775	Q07113	Elf1	Igf2r	True	False	False	False	False	False	C
Q60775	Q8CEC4	Elf1	Q8CEC4	True	False	False	False	False	False	C
Q60775	Q6A0A2	Elf1	Larp4b	True	False	False	False	False	False	C
Q60775	A0A1B0GQZ9	Elf1	A0A1B0GQZ9	True	False	False	False	False	False	C
Q60775	Q61827	Elf1	Mafk	True	False	False	False	False	False	C
Q60775	Q9CQV6	Elf1	Map1lc3b	True	False	False	False	False	False	C
Q60775	A0A0A6YVV8	Elf1	A0A0A6YVV8	True	False	False	False	False	False	C
Q60775	Q924H2	Elf1	Med15	True	False	False	False	False	False	C
Q60775	A0A286YDV4	Elf1	A0A286YDV4	True	False	False	False	False	False	C
Q60775	Q60795	Elf1	Nfe2l2	True	False	False	False	False	False	C
Q60775	P60335	Elf1	Pcbp1	True	False	False	False	False	False	C
Q60775	P23298	Elf1	Prkch	True	False	False	False	False	False	C
Q60775	P58389	Elf1	Ptpa	True	False	False	False	False	False	C
Q60775	Q8R143	Elf1	Pttg1ip	True	False	False	False	False	False	C
Q60775	Q8BI21	Elf1	Rnf38	True	False	False	False	False	False	C
Q60775	Q7TNB8	Elf1	Sbno2	True	False	False	False	False	False	C
Q60775	A8Y5H7	Elf1	Sec14l1	True	False	False	False	False	False	C
Q60775	Q8VCQ6	Elf1	Sgms1	True	False	False	False	False	False	C
Q60775	Q60520	Elf1	Sin3a	True	False	False	False	False	False	C
Q60775	Q9WTN3	Elf1	Srebf1	True	False	False	False	False	False	C
Q60775	Q99KH8	Elf1	Stk24	True	False	False	False	False	False	C
Q60775	F8VQ95	Elf1	F8VQ95	True	False	False	False	False	False	C
Q60775	Q8K4K4	Elf1	Trib1	True	False	False	False	False	False	C
Q60775	Q8QZY6	Elf1	Tspan14	True	False	False	False	False	False	C
Q60775	P62257	Elf1	Ube2h	True	False	False	False	False	False	C
Q60775	Q6ZPK7	Elf1	Zfyve28	True	False	False	False	False	False	C
Q60775	Q3U0X6	Elf1	Q3U0X6	True	False	False	False	False	False	C
Q3UPW2	Q8VEC3	Elf3	Adgrf1	True	False	False	False	False	False	C
Q3UPW2	B8JJE0	Elf3	B8JJE0	True	False	False	False	False	False	C
Q3UPW2	Q61490	Elf3	Alcam	True	False	False	False	False	False	C
Q3UPW2	Q8C0D4	Elf3	Arhgap12	True	False	False	False	False	False	C
Q3UPW2	Q811P8	Elf3	Arhgap32	True	False	False	False	False	False	C
Q3UPW2	B2RQE8	Elf3	Arhgap42	True	False	False	False	False	False	C
Q3UPW2	Q3TYD4	Elf3	Arsg	True	False	False	False	False	False	C
Q3UPW2	O55143	Elf3	Atp2a2	True	False	False	False	False	False	C
Q3UPW2	O08686	Elf3	Barx2	True	False	False	False	False	False	C
Q3UPW2	Q5U462	Elf3	Cdcp1	True	False	False	False	False	False	C
Q3UPW2	P26361	Elf3	Cftr	True	False	False	False	False	False	C
Q3UPW2	Q9JJN6	Elf3	Ctnnbip1	True	False	False	False	False	False	C
Q3UPW2	Q64441	Elf3	Cyp24a1	True	False	False	False	False	False	C
Q3UPW2	P59764	Elf3	Dock4	True	False	False	False	False	False	C
Q3UPW2	P55086	Elf3	F2rl1	True	False	False	False	False	False	C
Q3UPW2	Q8K0C9	Elf3	Gmds	True	False	False	False	False	False	C
Q3UPW2	Q8K5C0	Elf3	Grhl2	True	False	False	False	False	False	C
Q3UPW2	E9QM92	Elf3	E9QM92	True	False	False	False	False	False	C
Q3UPW2	O08528	Elf3	Hk2	True	False	False	False	False	False	C
Q3UPW2	Q9Z0T9	Elf3	Itgb6	True	False	False	False	False	False	B
Q3UPW2	Q8BFW7	Elf3	Lpp	True	False	False	False	False	False	C
Q3UPW2	Q8BI08	Elf3	Mal2	True	False	False	False	False	False	C
Q3UPW2	E9PWI3	Elf3	E9PWI3	True	False	False	False	False	False	C
Q3UPW2	Q60954	Elf3	Meis1	True	False	False	False	False	False	C
Q3UPW2	A0A286YDV4	Elf3	A0A286YDV4	True	False	False	False	False	False	C
Q3UPW2	Q02780	Elf3	Nfia	True	False	False	False	False	False	C
Q3UPW2	P47713	Elf3	Pla2g4a	True	False	False	False	False	False	C
Q3UPW2	P97819	Elf3	Pla2g6	True	False	False	False	False	False	C
Q3UPW2	D3Z2V2	Elf3	D3Z2V2	True	False	False	False	False	False	C
Q3UPW2	Q4VAC9	Elf3	Plekhg3	True	False	False	False	False	False	C
Q3UPW2	Q9QVP9	Elf3	Ptk2b	True	False	False	False	False	False	C
Q3UPW2	P49446	Elf3	Ptpre	True	False	False	False	False	False	C
Q3UPW2	A6H6A9	Elf3	Rabgap1l	True	False	False	False	False	False	C
Q3UPW2	Q91WT8	Elf3	Rbm47	True	False	False	False	False	False	C
Q3UPW2	A0A087WR05	Elf3	A0A087WR05	True	False	False	False	False	False	C
Q3UPW2	Q62179	Elf3	Sema4b	True	False	False	False	False	False	C
Q3UPW2	Q80VA5	Elf3	Sh3tc2	True	False	False	False	False	False	C
Q3UPW2	Q8R070	Elf3	Slc37a1	True	False	False	False	False	False	C
Q3UPW2	Q8BWY7	Elf3	Slc39a11	True	False	False	False	False	False	C
Q3UPW2	Q921V7	Elf3	Slc44a3	True	False	False	False	False	False	C
Q3UPW2	Q9D7Y9	Elf3	Slx4ip	True	False	False	False	False	False	C
Q3UPW2	Q924S7	Elf3	Spred2	True	False	False	False	False	False	C
Q3UPW2	P56677	Elf3	St14	True	False	False	False	False	False	C
Q3UPW2	E9Q8T1	Elf3	E9Q8T1	True	False	False	False	False	False	C
Q3UPW2	D3Z3B6	Elf3	D3Z3B6	True	False	False	False	False	False	C
Q3UPW2	F7BWT7	Elf3	Tspan15	True	False	False	False	False	False	C
Q3UPW2	Q5SXA9	Elf3	Wwc1	True	False	False	False	False	False	C
Q8VDK3	Q9CZH8	Elf5	Ccdc77	True	False	False	False	False	False	C
Q8VDK3	Q9D1L0	Elf5	Chchd2	True	False	False	False	False	False	C
Q8VDK3	Q920L5	Elf5	Elovl6	True	False	False	False	False	False	C
Q8VDK3	Q7TMA4	Elf5	Ffar4	True	False	False	False	False	False	C
Q8VDK3	Q3UXZ9	Elf5	Kdm5a	True	False	False	False	False	False	C
Q8VDK3	P11679	Elf5	Krt8	True	False	False	False	False	False	C
Q8VDK3	Q9QXD8	Elf5	Limd1	True	False	False	False	False	False	C
Q8VDK3	Q9D0Y8	Elf5	Mrpl52	True	False	False	False	False	False	C
Q8VDK3	Q9CQ49	Elf5	Ncbp2	True	False	False	False	False	False	C
Q8VDK3	Q9QVP9	Elf5	Ptk2b	True	False	False	False	False	False	C
Q8VDK3	P29351	Elf5	Ptpn6	True	False	False	False	False	False	C
Q8VDK3	Q3U4I7	Elf5	Pyroxd2	True	False	False	False	False	False	C
Q8VDK3	Q5SV02	Elf5	Q5SV02	True	False	False	False	False	False	C
Q8VDK3	Q8C5L7	Elf5	Rbm34	True	False	False	False	False	False	C
Q8VDK3	Q9D7Y9	Elf5	Slx4ip	True	False	False	False	False	False	C
Q8VDK3	Q5RJH6	Elf5	Smg7	True	False	False	False	False	False	C
Q8VDK3	Q9CQI7	Elf5	Snrpb2	True	False	False	False	False	False	C
Q8VDK3	Q8BR65	Elf5	Suds3	True	False	False	False	False	False	C
Q8VDK3	A0A8V5I5B0	Elf5	A0A8V5I5B0	True	False	False	False	False	False	C
Q8VDK3	Q7TSP5	Elf5	Vtcn1	True	False	False	False	False	False	C
P41969	P62737	Elk1	Acta2	True	False	False	False	False	False	A
P41969	P60710	Elk1	Actb	True	False	False	False	False	False	C
P41969	P63260	Elk1	Actg1	True	False	False	False	False	False	B
P41969	Q9Z1R3	Elk1	Apom	True	False	False	False	False	False	C
P41969	Q5FWK3	Elk1	Arhgap1	True	False	False	False	False	False	B
P41969	F8VPQ2	Elk1	Arid4a	True	False	False	False	False	False	C
P41969	Q9EPE9	Elk1	Atp13a1	True	False	False	False	False	False	C
P41969	Q9DCJ7	Elk1	Aurkaip1	True	False	False	False	False	False	C
P41969	Q9Z1X9	Elk1	Cdc45	True	False	False	False	False	False	C
P41969	Q99J95	Elk1	Cdk9	True	False	False	False	False	False	C
P41969	P46414	Elk1	Cdkn1b	True	False	False	False	False	False	A
P41969	Q8BVV7	Elk1	Cep95	True	False	False	False	False	False	C
P41969	Q8BHG9	Elk1	Cggbp1	True	False	False	False	False	False	C
P41969	A0A1D5RL92	Elk1	A0A1D5RL92	True	False	False	False	False	False	B
P41969	Q921W0	Elk1	Chmp1a	True	False	False	False	False	False	C
P41969	F8WHL2	Elk1	F8WHL2	True	False	False	False	False	False	C
P41969	Q3U898	Elk1	Cops9	True	False	False	False	False	False	C
P41969	E9Q3W1	Elk1	E9Q3W1	True	False	False	False	False	False	C
P41969	A2A432	Elk1	Cul4b	True	False	False	False	False	False	C
P41969	Q80YA7	Elk1	Dpp8	True	False	False	False	False	False	C
P41969	Q8BVG4	Elk1	Dpp9	True	False	False	False	False	False	C
P41969	P08152	Elk1	Egr2	True	False	False	False	False	False	B
P41969	P84089	Elk1	Erh	True	False	False	False	False	False	C
P41969	Q9D405	Elk1	Q9D405	True	False	False	False	False	False	C
P41969	Q921I9	Elk1	Exosc4	True	False	False	False	False	False	C
P41969	P19221	Elk1	F2	True	False	False	False	False	False	A
P41969	Q9CR80	Elk1	Fam32a	True	False	False	False	False	False	C
P41969	Q8BS25	Elk1	Q8BS25	True	False	False	False	False	False	C
P41969	Q9CQ92	Elk1	Fis1	True	False	False	False	False	False	C
P41969	P45878	Elk1	Fkbp2	True	False	False	False	False	False	C
P41969	Q920S3	Elk1	Gatad1	True	False	False	False	False	False	C
P41969	A0A1D5RM07	Elk1	A0A1D5RM07	True	False	False	False	False	False	C
P41969	A0A140T8R4	Elk1	A0A140T8R4	True	False	False	False	False	False	C
P41969	Q61666	Elk1	Hira	True	False	False	False	False	False	C
P41969	P17950	Elk1	Ier2	True	False	False	False	False	False	A
P41969	Q9ERI5	Elk1	Jmjd6	True	False	False	False	False	False	C
P41969	P09450	Elk1	Junb	True	False	False	False	False	False	A
P41969	Q8CHK4	Elk1	Kat5	True	False	False	False	False	False	C
P41969	Q6GQU2	Elk1	Klhl23	True	False	False	False	False	False	C
P41969	Q8BTF7	Elk1	Lig4	True	False	False	False	False	False	C
P41969	Q8CGK3	Elk1	Lonp1	True	False	False	False	False	False	C
P41969	Q80WG5	Elk1	Lrrc8a	True	False	False	False	False	False	C
P41969	Q9JHF9	Elk1	Ly96	True	False	False	False	False	False	A
P41969	Q9DCX1	Elk1	Mad2l1bp	True	False	False	False	False	False	C
P41969	Q8BGS0	Elk1	Mak16	True	False	False	False	False	False	C
P41969	Q62073	Elk1	Map3k7	True	False	False	False	False	False	C
P41969	P08249	Elk1	Mdh2	True	False	False	False	False	False	C
P41969	A0A087WQP2	Elk1	A0A087WQP2	True	False	False	False	False	False	A
P41969	A2AA28	Elk1	Mettl23	True	False	False	False	False	False	C
P41969	Q9D074	Elk1	Mgrn1	True	False	False	False	False	False	C
P41969	P33435	Elk1	Mmp13	True	False	False	False	False	False	A
P41969	O08789	Elk1	Mnt	True	False	False	False	False	False	C
P41969	Q9WU20	Elk1	Mthfr	True	False	False	False	False	False	C
P41969	P57716	Elk1	Ncstn	True	False	False	False	False	False	C
P41969	Q8R3N1	Elk1	Nop14	True	False	False	False	False	False	C
P41969	Q9CQ04	Elk1	Ogfod2	True	False	False	False	False	False	C
P41969	Q8BX10	Elk1	Pgam5	True	False	False	False	False	False	C
P41969	Q9CQJ2	Elk1	Pih1d1	True	False	False	False	False	False	C
P41969	P46471	Elk1	Psmc2	True	False	False	False	False	False	C
P41969	Q9D8W5	Elk1	Psmd12	True	False	False	False	False	False	B
P41969	O35295	Elk1	Purb	True	False	False	False	False	False	C
P41969	Q8CHP5	Elk1	Pym1	True	False	False	False	False	False	C
P41969	H3BKJ1	Elk1	H3BKJ1	True	False	False	False	False	False	C
P41969	Q8JZN7	Elk1	Rhot2	True	False	False	False	False	False	C
P41969	A0A5F8MPY2	Elk1	A0A5F8MPY2	True	False	False	False	False	False	C
P41969	P99027	Elk1	Rplp2	True	False	False	False	False	False	C
P41969	A0A0R4J195	Elk1	A0A0R4J195	True	False	False	False	False	False	C
P41969	Q9CZX8	Elk1	Rps19	True	False	False	False	False	False	C
P41969	Q80X95	Elk1	Rraga	True	False	False	False	False	False	C
P41969	B1AXP3	Elk1	B1AXP3	True	False	False	False	False	False	C
P41969	A8Y5H7	Elk1	Sec14l1	True	False	False	False	False	False	C
P41969	Q8BFU1	Elk1	Slc39a9	True	False	False	False	False	False	C
P41969	Q8BHJ9	Elk1	Slu7	True	False	False	False	False	False	A
P41969	Q8C624	Elk1	Spata33	True	False	False	False	False	False	C
P41969	Q8K1A5	Elk1	Tmem41b	True	False	False	False	False	False	C
P41969	Q9ER39	Elk1	Tor1a	True	False	False	False	False	False	C
P41969	Q3TLI0	Elk1	Trappc10	True	False	False	False	False	False	C
P41969	Q5HZH2	Elk1	Tsr3	True	False	False	False	False	False	C
P41969	A0A286YCY9	Elk1	A0A286YCY9	True	False	False	False	False	False	C
P41969	Q9CY34	Elk1	Ube2f	True	False	False	False	False	False	C
P41969	A2AN08	Elk1	Ubr4	True	False	False	False	False	False	C
P41969	Q62468	Elk1	Vil1	True	False	False	False	False	False	A
P41969	Q99KU0	Elk1	Vmp1	True	False	False	False	False	False	C
P41969	O88342	Elk1	Wdr1	True	False	False	False	False	False	C
P41969	Q8CBE3	Elk1	Wdr37	True	False	False	False	False	False	C
P41969	Q3U5F4	Elk1	Yrdc	True	False	False	False	False	False	C
P41969	Q3V1D8	Elk1	Q3V1D8	True	False	False	False	False	False	C
P41969	Q8BIF9	Elk1	Znf787	True	False	False	False	False	False	B
P41158	P60710	Elk4	Actb	True	False	False	False	False	False	C
P41158	Q9D898	Elk4	Arpc5l	True	False	False	False	False	False	C
P41158	Q9WV74	Elk4	Asb1	True	False	False	False	False	False	C
P41158	P07903	Elk4	Ercc1	True	False	False	False	False	False	C
P41158	Q3UXZ9	Elk4	Kdm5a	True	False	False	False	False	False	C
P41158	P11679	Elk4	Krt8	True	False	False	False	False	False	C
P41158	Q6DFV7	Elk4	Ncoa7	True	False	False	False	False	False	C
P41158	E9PZM7	Elk4	E9PZM7	True	False	False	False	False	False	C
P41158	A8Y5H7	Elk4	Sec14l1	True	False	False	False	False	False	C
P41158	A0A0R4J233	Elk4	A0A0R4J233	True	False	False	False	False	False	C
P41158	F8VQC9	Elk4	F8VQC9	True	False	False	False	False	False	C
P41158	Q9DCH6	Elk4	Zfand6	True	False	False	False	False	False	C
O54839	B1AVP1	Eomes	B1AVP1	True	False	False	False	False	False	C
O54839	Q811M1	Eomes	Arhgap15	True	False	False	False	False	False	C
O54839	Q80Z10	Eomes	Astn2	True	False	False	False	False	False	C
O54839	Q80T79	Eomes	Csmd3	True	False	False	False	False	False	C
O54839	Q924W7	Eomes	Dennd2b	True	False	False	False	False	False	C
O54839	Q8BZN6	Eomes	Dock10	True	False	False	False	False	False	C
O54839	Q8C3J5	Eomes	Dock2	True	False	False	False	False	False	C
O54839	O35382	Eomes	Exoc4	True	False	False	False	False	False	C
O54839	P39688	Eomes	Fyn	True	False	False	False	False	False	C
O54839	Q6P9S7	Eomes	Galnt10	True	False	False	False	False	False	C
O54839	Q6P9M2	Eomes	Q6P9M2	True	False	False	False	False	False	C
O54839	Q3URE9	Eomes	Lingo2	True	False	False	False	False	False	C
O54839	P70193	Eomes	Lrig1	True	False	False	False	False	False	C
O54839	Q99K10	Eomes	Nlgn1	True	False	False	False	False	False	C
O54839	Q6ZWR4	Eomes	Ppp2r2b	True	False	False	False	False	False	C
O54839	E9PWD2	Eomes	E9PWD2	True	False	False	False	False	False	C
O54839	G3UWG2	Eomes	G3UWG2	True	False	False	False	False	False	C
P97481	Q6PAL7	Epas1	Ahdc1	True	False	False	False	False	False	B
P97481	P05064	Epas1	Aldoa	True	False	False	False	False	False	B
P97481	Q6ZQ82	Epas1	Arhgap26	True	False	False	False	False	False	B
P97481	Q9QWY8	Epas1	Asap1	True	False	False	False	False	False	C
P97481	Q99NA2	Epas1	Atoh8	True	False	False	False	False	False	C
P97481	P97302	Epas1	Bach1	True	False	False	False	False	False	C
P97481	O54775	Epas1	Ccn4	True	False	False	False	False	False	B
P97481	Q91XQ5	Epas1	Chst15	True	False	False	False	False	False	C
P97481	Q6ZQ11	Epas1	Chsy1	True	False	False	False	False	False	C
P97481	Q61147	Epas1	Cp	True	False	False	False	False	False	C
P97481	Q8BZQ2	Epas1	Crispld2	True	False	False	False	False	False	C
P97481	A2AUX5	Epas1	A2AUX5	True	False	False	False	False	False	C
P97481	Q9D3F7	Epas1	Ddit4	True	False	False	False	False	False	B
P97481	P39054	Epas1	Dnm2	True	False	False	False	False	False	B
P97481	Q8BVG4	Epas1	Dpp9	True	False	False	False	False	False	C
P97481	P63168	Epas1	Dynll1	True	False	False	False	False	False	B
P97481	Q03145	Epas1	Epha2	True	False	False	False	False	False	C
P97481	Q8R180	Epas1	Ero1a	True	False	False	False	False	False	C
P97481	Q8BGI4	Epas1	Fam13a	True	False	False	False	False	False	B
P97481	Q8CEF1	Epas1	Fem1c	True	False	False	False	False	False	C
P97481	E9QKY4	Epas1	E9QKY4	True	False	False	False	False	False	B
P01101	P97481	Fos	Epas1	True	False	False	False	False	False	B
P35582	P97481	Foxa1	Epas1	True	False	False	False	False	False	C
P97481	Q9D6Y9	Epas1	Gbe1	True	False	False	False	False	False	B
P97481	Q9JLS0	Epas1	Hilpda	True	False	False	False	False	False	B
P97481	Q04998	Epas1	Inhba	True	False	False	False	False	False	B
P97481	E9Q1P8	Epas1	Irf2bp2	True	False	False	False	False	False	B
P97481	A0A087WQN5	Epas1	A0A087WQN5	True	False	False	False	False	False	B
P97481	P58022	Epas1	Loxl2	True	False	False	False	False	False	B
P97481	Q8CI17	Epas1	Mab21L3	True	False	False	False	False	False	B
P97481	D3YVY2	Epas1	D3YVY2	True	False	False	False	False	False	C
P97481	Q8VDD5	Epas1	Myh9	True	False	False	False	False	False	C
P97481	E9PY55	Epas1	E9PY55	True	False	False	False	False	False	B
P97481	A0A0R4J212	Epas1	A0A0R4J212	True	False	False	False	False	False	C
P97481	Q8R1F1	Epas1	Niban2	True	False	False	False	False	False	B
P97481	Q60715	Epas1	P4ha1	True	False	False	False	False	False	B
P97481	P52480	Epas1	Pkm	True	False	False	False	False	False	B
P97481	P43883	Epas1	Plin2	True	False	False	False	False	False	C
P97481	Q7TMB3	Epas1	Ppp1r3c	True	False	False	False	False	False	C
P97481	P35831	Epas1	Ptpn12	True	False	False	False	False	False	C
P97481	O35719	Epas1	Rad51b	True	False	False	False	False	False	B
P97481	P61588	Epas1	Rnd3	True	False	False	False	False	False	C
P97481	Q61009	Epas1	Scarb1	True	False	False	False	False	False	B
P97481	Q921I6	Epas1	Sh3bp4	True	False	False	False	False	False	B
P97481	P49282	Epas1	Slc11a2	True	False	False	False	False	False	A
P97481	P17809	Epas1	Slc2a1	True	False	False	False	False	False	B
P97481	Q921V7	Epas1	Slc44a3	True	False	False	False	False	False	B
P97481	O35316	Epas1	Slc6a6	True	False	False	False	False	False	B
P97481	Q9Z127	Epas1	Slc7a5	True	False	False	False	False	False	B
P97481	A0A5F8MPJ2	Epas1	A0A5F8MPJ2	True	False	False	False	False	False	C
P97481	E0CYK1	Epas1	E0CYK1	True	False	False	False	False	False	C
P97481	P82198	Epas1	Tgfbi	True	False	False	False	False	False	B
P97481	P21981	Epas1	Tgm2	True	False	False	False	False	False	C
P97481	Q62440	Epas1	Tle1	True	False	False	False	False	False	B
P97481	Q8CBR6	Epas1	Tsku	True	False	False	False	False	False	C
P97481	Q3U4G3	Epas1	Xxylt1	True	False	False	False	False	False	B
P97481	Q6P1E1	Epas1	Zmiz1	True	False	False	False	False	False	C
P97481	Q9Z2U2	Epas1	Zfp292	True	False	False	False	False	False	B
P81270	Q64343	Erg	Abcg1	True	False	False	False	False	False	C
P81270	A0A1Y7VL02	Erg	A0A1Y7VL02	True	False	False	False	False	False	C
P81270	P12023	Erg	App	True	False	False	False	False	False	C
P81270	Q9QWY8	Erg	Asap1	True	False	False	False	False	False	B
P81270	A0A286YDU2	Erg	A0A286YDU2	True	False	False	False	False	False	C
P81270	Q9QYE3	Erg	Bcl11a	True	False	False	False	False	False	C
P81270	A0A1W2P731	Erg	A0A1W2P731	True	False	False	False	False	False	C
P81270	P51125	Erg	Cast	True	False	False	False	False	False	C
P81270	Q9CQC5	Erg	Cdc42ep3	True	False	False	False	False	False	C
P81270	Q6ZQ11	Erg	Chsy1	True	False	False	False	False	False	C
P81270	Q8BJQ9	Erg	Csgalnact1	True	False	False	False	False	False	C
P81270	P70298	Erg	Cux2	True	False	False	False	False	False	B
P81270	A2AUX5	Erg	A2AUX5	True	False	False	False	False	False	B
P81270	B1AZP2	Erg	Dlgap4	True	False	False	False	False	False	C
P81270	P59764	Erg	Dock4	True	False	False	False	False	False	C
P81270	Q4PZA2	Erg	Ece1	True	False	False	False	False	False	C
P81270	Q8BPU7	Erg	Elmo1	True	False	False	False	False	False	C
P81270	P97481	Erg	Epas1	True	False	False	False	False	False	C
P19785	P81270	Esr1	Erg	True	False	False	False	False	False	A
P81270	Q8K064	Erg	Fam174b	True	False	False	False	False	False	B
P81270	Q64378	Erg	Fkbp5	True	False	False	False	False	False	B
P81270	Q80X90	Erg	Flnb	True	False	False	False	False	False	C
P81270	P39688	Erg	Fyn	True	False	False	False	False	False	C
P81270	E0CX93	Erg	E0CX93	True	False	False	False	False	False	C
P81270	Q60760	Erg	Grb10	True	False	False	False	False	False	C
P81270	Q8VD75	Erg	Hip1	True	False	False	False	False	False	C
P81270	E9QNX9	Erg	E9QNX9	True	False	False	False	False	False	C
P81270	A2CG49	Erg	Kalrn	True	False	False	False	False	False	C
P81270	Q3UZ39	Erg	Lrrfip1	True	False	False	False	False	False	C
P81270	A0A0A6YVZ8	Erg	A0A0A6YVZ8	True	False	False	False	False	False	C
P81270	E9PW38	Erg	E9PW38	True	False	False	False	False	False	C
P81270	P41245	Erg	Mmp9	True	False	False	False	False	False	A
P81270	Q8VDD5	Erg	Myh9	True	False	False	False	False	False	C
P81270	Q62433	Erg	Ndrg1	True	False	False	False	False	False	B
P81270	Q9ES70	Erg	Nek6	True	False	False	False	False	False	C
P81270	Q3TZG8	Erg	Q3TZG8	True	False	False	False	False	False	C
P81270	Q8R2U4	Erg	Ntmt1	True	False	False	False	False	False	C
P81270	Q9ER64	Erg	Osbpl5	True	False	False	False	False	False	C
P81270	Q9WVE8	Erg	Pacsin2	True	False	False	False	False	False	C
P81270	Q69Z38	Erg	Peak1	True	False	False	False	False	False	C
P81270	B1AVP0	Erg	B1AVP0	True	False	False	False	False	False	C
P81270	Q9EQ32	Erg	Pik3ap1	True	False	False	False	False	False	C
P81270	Q91UZ1	Erg	Q91UZ1	True	False	False	False	False	False	C
P81270	A2A935	Erg	Prdm16	True	False	False	False	False	False	C
P81270	P23298	Erg	Prkch	True	False	False	False	False	False	C
P81270	P34152	Erg	Ptk2	True	False	False	False	False	False	C
P81270	Q9QVP9	Erg	Ptk2b	True	False	False	False	False	False	C
P81270	P35831	Erg	Ptpn12	True	False	False	False	False	False	C
P81270	Q3UQ28	Erg	Pxdn	True	False	False	False	False	False	C
P81270	Q9EQZ6	Erg	Rapgef4	True	False	False	False	False	False	C
P81270	Q8BWL5	Erg	Rbms3	True	False	False	False	False	False	C
P81270	A0A087WNZ9	Erg	A0A087WNZ9	True	False	False	False	False	False	C
P81270	P59729	Erg	Rin3	True	False	False	False	False	False	C
P81270	F8VQK5	Erg	F8VQK5	True	False	False	False	False	False	C
P81270	Q78YZ6	Erg	Scoc	True	False	False	False	False	False	C
P81270	A8Y5H7	Erg	Sec14l1	True	False	False	False	False	False	C
P81270	D3Z107	Erg	D3Z107	True	False	False	False	False	False	C
P81270	Q924S7	Erg	Spred2	True	False	False	False	False	False	C
P81270	P54751	Erg	St3gal1	True	False	False	False	False	False	C
P81270	Q8BG39	Erg	Sv2b	True	False	False	False	False	False	C
P81270	Q0VGY8	Erg	Tanc1	True	False	False	False	False	False	C
P81270	Q8BJU2	Erg	Tspan9	True	False	False	False	False	False	C
P81270	Q60992	Erg	Vav2	True	False	False	False	False	False	B
P81270	Q8CBE3	Erg	Wdr37	True	False	False	False	False	False	C
P81270	Q3UQ17	Erg	Q3UQ17	True	False	False	False	False	False	B
P19785	Q67BJ4	Esr1	A4galt	True	False	False	False	False	False	B
P19785	A2AJ26	Esr1	A2AJ26	True	False	False	False	False	False	C
P19785	Q9QXM0	Esr1	Abhd2	True	False	False	False	False	False	B
P19785	E9Q4K0	Esr1	E9Q4K0	True	False	False	False	False	False	B
P19785	Q9JIX8	Esr1	Acin1	True	False	False	False	False	False	C
P19785	Q99NB1	Esr1	Acss1	True	False	False	False	False	False	B
P19785	A2AKE7	Esr1	Actl10	True	False	False	False	False	False	C
P19785	Q9QY83	Esr1	Actl7b	True	False	False	False	False	False	C
P19785	Q7TPR4	Esr1	Actn1	True	False	False	False	False	False	B
P19785	Q61824	Esr1	Adam12	True	False	False	False	False	False	B
P19785	Q69Z28	Esr1	Adamts16	True	False	False	False	False	False	B
P19785	E9PUN6	Esr1	E9PUN6	True	False	False	False	False	False	B
P19785	Q7TSK7	Esr1	Adamtsl2	True	False	False	False	False	False	C
P19785	P34971	Esr1	Adrb1	True	False	False	False	False	False	B
P19785	B1AVP1	Esr1	B1AVP1	True	False	False	False	False	False	B
P19785	P51827	Esr1	Aff3	True	False	False	False	False	False	B
P19785	Q8BXK8	Esr1	Agap1	True	False	False	False	False	False	B
P19785	O08715	Esr1	Akap1	True	False	False	False	False	False	B
P19785	E9Q9K8	Esr1	E9Q9K8	True	False	False	False	False	False	B
P19785	Q80VW7	Esr1	Akna	True	False	False	False	False	False	C
P19785	A0A1Y7VL02	Esr1	A0A1Y7VL02	True	False	False	False	False	False	B
P19785	A0A087WRL8	Esr1	A0A087WRL8	True	False	False	False	False	False	C
P19785	Q8BVF9	Esr1	Amz1	True	False	False	False	False	False	B
P19785	Q9Z1P8	Esr1	Angptl4	True	False	False	False	False	False	A
P19785	E9Q4F7	Esr1	Ankrd11	True	False	False	False	False	False	B
P19785	Q3UX43	Esr1	Ankrd13c	True	False	False	False	False	False	C
P19785	Q9WV06	Esr1	Ankrd2	True	False	False	False	False	False	C
P19785	Q6P9J9	Esr1	Ano6	True	False	False	False	False	False	B
P19785	O35643	Esr1	Ap1b1	True	False	False	False	False	False	B
P19785	A2A5R2	Esr1	Arfgef2	True	False	False	False	False	False	B
P19785	Q6Y5D8	Esr1	Arhgap10	True	False	False	False	False	False	B
P19785	Q8BL80	Esr1	Arhgap22	True	False	False	False	False	False	C
P19785	B1AQY2	Esr1	B1AQY2	True	False	False	False	False	False	C
P19785	Q8C4V1	Esr1	Arhgap24	True	False	False	False	False	False	B
P19785	Q6ZQ82	Esr1	Arhgap26	True	False	False	False	False	False	B
P19785	Q91YM2	Esr1	Arhgap35	True	False	False	False	False	False	B
P19785	A2AWP8	Esr1	Arhgef10l	True	False	False	False	False	False	B
P19785	A2BH40	Esr1	Arid1a	True	False	False	False	False	False	C
P19785	A0A338P6U8	Esr1	A0A338P6U8	True	False	False	False	False	False	B
P19785	Q3TYD4	Esr1	Arsg	True	False	False	False	False	False	B
P19785	Q9QWY8	Esr1	Asap1	True	False	False	False	False	False	B
P19785	Q8K0L0	Esr1	Asb2	True	False	False	False	False	False	C
P19785	Q91WR3	Esr1	Ascc2	True	False	False	False	False	False	B
P19785	G5E829	Esr1	Atp2b1	True	False	False	False	False	False	A
P19785	F8WHB1	Esr1	F8WHB1	True	False	False	False	False	False	A
P19785	Q6Q477	Esr1	Atp2b4	True	False	False	False	False	False	A
P19785	Q148W0	Esr1	Atp8b1	True	False	False	False	False	False	B
P19785	A2ANX2	Esr1	A2ANX2	True	False	False	False	False	False	B
P19785	A0A286YDW9	Esr1	A0A286YDW9	True	False	False	False	False	False	B
P19785	F7C0E4	Esr1	F7C0E4	True	False	False	False	False	False	B
P19785	A0A7N9VSJ5	Esr1	A0A7N9VSJ5	True	False	False	False	False	False	B
P19785	O88566	Esr1	Axin2	True	False	False	False	False	False	A
P19785	Q920V1	Esr1	B3galnt1	True	False	False	False	False	False	C
P19785	Q09199	Esr1	B4galnt2	True	False	False	False	False	False	A
P19785	Q6L8S8	Esr1	B4galnt3	True	False	False	False	False	False	C
P19785	Q80VH0	Esr1	Bank1	True	False	False	False	False	False	B
P19785	Q61140	Esr1	Bcar1	True	False	False	False	False	False	C
P19785	Q9QZK2	Esr1	Bcar3	True	False	False	False	False	False	B
P19785	Q80YN3	Esr1	Bcas1	True	False	False	False	False	False	B
P19785	Q9Z2F6	Esr1	Bcl3	True	False	False	False	False	False	B
P19785	Q6PAJ1	Esr1	Bcr	True	False	False	False	False	False	B
P19785	O35185	Esr1	Bhlhe40	True	False	False	False	False	False	B
P19785	P16277	Esr1	Blk	True	False	False	False	False	False	C
P19785	P23359	Esr1	Bmp7	True	False	False	False	False	False	B
P19785	Q8CJ69	Esr1	Bmper	True	False	False	False	False	False	B
P19785	Q61114	Esr1	Bpifb1	True	False	False	False	False	False	C
P19785	Q5SXJ3	Esr1	Brip1	True	False	False	False	False	False	B
P19785	Q3V3I5	Esr1	Gm525	True	False	False	False	False	False	C
P19785	E9QP50	Esr1	E9QP50	True	False	False	False	False	False	C
P19785	Q8BW93	Esr1	C5ar2	True	False	False	False	False	False	C
P19785	A0A2C9F2E5	Esr1	A0A2C9F2E5	True	False	False	False	False	False	B
P19785	E9Q7P2	Esr1	E9Q7P2	True	False	False	False	False	False	B
P19785	O08532	Esr1	Cacna2d1	True	False	False	False	False	False	C
P19785	O70578	Esr1	Cacng1	True	False	False	False	False	False	C
P19785	Q9JJV4	Esr1	Cacng4	True	False	False	False	False	False	B
P19785	A0A087WNL0	Esr1	A0A087WNL0	True	False	False	False	False	False	B
P19785	Q9JM83	Esr1	Calm4	True	False	False	False	False	False	B
P19785	A2A891	Esr1	Camta1	True	False	False	False	False	False	C
P19785	P58660	Esr1	Card10	True	False	False	False	False	False	C
P19785	P97864	Esr1	Casp7	True	False	False	False	False	False	C
P19785	Q9CWL2	Esr1	Casz1	True	False	False	False	False	False	B
P19785	Q8BME9	Esr1	Cbln4	True	False	False	False	False	False	C
P19785	Q8K354	Esr1	Cbr3	True	False	False	False	False	False	B
P19785	Q32MG2	Esr1	Cby2	True	False	False	False	False	False	C
P19785	Q8R344	Esr1	Ccdc12	True	False	False	False	False	False	B
P19785	A0A494BAF9	Esr1	A0A494BAF9	True	False	False	False	False	False	C
P19785	E9Q6B2	Esr1	Ccdc85c	True	False	False	False	False	False	B
P19785	Q6VGS5	Esr1	Ccdc88c	True	False	False	False	False	False	B
P19785	P47774	Esr1	Ccr7	True	False	False	False	False	False	B
P19785	Q3U497	Esr1	Cd300lb	True	False	False	False	False	False	C
P19785	P11911	Esr1	Cd79a	True	False	False	False	False	False	C
P19785	E9Q9Q6	Esr1	E9Q9Q6	True	False	False	False	False	False	B
P19785	P59862	Esr1	Cdh26	True	False	False	False	False	False	C
P19785	E9Q7P9	Esr1	Cdhr2	True	False	False	False	False	False	C
P19785	Q8BL00	Esr1	Cdhr3	True	False	False	False	False	False	B
P19785	Q04899	Esr1	Cdk18	True	False	False	False	False	False	C
P19785	A0A5F8MPH2	Esr1	A0A5F8MPH2	True	False	False	False	False	False	C
P19785	Q5FWI3	Esr1	Cemip2	True	False	False	False	False	False	B
P19785	Q5PR68	Esr1	Cep112	True	False	False	False	False	False	B
P19785	Q8BI22	Esr1	Cep128	True	False	False	False	False	False	C
P19785	A0A1L1SSA4	Esr1	A0A1L1SSA4	True	False	False	False	False	False	C
P19785	E9Q2C0	Esr1	E9Q2C0	True	False	False	False	False	False	C
P19785	Q9CXF7	Esr1	Chd1l	True	False	False	False	False	False	C
P19785	Q3V2R3	Esr1	Q3V2R3	True	False	False	False	False	False	B
P19785	Q8C025	Esr1	Chpt1	True	False	False	False	False	False	C
P19785	O70174	Esr1	Chrna4	True	False	False	False	False	False	C
P19785	Q91XQ5	Esr1	Chst15	True	False	False	False	False	False	B
P19785	Q8BQ86	Esr1	Chst8	True	False	False	False	False	False	B
P19785	Q8C5W0	Esr1	Clmn	True	False	False	False	False	False	B
P19785	Q80X19	Esr1	Col14a1	True	False	False	False	False	False	B
P19785	O88207	Esr1	Col5a1	True	False	False	False	False	False	B
P19785	Q8BH44	Esr1	Coro2b	True	False	False	False	False	False	C
P19785	Q9WVJ3	Esr1	Cpq	True	False	False	False	False	False	C
P19785	P97742	Esr1	Cpt1a	True	False	False	False	False	False	B
P19785	Q8BZQ2	Esr1	Crispld2	True	False	False	False	False	False	B
P19785	P47199	Esr1	Cryz	True	False	False	False	False	False	A
P19785	P41241	Esr1	Csk	True	False	False	False	False	False	C
P19785	P21460	Esr1	Cst3	True	False	False	False	False	False	C
P19785	A0A0J9YTW3	Esr1	A0A0J9YTW3	True	False	False	False	False	False	C
P19785	P56546	Esr1	Ctbp2	True	False	False	False	False	False	B
P19785	A0A2I3BQV6	Esr1	A0A2I3BQV6	True	False	False	False	False	False	B
P19785	P70303	Esr1	Ctps2	True	False	False	False	False	False	B
P19785	Q8R3V6	Esr1	Cuedc1	True	False	False	False	False	False	B
P19785	Q8VE73	Esr1	Cul7	True	False	False	False	False	False	C
P19785	Q91WA4	Esr1	Cxxc5	True	False	False	False	False	False	B
P19785	Q64441	Esr1	Cyp24a1	True	False	False	False	False	False	B
P19785	Q9WVK8	Esr1	Cyp46a1	True	False	False	False	False	False	C
P19785	G3UW81	Esr1	G3UW81	True	False	False	False	False	False	C
P19785	Q99N18	Esr1	Q99N18	True	False	False	False	False	False	C
P19785	Q9EP75	Esr1	Cyp4f14	True	False	False	False	False	False	C
P19785	Q8BPM0	Esr1	Daam1	True	False	False	False	False	False	B
P19785	A2AUX5	Esr1	A2AUX5	True	False	False	False	False	False	B
P19785	Q9R1C6	Esr1	Dgke	True	False	False	False	False	False	C
P19785	Q58NB6	Esr1	Dhrs9	True	False	False	False	False	False	C
P19785	B2RQ71	Esr1	B2RQ71	True	False	False	False	False	False	B
P19785	Q8CI75	Esr1	Dis3l2	True	False	False	False	False	False	B
P19785	Q9QUN9	Esr1	Dkk3	True	False	False	False	False	False	C
P19785	A0A571BEZ4	Esr1	A0A571BEZ4	True	False	False	False	False	False	B
P19785	E9Q9R9	Esr1	Dlg5	True	False	False	False	False	False	C
P19785	E9Q8T7	Esr1	Dnah1	True	False	False	False	False	False	C
P19785	Q9JMC3	Esr1	Dnaja4	True	False	False	False	False	False	C
P19785	Q9CQ94	Esr1	Dnajc5b	True	False	False	False	False	False	B
P19785	Q8C3J5	Esr1	Dock2	True	False	False	False	False	False	C
P19785	P59764	Esr1	Dock4	True	False	False	False	False	False	B
P19785	Q91ZM9	Esr1	Dok5	True	False	False	False	False	False	B
P19785	Q99KK7	Esr1	Dpp3	True	False	False	False	False	False	C
P19785	Q8BVG4	Esr1	Dpp9	True	False	False	False	False	False	B
P19785	Q9ERC8	Esr1	Dscam	True	False	False	False	False	False	B
P19785	A0A1Y7VK79	Esr1	A0A1Y7VK79	True	False	False	False	False	False	B
P19785	P56931	Esr1	E2f2	True	False	False	False	False	False	C
P19785	Q9D0V7	Esr1	Ebag9	True	False	False	False	False	False	A
P19785	Q4PZA2	Esr1	Ece1	True	False	False	False	False	False	B
P19785	Q9JHW4	Esr1	Eefsec	True	False	False	False	False	False	B
P19785	O08543	Esr1	Efna5	True	False	False	False	False	False	B
P19785	A0A0R4J0H9	Esr1	A0A0R4J0H9	True	False	False	False	False	False	B
P19785	O70273	Esr1	Ehf	True	False	False	False	False	False	B
P19785	A2AFS3	Esr1	Elapor1	True	False	False	False	False	False	B
P19785	O88662	Esr1	Emp2	True	False	False	False	False	False	B
P19785	Q60902	Esr1	Eps15l1	True	False	False	False	False	False	B
P19785	Q80ZM3	Esr1	Etfbkmt	True	False	False	False	False	False	C
P19785	P97360	Esr1	Etv6	True	False	False	False	False	False	B
P19785	P70429	Esr1	Evl	True	False	False	False	False	False	B
P19785	O08575	Esr1	Eya2	True	False	False	False	False	False	B
P19785	O08914	Esr1	Faah	True	False	False	False	False	False	C
P19785	A2ACJ2	Esr1	Faap100	True	False	False	False	False	False	C
P19785	Q78T81	Esr1	Eeig1	True	False	False	False	False	False	B
P19785	Q9DAI6	Esr1	Fam135b	True	False	False	False	False	False	C
P19785	Q8K064	Esr1	Fam174b	True	False	False	False	False	False	B
P19785	Q80XS7	Esr1	Fam83e	True	False	False	False	False	False	C
P19785	Q71FD7	Esr1	Fblim1	True	False	False	False	False	False	C
P19785	E9QKY4	Esr1	E9QKY4	True	False	False	False	False	False	B
P19785	E9QK53	Esr1	E9QK53	True	False	False	False	False	False	B
P19785	Q80X90	Esr1	Flnb	True	False	False	False	False	False	B
P19785	A0A0R4J0H8	Esr1	A0A0R4J0H8	True	False	False	False	False	False	B
P19785	P42128	Esr1	Foxk1	True	False	False	False	False	False	B
P19785	Q8BHD4	Esr1	Frmd3	True	False	False	False	False	False	B
P19785	Q6P5H6	Esr1	Frmd5	True	False	False	False	False	False	C
P19785	Q9D3V5	Esr1	Fsip1	True	False	False	False	False	False	B
P19785	Q8BGW1	Esr1	Fto	True	False	False	False	False	False	B
P19785	P39688	Esr1	Fyn	True	False	False	False	False	False	C
P19785	Q80T41	Esr1	Gabbr2	True	False	False	False	False	False	B
P19785	Q9R0S0	Esr1	Q9R0S0	True	False	False	False	False	False	A
P19785	Q6P9S7	Esr1	Galnt10	True	False	False	False	False	False	B
P19785	E0CXS6	Esr1	E0CXS6	True	False	False	False	False	False	B
P19785	Q99MR1	Esr1	Gigyf1	True	False	False	False	False	False	C
P19785	Q61602	Esr1	Gli3	True	False	False	False	False	False	B
P19785	Q8K0C9	Esr1	Gmds	True	False	False	False	False	False	B
P19785	Q7TQC7	Esr1	Gpatch2	True	False	False	False	False	False	C
P19785	Q60631	Esr1	Grb2	True	False	False	False	False	False	C
P19785	Q8K5C0	Esr1	Grhl2	True	False	False	False	False	False	B
P19785	Q3U3C9	Esr1	Gse1	True	False	False	False	False	False	B
P19785	Q4VBD9	Esr1	Gzf1	True	False	False	False	False	False	C
P19785	O88703	Esr1	Hcn2	True	False	False	False	False	False	C
P19785	Q91WA3	Esr1	Hdac11	True	False	False	False	False	False	B
P19785	Q6NZM9	Esr1	Hdac4	True	False	False	False	False	False	B
P19785	Q9QZR5	Esr1	Hipk2	True	False	False	False	False	False	B
P19785	A2A884	Esr1	Hivep3	True	False	False	False	False	False	B
P19785	P17710	Esr1	Hk1	True	False	False	False	False	False	B
P19785	O08528	Esr1	Hk2	True	False	False	False	False	False	B
P19785	D3YXG0	Esr1	Hmcn1	True	False	False	False	False	False	B
P19785	Q7TMK6	Esr1	Hook2	True	False	False	False	False	False	C
P19785	P62748	Esr1	Hpcal1	True	False	False	False	False	False	C
P19785	Q9QYK5	Esr1	Hs6st1	True	False	False	False	False	False	B
P19785	E9PZ16	Esr1	E9PZ16	True	False	False	False	False	False	C
P19785	Q6NWV3	Esr1	Ift122	True	False	False	False	False	False	B
P19785	Q9DAI2	Esr1	Ift22	True	False	False	False	False	False	C
P19785	Q7TNC9	Esr1	Inpp5a	True	False	False	False	False	False	B
P19785	Q9WTL4	Esr1	Insrr	True	False	False	False	False	False	C
P19785	Q6P1C1	Esr1	Ippk	True	False	False	False	False	False	B
P19785	Q9D3V1	Esr1	Iqcd	True	False	False	False	False	False	C
P19785	E9PUA3	Esr1	E9PUA3	True	False	False	False	False	False	B
P19785	Q9QY61	Esr1	Irx4	True	False	False	False	False	False	C
P19785	Q9JL16	Esr1	Isg20	True	False	False	False	False	False	C
P19785	Q61739	Esr1	Itga6	True	False	False	False	False	False	C
P19785	P09055	Esr1	Itgb1	True	False	False	False	False	False	A
P19785	A0A338P795	Esr1	A0A338P795	True	False	False	False	False	False	B
P19785	Q9Z0T9	Esr1	Itgb6	True	False	False	False	False	False	B
P19785	P15066	Esr1	Jund	True	False	False	False	False	False	C
P19785	A2CG49	Esr1	Kalrn	True	False	False	False	False	False	B
P19785	A0A5F8MQ39	Esr1	A0A5F8MQ39	True	False	False	False	False	False	B
P19785	Q9ER47	Esr1	Kcnh7	True	False	False	False	False	False	B
P19785	O08581	Esr1	Kcnk1	True	False	False	False	False	False	B
P19785	A0A087WQN5	Esr1	A0A087WQN5	True	False	False	False	False	False	B
P19785	E9Q9F1	Esr1	E9Q9F1	True	False	False	False	False	False	B
P19785	Q8BFX3	Esr1	Kctd3	True	False	False	False	False	False	B
P19785	E9QPJ5	Esr1	E9QPJ5	True	False	False	False	False	False	B
P19785	B1AY49	Esr1	B1AY49	True	False	False	False	False	False	B
P19785	Q8C3F7	Esr1	Klhl30	True	False	False	False	False	False	C
P19785	P05784	Esr1	Krt18	True	False	False	False	False	False	A
P19785	P11679	Esr1	Krt8	True	False	False	False	False	False	B
P19785	Q6IMF0	Esr1	Krt87	True	False	False	False	False	False	C
P19785	Q9ERE2	Esr1	Krt81	True	False	False	False	False	False	C
P19785	E9Q1Y9	Esr1	E9Q1Y9	True	False	False	False	False	False	C
P19785	G5E874	Esr1	G5E874	True	False	False	False	False	False	C
P19785	Q9Z1M7	Esr1	Large1	True	False	False	False	False	False	B
P19785	G3UWQ0	Esr1	G3UWQ0	True	False	False	False	False	False	C
P19785	Q7TSJ6	Esr1	Lats2	True	False	False	False	False	False	C
P19785	Q9CX60	Esr1	Lbh	True	False	False	False	False	False	C
P19785	P70662	Esr1	Ldb1	True	False	False	False	False	False	C
P19785	Q9JKS4	Esr1	Ldb3	True	False	False	False	False	False	C
P19785	Q8BWJ4	Esr1	Ldlrad4	True	False	False	False	False	False	B
P19785	Q8C142	Esr1	Ldlrap1	True	False	False	False	False	False	C
P19785	Q924L1	Esr1	Letmd1	True	False	False	False	False	False	C
P19785	Q8BGA2	Esr1	Lhfpl2	True	False	False	False	False	False	B
P19785	Q8K3Y3	Esr1	Lin28a	True	False	False	False	False	False	C
P19785	B1ATA7	Esr1	B1ATA7	True	False	False	False	False	False	B
P19785	Q9JIT0	Esr1	Lmbr1	True	False	False	False	False	False	B
P19785	Q8VEE1	Esr1	Lmcd1	True	False	False	False	False	False	B
P19785	Q8BFW7	Esr1	Lpp	True	False	False	False	False	False	B
P19785	Q80XU8	Esr1	Lrfn4	True	False	False	False	False	False	C
P19785	P70193	Esr1	Lrig1	True	False	False	False	False	False	B
P19785	A0A0N4SVC8	Esr1	A0A0N4SVC8	True	False	False	False	False	False	B
P19785	Q91VN0	Esr1	Lrp5	True	False	False	False	False	False	B
P19785	A0A0N4SUL9	Esr1	A0A0N4SUL9	True	False	False	False	False	False	C
P19785	Q8CI70	Esr1	Lrrc20	True	False	False	False	False	False	C
P19785	Q3V0L5	Esr1	Lrrc43	True	False	False	False	False	False	C
P19785	Q3UZ39	Esr1	Lrrfip1	True	False	False	False	False	False	B
P19785	Q64253	Esr1	Ly6e	True	False	False	False	False	False	C
P19785	Q9D7F2	Esr1	Lypd6b	True	False	False	False	False	False	B
P19785	Q9CPX3	Esr1	Lyzl1	True	False	False	False	False	False	B;D
P19785	Q91YU6	Esr1	Lzts2	True	False	False	False	False	False	C
P19785	Q9WTX8	Esr1	Mad1l1	True	False	False	False	False	False	B
P19785	Q4VC33	Esr1	Maea	True	False	False	False	False	False	C
P19785	Q8BI08	Esr1	Mal2	True	False	False	False	False	False	C
P19785	A2AJX4	Esr1	Malrd1	True	False	False	False	False	False	B
P19785	D4QGC2	Esr1	D4QGC2	True	False	False	False	False	False	B
P19785	Q6P1J0	Esr1	Maneal	True	False	False	False	False	False	C
P19785	Q8BKH7	Esr1	Mapkap1	True	False	False	False	False	False	B
P19785	E9PX79	Esr1	E9PX79	True	False	False	False	False	False	B
P19785	Q811L6	Esr1	Mast4	True	False	False	False	False	False	B
P19785	E9PXE2	Esr1	E9PXE2	True	False	False	False	False	False	B
P19785	Q5RJH2	Esr1	Mctp2	True	False	False	False	False	False	C
P19785	G3UZT5	Esr1	G3UZT5	True	False	False	False	False	False	B
P19785	Q60954	Esr1	Meis1	True	False	False	False	False	False	C
P19785	Q8BGT6	Esr1	Micall1	True	False	False	False	False	False	C
P19785	Q7TNS2	Esr1	Micos10	True	False	False	False	False	False	C
P19785	A0A1Y7VP67	Esr1	A0A1Y7VP67	True	False	False	False	False	False	B
P19785	A0A0R4J075	Esr1	A0A0R4J075	True	False	False	False	False	False	B
P19785	Q920Q6	Esr1	Msi2	True	False	False	False	False	False	B
P19785	Q8BKY8	Esr1	Mterf2	True	False	False	False	False	False	C
P19785	Q9CQF4	Esr1	Mtres1	True	False	False	False	False	False	C
P19785	G3X9H7	Esr1	G3X9H7	True	False	False	False	False	False	B
P19785	A0A0R4J0N9	Esr1	A0A0R4J0N9	True	False	False	False	False	False	B
P19785	Q6PDN3	Esr1	Mylk	True	False	False	False	False	False	B
P19785	Q9QZZ4	Esr1	Myo15a	True	False	False	False	False	False	C
P19785	Q9JMH9	Esr1	Myo18a	True	False	False	False	False	False	B;D
P19785	D3YV80	Esr1	D3YV80	True	False	False	False	False	False	B
P19785	Q69ZN7	Esr1	Myof	True	False	False	False	False	False	B
P19785	P12979	Esr1	Myog	True	False	False	False	False	False	C
P19785	Q8CFC2	Esr1	Myt1	True	False	False	False	False	False	C
P19785	A0A0N4SUJ3	Esr1	A0A0N4SUJ3	True	False	False	False	False	False	B
P19785	V9GXT3	Esr1	V9GXT3	True	False	False	False	False	False	B
P19785	O35136	Esr1	Ncam2	True	False	False	False	False	False	B
P19785	Q3UHN9	Esr1	Ndst1	True	False	False	False	False	False	B
P19785	A2AIL4	Esr1	Ndufaf6	True	False	False	False	False	False	B
P19785	A0A286YDV4	Esr1	A0A286YDV4	True	False	False	False	False	False	B
P19785	A0A0R4J212	Esr1	A0A0R4J212	True	False	False	False	False	False	B
P19785	P19246	Esr1	Nefh	True	False	False	False	False	False	C
P19785	A0A087WPX3	Esr1	A0A087WPX3	True	False	False	False	False	False	C
P19785	Q60591	Esr1	Nfatc2	True	False	False	False	False	False	B
P70255	P19785	Nfic	Esr1	True	False	False	False	False	False	C
P19785	Q8R1F1	Esr1	Niban2	True	False	False	False	False	False	B
P19785	Q8BMW7	Esr1	Nipal1	True	False	False	False	False	False	C
P19785	Q80TM9	Esr1	Nisch	True	False	False	False	False	False	C
P19785	Q9D035	Esr1	Nkain1	True	False	False	False	False	False	B
P19785	O55239	Esr1	Nnmt	True	False	False	False	False	False	C
P19785	Q9D1X0	Esr1	Nol3	True	False	False	False	False	False	A
P19785	Q6NSR8	Esr1	Npepl1	True	False	False	False	False	False	C
P19785	P70180	Esr1	Npr3	True	False	False	False	False	False	C
P19785	Q810U4	Esr1	Nrcam	True	False	False	False	False	False	B
P19785	P97333	Esr1	Nrp1	True	False	False	False	False	False	B
P19785	Q8CCT7	Esr1	Nsun3	True	False	False	False	False	False	C
P19785	Q8VFV0	Esr1	Q8VFV0	True	False	False	False	False	False	C
P19785	E9PXZ2	Esr1	E9PXZ2	True	False	False	False	False	False	B
P19785	A0A0A0MQF5	Esr1	A0A0A0MQF5	True	False	False	False	False	False	C
P19785	Q62010	Esr1	Ovgp1	True	False	False	False	False	False	C
P19785	Q8CG71	Esr1	P3h2	True	False	False	False	False	False	B
P19785	B0QZH1	Esr1	B0QZH1	True	False	False	False	False	False	C
P19785	Q8K212	Esr1	Pacs1	True	False	False	False	False	False	B
P19785	Q9WVE8	Esr1	Pacsin2	True	False	False	False	False	False	C
P19785	Q8BTW9	Esr1	Pak4	True	False	False	False	False	False	B
P19785	Q9ET54	Esr1	Palld	True	False	False	False	False	False	B
P19785	A2API8	Esr1	A2API8	True	False	False	False	False	False	C
P19785	P97467	Esr1	Pam	True	False	False	False	False	False	C
P19785	B7ZN28	Esr1	B7ZN28	True	False	False	False	False	False	C
P19785	Q9JK83	Esr1	Pard6b	True	False	False	False	False	False	B
P19785	Q922E4	Esr1	Pcyt2	True	False	False	False	False	False	C
P19785	Q9WU78	Esr1	Pdcd6ip	True	False	False	False	False	False	C
P19785	Q01063	Esr1	Pde4d	True	False	False	False	False	False	B
P19785	Q8R1G6	Esr1	Pdlim2	True	False	False	False	False	False	C
P19785	Q8CI51	Esr1	Pdlim5	True	False	False	False	False	False	B
P19785	A0A0R4J1V0	Esr1	A0A0R4J1V0	True	False	False	False	False	False	C
P19785	E9Q2U7	Esr1	E9Q2U7	True	False	False	False	False	False	B
P19785	Q8BHF7	Esr1	Pgs1	True	False	False	False	False	False	B
P19785	Q2M3X8	Esr1	Phactr1	True	False	False	False	False	False	B
P19785	O70172	Esr1	Pip4k2a	True	False	False	False	False	False	B
P19785	Q6U7H8	Esr1	Pip5kl1	True	False	False	False	False	False	C
P19785	Q6ZPQ6	Esr1	Pitpnm2	True	False	False	False	False	False	B
P19785	Q9JLG4	Esr1	Pkd2l2	True	False	False	False	False	False	C
P19785	Q68FH0	Esr1	Pkp4	True	False	False	False	False	False	B
P19785	Q8R3U1	Esr1	Plaat3	True	False	False	False	False	False	C
P19785	Q9Z1B3	Esr1	Plcb1	True	False	False	False	False	False	B
P19785	Q9QXS1	Esr1	Plec	True	False	False	False	False	False	B
P19785	Q66T02	Esr1	Plekhg5	True	False	False	False	False	False	C
P19785	Q8R0J1	Esr1	Plekhg6	True	False	False	False	False	False	C
P19785	Q80UG2	Esr1	Plxna4	True	False	False	False	False	False	B
P19785	A2APF4	Esr1	A2APF4	True	False	False	False	False	False	B
P19785	P31362	Esr1	Pou2f3	True	False	False	False	False	False	C
P19785	P35396	Esr1	Ppard	True	False	False	False	False	False	A
P19785	A0A140LIN3	Esr1	A0A140LIN3	True	False	False	False	False	False	B
P19785	A0A8I4Q8Y8	Esr1	A0A8I4Q8Y8	True	False	False	False	False	False	C
P19785	Q8BG02	Esr1	Ppp2r2c	True	False	False	False	False	False	B
P19785	Q69ZK0	Esr1	Prex1	True	False	False	False	False	False	B
P19785	Q3U5C7	Esr1	Prickle1	True	False	False	False	False	False	C
P19785	Q80Y24	Esr1	Prickle2	True	False	False	False	False	False	B
P19785	Q91WG5	Esr1	Prkag2	True	False	False	False	False	False	B
P19785	P16054	Esr1	Prkce	True	False	False	False	False	False	B
P19785	P23298	Esr1	Prkch	True	False	False	False	False	False	B
P19785	P97458	Esr1	Prop1	True	False	False	False	False	False	C
P19785	P34152	Esr1	Ptk2	True	False	False	False	False	False	B
P19785	E9Q4S7	Esr1	E9Q4S7	True	False	False	False	False	False	B
P19785	Q3UQ28	Esr1	Pxdn	True	False	False	False	False	False	B
P19785	Q923S9	Esr1	Rab30	True	False	False	False	False	False	B
P19785	P54728	Esr1	Rad23b	True	False	False	False	False	False	B
P19785	O35719	Esr1	Rad51b	True	False	False	False	False	False	B
P19785	Q61818	Esr1	Rai1	True	False	False	False	False	False	B
P19785	Q03385	Esr1	Ralgds	True	False	False	False	False	False	C
P19785	A2ALS5	Esr1	Rap1gap	True	False	False	False	False	False	B
P19785	Q91ZZ2	Esr1	Q91ZZ2	True	False	False	False	False	False	B
P19785	Q9EQZ6	Esr1	Rapgef4	True	False	False	False	False	False	B
P19785	Q60790	Esr1	Rasa3	True	False	False	False	False	False	B
P19785	A0A1Y7VIT3	Esr1	A0A1Y7VIT3	True	False	False	False	False	False	B
P19785	Q3UQS8	Esr1	Rbm20	True	False	False	False	False	False	B
P19785	Q91WT8	Esr1	Rbm47	True	False	False	False	False	False	B
P19785	Q9WVB0	Esr1	Rbpms	True	False	False	False	False	False	B
P19785	P06281	Esr1	Ren1	True	False	False	False	False	False	A
P19785	P82343	Esr1	Renbp	True	False	False	False	False	False	C
P19785	Q80TZ9	Esr1	Rere	True	False	False	False	False	False	B
P19785	Q8R367	Esr1	Rerg	True	False	False	False	False	False	B
P19785	O09009	Esr1	Rfng	True	False	False	False	False	False	C
P19785	Q61193	Esr1	Rgl2	True	False	False	False	False	False	C
P19785	O54828	Esr1	Rgs9	True	False	False	False	False	False	B
P19785	Q9CTN4	Esr1	Rhobtb3	True	False	False	False	False	False	B
P19785	A1L3T7	Esr1	Ripor3	True	False	False	False	False	False	B
P19785	G5E872	Esr1	Rnpepl1	True	False	False	False	False	False	C
P19785	G5E843	Esr1	G5E843	True	False	False	False	False	False	B
P19785	P62717	Esr1	Rpl18a	True	False	False	False	False	False	C
P19785	P61514	Esr1	Rpl37a	True	False	False	False	False	False	C
P19785	Q8R2S1	Esr1	Rps6kl1	True	False	False	False	False	False	C
P19785	A2AVJ7	Esr1	A2AVJ7	True	False	False	False	False	False	C
P19785	Q3UH06	Esr1	Rreb1	True	False	False	False	False	False	B
P19785	A0A087WR05	Esr1	A0A087WR05	True	False	False	False	False	False	B
P19785	F8VQK5	Esr1	F8VQK5	True	False	False	False	False	False	B
P19785	Q61180	Esr1	Scnn1a	True	False	False	False	False	False	C
P19785	Q9WU38	Esr1	Scnn1b	True	False	False	False	False	False	B
P19785	Q9DBQ7	Esr1	Scyl3	True	False	False	False	False	False	C
P19785	Q64519	Esr1	Sdc3	True	False	False	False	False	False	C
P19785	Q6V4S5	Esr1	Sdk2	True	False	False	False	False	False	B
P19785	Q6NXL1	Esr1	Q6NXL1	True	False	False	False	False	False	C
P19785	Q62181	Esr1	Sema3c	True	False	False	False	False	False	B
P19785	Q62179	Esr1	Sema4b	True	False	False	False	False	False	B
P19785	Q9R1T4	Esr1	Septin6	True	False	False	False	False	False	C
P19785	Q60854	Esr1	Serpinb6	True	False	False	False	False	False	C
P19785	E9Q5F9	Esr1	Setd2	True	False	False	False	False	False	C
P19785	Q3UZY0	Esr1	Sfi1	True	False	False	False	False	False	B
P19785	Q9WUZ7	Esr1	Sh3bgr	True	False	False	False	False	False	C
P19785	Q9Z131	Esr1	Sh3bp5	True	False	False	False	False	False	B
P19785	O89032	Esr1	Sh3pxd2a	True	False	False	False	False	False	C
P19785	D3Z5K8	Esr1	D3Z5K8	True	False	False	False	False	False	B
P19785	E9QMY5	Esr1	E9QMY5	True	False	False	False	False	False	B
P19785	Q9EPK6	Esr1	Sil1	True	False	False	False	False	False	B
P19785	Q8C0T5	Esr1	Sipa1l1	True	False	False	False	False	False	B
P19785	Q80TE4	Esr1	Sipa1l2	True	False	False	False	False	False	B
P19785	G3X9J0	Esr1	Sipa1l3	True	False	False	False	False	False	B
P19785	Q91Y63	Esr1	Slc13a3	True	False	False	False	False	False	C
P19785	Q3UHH2	Esr1	Slc22a23	True	False	False	False	False	False	B
P19785	Q9ERH8	Esr1	Slc28a3	True	False	False	False	False	False	C
P19785	Q9JIM1	Esr1	Slc29a1	True	False	False	False	False	False	C
P19785	Q91ZN5	Esr1	Slc35b2	True	False	False	False	False	False	C
P19785	Q8K2P7	Esr1	Slc38a1	True	False	False	False	False	False	B
P19785	Q78IQ7	Esr1	Slc39a4	True	False	False	False	False	False	C
P19785	Q8CGA3	Esr1	Slc43a2	True	False	False	False	False	False	C
P19785	A0A0R4J087	Esr1	A0A0R4J087	True	False	False	False	False	False	C
P19785	O35316	Esr1	Slc6a6	True	False	False	False	False	False	B
P19785	P63115	Esr1	Slc7a10	True	False	False	False	False	False	C
P19785	A0A3Q4L326	Esr1	A0A3Q4L326	True	False	False	False	False	False	A
P19785	Q8K596	Esr1	Slc8a2	True	False	False	False	False	False	A
P19785	S4R2P9	Esr1	Slc8a3	True	False	False	False	False	False	A
P19785	Q8R4D1	Esr1	Slc9a8	True	False	False	False	False	False	C
P19785	Q9EPT5	Esr1	Slco2a1	True	False	False	False	False	False	B
P19785	A0A140LIK7	Esr1	A0A140LIK7	True	False	False	False	False	False	A
P19785	Q99K82	Esr1	Smox	True	False	False	False	False	False	B
P19785	Q9CWR2	Esr1	Smyd3	True	False	False	False	False	False	B
P19785	Q78PY7	Esr1	Snd1	True	False	False	False	False	False	B
P19785	Q8BNW6	Esr1	Q8BNW6	True	False	False	False	False	False	C
P19785	Q9D8U8	Esr1	Snx5	True	False	False	False	False	False	C
P19785	Q91VH2	Esr1	Snx9	True	False	False	False	False	False	C
P19785	P40645	Esr1	Sox6	True	False	False	False	False	False	C
P19785	Q04887	Esr1	Sox9	True	False	False	False	False	False	B
P19785	Q8BHW6	Esr1	Spata21	True	False	False	False	False	False	C
P19785	Q80VP2	Esr1	Spata7	True	False	False	False	False	False	C
P19785	Q91WJ7	Esr1	Spats2l	True	False	False	False	False	False	B
P19785	Q9WTP3	Esr1	Spdef	True	False	False	False	False	False	B
P19785	A0A0J9YTU3	Esr1	A0A0J9YTU3	True	False	False	False	False	False	C
P19785	A0A0R4J0J8	Esr1	A0A0R4J0J8	True	False	False	False	False	False	B
P19785	O35679	Esr1	Spink4	True	False	False	False	False	False	B
P19785	Q8K1S6	Esr1	Spire2	True	False	False	False	False	False	C
P19785	Q924S7	Esr1	Spred2	True	False	False	False	False	False	B
P19785	Q9D5L7	Esr1	Spsb1	True	False	False	False	False	False	B
P19785	F8VPQ4	Esr1	F8VPQ4	True	False	False	False	False	False	B
P19785	Q6P069	Esr1	Sri	True	False	False	False	False	False	C
P19785	A0A571BFB5	Esr1	A0A571BFB5	True	False	False	False	False	False	C
P19785	Q99M96	Esr1	St7	True	False	False	False	False	False	B
P19785	Q9JMD3	Esr1	Stard10	True	False	False	False	False	False	B
P19785	A0A0J9YTR8	Esr1	A0A0J9YTR8	True	False	False	False	False	False	B
P19785	Q8CFG0	Esr1	Sulf2	True	False	False	False	False	False	B
P19785	O35400	Esr1	Sult2b1	True	False	False	False	False	False	B
P19785	Q9D176	Esr1	Susd3	True	False	False	False	False	False	C
P19785	Q8K4L3	Esr1	Svil	True	False	False	False	False	False	B
P19785	Q8BHS8	Esr1	Sybu	True	False	False	False	False	False	B
P19785	D3YWM9	Esr1	D3YWM9	True	False	False	False	False	False	B
P19785	O09117	Esr1	Sypl1	True	False	False	False	False	False	B
P19785	Q920N7	Esr1	Syt12	True	False	False	False	False	False	B
P19785	Q9R0N6	Esr1	Syt8	True	False	False	False	False	False	B
P19785	A0A140LHC0	Esr1	A0A140LHC0	True	False	False	False	False	False	B
P19785	F8VQ95	Esr1	F8VQ95	True	False	False	False	False	False	C
P19785	E9Q8T1	Esr1	E9Q8T1	True	False	False	False	False	False	B
P19785	Q0VGY8	Esr1	Tanc1	True	False	False	False	False	False	B
P19785	P70347	Esr1	Tank	True	False	False	False	False	False	C
P19785	Q925D8	Esr1	Tas1r3	True	False	False	False	False	False	C
P19785	Q60949	Esr1	Tbc1d1	True	False	False	False	False	False	B
P19785	Q8BYA0	Esr1	Tbcd	True	False	False	False	False	False	B
P19785	P70325	Esr1	Tbx4	True	False	False	False	False	False	B
P19785	A0A494B9E3	Esr1	A0A494B9E3	True	False	False	False	False	False	C
P19785	Q3UHK6	Esr1	Tenm4	True	False	False	False	False	False	B
P19785	Q3UNW5	Esr1	Tfcp2l1	True	False	False	False	False	False	C
P19785	A8C756	Esr1	Thada	True	False	False	False	False	False	B
P19785	Q3UTY6	Esr1	Thsd4	True	False	False	False	False	False	B
P19785	G3UWG2	Esr1	G3UWG2	True	False	False	False	False	False	B
P19785	Q99JR5	Esr1	Tinagl1	True	False	False	False	False	False	C
P19785	Q91WA1	Esr1	Tipin	True	False	False	False	False	False	C
P19785	A0A1W2P7W7	Esr1	A0A1W2P7W7	True	False	False	False	False	False	B
P19785	Q08122	Esr1	Tle3	True	False	False	False	False	False	B
P19785	A0A1L1SQ51	Esr1	A0A1L1SQ51	True	False	False	False	False	False	B
P19785	Q69ZZ6	Esr1	Tmcc1	True	False	False	False	False	False	B
P19785	Q3TA38	Esr1	Tmem120b	True	False	False	False	False	False	B
P19785	Q76HP3	Esr1	Tmem132d	True	False	False	False	False	False	C
P19785	Q6PHN7	Esr1	Tmem164	True	False	False	False	False	False	B
P19785	Q9CR76	Esr1	Tmem186	True	False	False	False	False	False	C
P19785	Q8BFQ2	Esr1	TMEM229B	True	False	False	False	False	False	B
P19785	E9QPR6	Esr1	E9QPR6	True	False	False	False	False	False	C
P19785	Q8K1T0	Esr1	Tmprss3	True	False	False	False	False	False	B
P19785	P19123	Esr1	Tnnc1	True	False	False	False	False	False	C
P19785	Q5SSZ5	Esr1	Tns3	True	False	False	False	False	False	B
P19785	Q5SRX1	Esr1	Tom1l2	True	False	False	False	False	False	B
P19785	O88898	Esr1	Tp63	True	False	False	False	False	False	B
P19785	A2AUD5	Esr1	A2AUD5	True	False	False	False	False	False	C
P19785	Q8CB49	Esr1	Tprg1	True	False	False	False	False	False	B
P19785	Q3U0M1	Esr1	Trappc9	True	False	False	False	False	False	B
P19785	Q7TPM3	Esr1	Trim17	True	False	False	False	False	False	C
P19785	Q6PCX9	Esr1	Trim37	True	False	False	False	False	False	B
P19785	Q0KL02	Esr1	Trio	True	False	False	False	False	False	B
P19785	Q80XC2	Esr1	Trmt61a	True	False	False	False	False	False	C
P19785	Q61143	Esr1	Trpc6	True	False	False	False	False	False	B
P19785	A0A0U1RP37	Esr1	A0A0U1RP37	True	False	False	False	False	False	C
P19785	Q8QZY6	Esr1	Tspan14	True	False	False	False	False	False	B
P19785	A2ACP1	Esr1	Ttc39a	True	False	False	False	False	False	B
P19785	Q8BGB2	Esr1	Ttc7a	True	False	False	False	False	False	B
P19785	Q64676	Esr1	Ugt8	True	False	False	False	False	False	C
P19785	Q5DID3	Esr1	Umodl1	True	False	False	False	False	False	B
P19785	P52479	Esr1	Usp10	True	False	False	False	False	False	B
P19785	Q8BUB6	Esr1	Ust	True	False	False	False	False	False	B
P19785	Q60992	Esr1	Vav2	True	False	False	False	False	False	B
P19785	Q9R0C8	Esr1	Vav3	True	False	False	False	False	False	B
P19785	Q99KU0	Esr1	Vmp1	True	False	False	False	False	False	B
P19785	B1ART2	Esr1	B1ART2	True	False	False	False	False	False	B
P19785	Q8VEJ9	Esr1	Vps4a	True	False	False	False	False	False	C
P19785	A0A571BE33	Esr1	A0A571BE33	True	False	False	False	False	False	B
P19785	E9Q349	Esr1	Wdr25	True	False	False	False	False	False	C
P19785	Q9CR39	Esr1	Wdr45b	True	False	False	False	False	False	C
P19785	E9QM73	Esr1	E9QM73	True	False	False	False	False	False	B
P19785	P24383	Esr1	Wnt7a	True	False	False	False	False	False	A
P19785	Q5SXA9	Esr1	Wwc1	True	False	False	False	False	False	B
P19785	Q3U4G3	Esr1	Xxylt1	True	False	False	False	False	False	B
P19785	F8VPK6	Esr1	F8VPK6	True	False	False	False	False	False	B
P19785	P43404	Esr1	Zap70	True	False	False	False	False	False	C
P19785	D3Z1Y7	Esr1	D3Z1Y7	True	False	False	False	False	False	C
P19785	Q6PCS8	Esr1	Q6PCS8	True	False	False	False	False	False	B
P19785	Q8VCZ7	Esr1	Zbtb7c	True	False	False	False	False	False	B
P19785	Q5Y5T2	Esr1	Zdhhc18	True	False	False	False	False	False	C
P19785	Q6ZPK7	Esr1	Zfyve28	True	False	False	False	False	False	C
P19785	Q6P1E1	Esr1	Zmiz1	True	False	False	False	False	False	B
P19785	Q3U0X6	Esr1	Q3U0X6	True	False	False	False	False	False	B
P19785	Q8BXJ8	Esr1	Znf385b	True	False	False	False	False	False	B
P19785	B1AWL2	Esr1	Znf462	True	False	False	False	False	False	B
P19785	Q91V17	Esr1	Znrf1	True	False	False	False	False	False	B
P19785	Q8BGZ8	Esr1	Zpld1	True	False	False	False	False	False	B
O08537	A0A0R4J020	Esr2	A0A0R4J020	True	False	False	False	False	False	C
O08537	P07724	Esr2	Alb	True	False	False	False	False	False	C
O08537	P14824	Esr2	Anxa6	True	False	False	False	False	False	C
O08537	Q8BGV9	Esr2	Atg4d	True	False	False	False	False	False	C
O08537	Q9ES83	Esr2	Popdc1	True	False	False	False	False	False	C
O08537	Q0VF22	Esr2	Ccdc138	True	False	False	False	False	False	C
O08537	Q8C025	Esr2	Chpt1	True	False	False	False	False	False	C
O08537	Q8K4Q8	Esr2	Colec12	True	False	False	False	False	False	A
O08537	Q62426	Esr2	Cstb	True	False	False	False	False	False	C
O08537	Q9WVK8	Esr2	Cyp46a1	True	False	False	False	False	False	C
O08537	Q9R1C6	Esr2	Dgke	True	False	False	False	False	False	C
O08537	Q9D0V7	Esr2	Ebag9	True	False	False	False	False	False	A
O08537	A0A0R4J174	Esr2	A0A0R4J174	True	False	False	False	False	False	C
O08537	Q56A04	Esr2	Eme2	True	False	False	False	False	False	C
O08537	O08600	Esr2	Endog	True	False	False	False	False	False	C
O08537	S4R1N5	Esr2	S4R1N5	True	False	False	False	False	False	C
O08537	A0A1D5RLD8	Esr2	A0A1D5RLD8	True	False	False	False	False	False	C
O08537	P16858	Esr2	Gapdh	True	False	False	False	False	False	C
O08537	P03995	Esr2	Gfap	True	False	False	False	False	False	C
O08537	Q9QZR5	Esr2	Hipk2	True	False	False	False	False	False	C
O08537	O88844	Esr2	Idh1	True	False	False	False	False	False	C
O08537	Q61730	Esr2	Il1rap	True	False	False	False	False	False	A
O08537	Q9JL16	Esr2	Isg20	True	False	False	False	False	False	C
O08537	P15066	Esr2	Jund	True	False	False	False	False	False	C
O08537	Q17ST2	Esr2	Kcna7	True	False	False	False	False	False	C
O08537	F6TUN6	Esr2	F6TUN6	True	False	False	False	False	False	C
O08537	P08730	Esr2	Krt13	True	False	False	False	False	False	C
O08537	Q8C0X0	Esr2	Lca5l	True	False	False	False	False	False	C
O08537	Q924L1	Esr2	Letmd1	True	False	False	False	False	False	C
O08537	Q3UZ39	Esr2	Lrrfip1	True	False	False	False	False	False	C
O08537	Q91YU6	Esr2	Lzts2	True	False	False	False	False	False	C
O08537	Q7TNS2	Esr2	Micos10	True	False	False	False	False	False	C
O08537	Q3V3R1	Esr2	Mthfd1l	True	False	False	False	False	False	C
O08537	Q91XS1	Esr2	Mtmr4	True	False	False	False	False	False	C
O08537	A3KFX0	Esr2	Nt5c1a	True	False	False	False	False	False	C
O08537	B0QZH1	Esr2	B0QZH1	True	False	False	False	False	False	C
O08537	Q5SV41	Esr2	Q5SV41	True	False	False	False	False	False	C
O08537	Q9WU78	Esr2	Pdcd6ip	True	False	False	False	False	False	C
O08537	Q6U7H8	Esr2	Pip5kl1	True	False	False	False	False	False	C
O08537	Q91ZV7	Esr2	Plxdc1	True	False	False	False	False	False	C
O08537	Q91WG5	Esr2	Prkag2	True	False	False	False	False	False	C
O08537	Q8R143	Esr2	Pttg1ip	True	False	False	False	False	False	C
O08537	Q0VBL3	Esr2	Rbm15	True	False	False	False	False	False	C
O08537	Q8R2S1	Esr2	Rps6kl1	True	False	False	False	False	False	C
O08537	Q8C6B2	Esr2	Rtkn	True	False	False	False	False	False	C
O08537	Q62232	Esr2	Six2	True	False	False	False	False	False	C
O08537	Q61312	Esr2	Tfap2c	True	False	False	False	False	False	C
O08537	P63280	Esr2	Ube2i	True	False	False	False	False	False	C
O08537	Q5SXA9	Esr2	Wwc1	True	False	False	False	False	False	C
O08537	D3Z1Y7	Esr2	D3Z1Y7	True	False	False	False	False	False	C
O08537	Q6PCS8	Esr2	Q6PCS8	True	False	False	False	False	False	B
O08537	Q80U44	Esr2	Zfyve16	True	False	False	False	False	False	C
O08537	Q6P1E1	Esr2	Zmiz1	True	False	False	False	False	False	C
O08580	Q99NB1	Esrra	Acss1	True	False	False	False	False	False	C
O08580	Q9QXG4	Esrra	Acss2	True	False	False	False	False	False	B
O08580	Q8K209	Esrra	Adgrg1	True	False	False	False	False	False	C
O08580	Q91WR3	Esrra	Ascc2	True	False	False	False	False	False	C
O08580	P14094	Esrra	Atp1b1	True	False	False	False	False	False	C
O08580	Q9DBJ3	Esrra	Baiap2l1	True	False	False	False	False	False	C
O08580	Q9Z2F6	Esrra	Bcl3	True	False	False	False	False	False	C
O08580	O35185	Esrra	Bhlhe40	True	False	False	False	False	False	C
O08580	O08529	Esrra	Capn2	True	False	False	False	False	False	C
O08580	A0A0R4J0K6	Esrra	A0A0R4J0K6	True	False	False	False	False	False	C
O08580	Q8R3V6	Esrra	Cuedc1	True	False	False	False	False	False	C
O08580	Q8K382	Esrra	Dennd1a	True	False	False	False	False	False	C
O08580	A0A571BEZ4	Esrra	A0A571BEZ4	True	False	False	False	False	False	C
O08580	P11531	Esrra	Dmd	True	False	False	False	False	False	C
O08580	Q8C4C9	Esrra	Q8C4C9	True	False	False	False	False	False	C
O08580	Q9CQ94	Esrra	Dnajc5b	True	False	False	False	False	False	C
O08580	P54761	Esrra	Ephb4	True	False	False	False	False	False	C
O08580	P70424	Esrra	Erbb2	True	False	False	False	False	False	C
O08580	Q3UHK3	Esrra	Greb1	True	False	False	False	False	False	C
O08580	P13020	Esrra	Gsn	True	False	False	False	False	False	C
O08580	Q9JI57	Esrra	Gtf2ird1	True	False	False	False	False	False	C
O08580	Q91WA3	Esrra	Hdac11	True	False	False	False	False	False	C
O08580	P17710	Esrra	Hk1	True	False	False	False	False	False	C
O08580	A2A7S8	Esrra	Nhsl3	True	False	False	False	False	False	C
O08580	B1ATA7	Esrra	B1ATA7	True	False	False	False	False	False	C
O08580	Q8BKH7	Esrra	Mapkap1	True	False	False	False	False	False	C
O08580	E9PZ55	Esrra	E9PZ55	True	False	False	False	False	False	C
O08580	O35678	Esrra	Mgll	True	False	False	False	False	False	C
O08580	Q920Q6	Esrra	Msi2	True	False	False	False	False	False	C
O08580	Q9JMH9	Esrra	Myo18a	True	False	False	False	False	False	C
O08580	A0A0N4SUJ3	Esrra	A0A0N4SUJ3	True	False	False	False	False	False	C
O08580	A2AIL4	Esrra	Ndufaf6	True	False	False	False	False	False	C
O08580	Q60591	Esrra	Nfatc2	True	False	False	False	False	False	C
O08580	Q02780	Esrra	Nfia	True	False	False	False	False	False	C
O08580	Q8R1F1	Esrra	Niban2	True	False	False	False	False	False	C
O08580	P0DI97	Esrra	Nrxn1	True	False	False	False	False	False	C
O08580	Q9CS84	Esrra	Nrxn1	True	False	False	False	False	False	C
O08580	Q60597	Esrra	Ogdh	True	False	False	False	False	False	C
O08580	Q8CG71	Esrra	P3h2	True	False	False	False	False	False	C
O08580	Q8BTW9	Esrra	Pak4	True	False	False	False	False	False	C
O08580	D3Z091	Esrra	D3Z091	True	False	False	False	False	False	C
O08580	Q69ZP3	Esrra	Pnkd	True	False	False	False	False	False	C
O08580	P37040	Esrra	Por	True	False	False	False	False	False	C
O08580	A0A140LIN3	Esrra	A0A140LIN3	True	False	False	False	False	False	C
O08580	Q60676	Esrra	Ppp5c	True	False	False	False	False	False	C
O08580	A2ALS5	Esrra	Rap1gap	True	False	False	False	False	False	B
O08580	P11416	Esrra	Rara	True	False	False	False	False	False	C
O08580	Q91WT8	Esrra	Rbm47	True	False	False	False	False	False	B
O08580	A0A087WNZ9	Esrra	A0A087WNZ9	True	False	False	False	False	False	C
O08580	Q3UHH2	Esrra	Slc22a23	True	False	False	False	False	False	B
O08580	Q8VE96	Esrra	Slc35f6	True	False	False	False	False	False	C
O08580	P40645	Esrra	Sox6	True	False	False	False	False	False	C
O08580	Q9JMD3	Esrra	Stard10	True	False	False	False	False	False	C
O08580	Q8K2X3	Esrra	Stn1	True	False	False	False	False	False	C
O08580	Q91WM1	Esrra	Strbp	True	False	False	False	False	False	C
O08580	E0CYK1	Esrra	E0CYK1	True	False	False	False	False	False	C
O08580	Q920N7	Esrra	Syt12	True	False	False	False	False	False	C
O08580	Q3UHK6	Esrra	Tenm4	True	False	False	False	False	False	C
O08580	P21981	Esrra	Tgm2	True	False	False	False	False	False	C
O08580	Q91WU4	Esrra	Tmco4	True	False	False	False	False	False	C
O08580	Q6PHN7	Esrra	Tmem164	True	False	False	False	False	False	C
O08580	Q8K4K2	Esrra	Trib3	True	False	False	False	False	False	C
O08580	Q9CZY3	Esrra	Ube2v1	True	False	False	False	False	False	C
O08580	P48281	Esrra	Vdr	True	False	False	False	False	False	C
O08580	E9QM73	Esrra	E9QM73	True	False	False	False	False	False	C
O08580	F8VPK6	Esrra	F8VPK6	True	False	False	False	False	False	C
P27577	Q61102	Ets1	Abcb7	True	False	False	False	False	False	C
P27577	Q9CXJ4	Ets1	Abcb8	True	False	False	False	False	False	C
P27577	O35379	Ets1	Abcc1	True	False	False	False	False	False	A
P27577	P48410	Ets1	Abcd1	True	False	False	False	False	False	C
P27577	Q64343	Ets1	Abcg1	True	False	False	False	False	False	B
P27577	Q80UX8	Ets1	Abhd13	True	False	False	False	False	False	C
P27577	P00520	Ets1	Abl1	True	False	False	False	False	False	B
P27577	A0A571BG95	Ets1	A0A571BG95	True	False	False	False	False	False	C
P27577	Q9QYL7	Ets1	Abt1	True	False	False	False	False	False	C
P27577	Q3V117	Ets1	Q3V117	True	False	False	False	False	False	B
P27577	Q9EPL9	Ets1	Acox3	True	False	False	False	False	False	C
P27577	P60710	Ets1	Actb	True	False	False	False	False	False	B
P27577	P63260	Ets1	Actg1	True	False	False	False	False	False	B
P27577	Q7TPR4	Ets1	Actn1	True	False	False	False	False	False	B
P27577	A0A1L1SV25	Ets1	A0A1L1SV25	True	False	False	False	False	False	B
P27577	Q61288	Ets1	Acvrl1	True	False	False	False	False	False	C
P27577	O35598	Ets1	Adam10	True	False	False	False	False	False	B
P27577	E9PUN6	Ets1	E9PUN6	True	False	False	False	False	False	C
P27577	P51829	Ets1	Adcy7	True	False	False	False	False	False	C
P27577	Q61549	Ets1	Adgre1	True	False	False	False	False	False	C
P27577	Q60613	Ets1	Adora2a	True	False	False	False	False	False	B
P27577	Q8CG72	Ets1	Adprs	True	False	False	False	False	False	C
P27577	Q80YS6	Ets1	Afap1	True	False	False	False	False	False	B
P27577	F8VQE9	Ets1	F8VQE9	True	False	False	False	False	False	B
P27577	Q6PAL7	Ets1	Ahdc1	True	False	False	False	False	False	B
P27577	A0A494BBD5	Ets1	A0A494BBD5	True	False	False	False	False	False	B
P27577	P05064	Ets1	Aldoa	True	False	False	False	False	False	B
P27577	Q8K1E6	Ets1	Alkbh3	True	False	False	False	False	False	C
P27577	A0A087WRL8	Ets1	A0A087WRL8	True	False	False	False	False	False	B
P27577	Q9DBT5	Ets1	Ampd2	True	False	False	False	False	False	C
P27577	O08739	Ets1	Ampd3	True	False	False	False	False	False	B
P27577	Q8VCU0	Ets1	Angel1	True	False	False	False	False	False	C
P27577	E9Q4F7	Ets1	Ankrd11	True	False	False	False	False	False	B
P27577	Q501J2	Ets1	Antkmt	True	False	False	False	False	False	C
P27577	P97384	Ets1	Anxa11	True	False	False	False	False	False	C
P27577	O35643	Ets1	Ap1b1	True	False	False	False	False	False	C
P27577	P35585	Ets1	Ap1m1	True	False	False	False	False	False	C
P27577	P17426	Ets1	Ap2a1	True	False	False	False	False	False	C
P27577	Q9DBR4	Ets1	Apbb2	True	False	False	False	False	False	B
P27577	Q9Z1R3	Ets1	Apom	True	False	False	False	False	False	C
P27577	Q4LDD4	Ets1	Arap1	True	False	False	False	False	False	B
P27577	P61750	Ets1	Arf4	True	False	False	False	False	False	C
P27577	Q5FWK3	Ets1	Arhgap1	True	False	False	False	False	False	C
P27577	Q8BL80	Ets1	Arhgap22	True	False	False	False	False	False	B
P27577	Q6ZQ82	Ets1	Arhgap26	True	False	False	False	False	False	B
P27577	A6X8Z5	Ets1	Arhgap31	True	False	False	False	False	False	B
P27577	E9PYS6	Ets1	E9PYS6	True	False	False	False	False	False	C
P27577	Q99PT1	Ets1	Arhgdia	True	False	False	False	False	False	B
P27577	Q80U35	Ets1	Arhgef17	True	False	False	False	False	False	B
P27577	Q91X46	Ets1	Arhgef3	True	False	False	False	False	False	B
P27577	A2BH40	Ets1	Arid1a	True	False	False	False	False	False	B
P27577	A0A338P6U8	Ets1	A0A338P6U8	True	False	False	False	False	False	B
P27577	Q62431	Ets1	Arid3a	True	False	False	False	False	False	B
P27577	F8VPQ2	Ets1	Arid4a	True	False	False	False	False	False	C
P27577	Q3U108	Ets1	Arid5a	True	False	False	False	False	False	C
P27577	Q9D4P0	Ets1	Arl5b	True	False	False	False	False	False	C
P27577	Q9JM76	Ets1	Arpc3	True	False	False	False	False	False	C
P27577	Q9D898	Ets1	Arpc5l	True	False	False	False	False	False	B
P27577	J3QNU6	Ets1	J3QNU6	True	False	False	False	False	False	B
P27577	Q3TYD4	Ets1	Arsg	True	False	False	False	False	False	C
P27577	Q9QWY8	Ets1	Asap1	True	False	False	False	False	False	A
P27577	Q9WV74	Ets1	Asb1	True	False	False	False	False	False	C
P27577	A0A0R4J1W1	Ets1	A0A0R4J1W1	True	False	False	False	False	False	C
P27577	Q06507	Ets1	Atf4	True	False	False	False	False	False	C
P27577	Q62388	Ets1	Atm	True	False	False	False	False	False	C
P27577	Q9EPE9	Ets1	Atp13a1	True	False	False	False	False	False	C
P27577	P56480	Ets1	Atp5f1b	True	False	False	False	False	False	A
P27577	Q9Z1G4	Ets1	Atp6v0a1	True	False	False	False	False	False	B
P27577	P57746	Ets1	Atp6v1d	True	False	False	False	False	False	C
P27577	A0A286YCV0	Ets1	A0A286YCV0	True	False	False	False	False	False	C
P27577	A2AWT3	Ets1	Atxn7l3	True	False	False	False	False	False	C
P27577	Q9DCJ7	Ets1	Aurkaip1	True	False	False	False	False	False	C
P27577	P58158	Ets1	B3gat3	True	False	False	False	False	False	A
P27577	Q9QZK2	Ets1	Bcar3	True	False	False	False	False	False	B
P27577	Q9Z2F6	Ets1	Bcl3	True	False	False	False	False	False	B
P27577	Q67FY2	Ets1	Bcl9l	True	False	False	False	False	False	B
P27577	Q8CGN4	Ets1	Bcor	True	False	False	False	False	False	B
P27577	Q6PAJ1	Ets1	Bcr	True	False	False	False	False	False	B
P27577	A0A0R4J040	Ets1	A0A0R4J040	True	False	False	False	False	False	C
P27577	O35185	Ets1	Bhlhe40	True	False	False	False	False	False	B
P27577	Q8CHH5	Ets1	Bicral	True	False	False	False	False	False	B
P27577	P70444	Ets1	Bid	True	False	False	False	False	False	A
P27577	Q62210	Ets1	Birc2	True	False	False	False	False	False	A
P27577	E9Q6J5	Ets1	Bod1l	True	False	False	False	False	False	C
P27577	P46737	Ets1	Brcc3	True	False	False	False	False	False	C
P27577	O88665	Ets1	Brd7	True	False	False	False	False	False	C
P27577	A0A0R4J0C6	Ets1	A0A0R4J0C6	True	False	False	False	False	False	C
P27577	Q8K2Q7	Ets1	Brox	True	False	False	False	False	False	C
P27577	S4R1I0	Ets1	S4R1I0	True	False	False	False	False	False	B
P27577	Q8R149	Ets1	Bud13	True	False	False	False	False	False	C
P27577	Q6PGH1	Ets1	Bud31	True	False	False	False	False	False	C
P27577	Q9D8N1	Ets1	Q9D8N1	True	False	False	False	False	False	C
P27577	Q8R3C1	Ets1	Q8R3C1	True	False	False	False	False	False	C
P27577	Q3TTL0	Ets1	Q3TTL0	True	False	False	False	False	False	C
P27577	Q8VCE4	Ets1	Q8VCE4	True	False	False	False	False	False	C
P27577	G3X8U3	Ets1	QNG1	True	False	False	False	False	False	C
P27577	P35564	Ets1	Canx	True	False	False	False	False	False	C
P27577	P40124	Ets1	Cap1	True	False	False	False	False	False	C
P27577	Q8R344	Ets1	Ccdc12	True	False	False	False	False	False	B
P27577	Q8BSN3	Ets1	ODAD3	True	False	False	False	False	False	C
P27577	A0A0R4J0L8	Ets1	A0A0R4J0L8	True	False	False	False	False	False	C
P27577	E9Q6B2	Ets1	Ccdc85c	True	False	False	False	False	False	B
P27577	Q6VGS5	Ets1	Ccdc88c	True	False	False	False	False	False	B
P27577	Q9DBT3	Ets1	Ccdc97	True	False	False	False	False	False	B
P27577	P47774	Ets1	Ccr7	True	False	False	False	False	False	C
P27577	P80314	Ets1	Cct2	True	False	False	False	False	False	C
P27577	P80316	Ets1	Cct5	True	False	False	False	False	False	C
P27577	P13379	Ets1	Cd5	True	False	False	False	False	False	A
P27577	Q61451	Ets1	Cd53	True	False	False	False	False	False	A
P27577	P40240	Ets1	Cd9	True	False	False	False	False	False	B
P27577	Q61081	Ets1	Cdc37	True	False	False	False	False	False	A
P27577	Q9CZP7	Ets1	Cdc37l1	True	False	False	False	False	False	C
P27577	Q9CQC5	Ets1	Cdc42ep3	True	False	False	False	False	False	B
P27577	Q9Z1X9	Ets1	Cdc45	True	False	False	False	False	False	C
P27577	Q9WTR5	Ets1	Cdh13	True	False	False	False	False	False	A
P27577	P30285	Ets1	Cdk4	True	False	False	False	False	False	A
P27577	Q64261	Ets1	Cdk6	True	False	False	False	False	False	B
P27577	Q99J95	Ets1	Cdk9	True	False	False	False	False	False	C
P27577	P46414	Ets1	Cdkn1b	True	False	False	False	False	False	A
P27577	Q3TJM4	Ets1	Cenpt	True	False	False	False	False	False	B
P27577	Q8BVV7	Ets1	Cep95	True	False	False	False	False	False	C
P27577	Q9D180	Ets1	Cfap57	True	False	False	False	False	False	C
P27577	O35732	Ets1	Cflar	True	False	False	False	False	False	B
P27577	Q8BHG9	Ets1	Cggbp1	True	False	False	False	False	False	C
P27577	E9PZM4	Ets1	Chd2	True	False	False	False	False	False	B
P27577	A2AJK6	Ets1	Chd7	True	False	False	False	False	False	C
P27577	Q8BYH8	Ets1	Chd9	True	False	False	False	False	False	B
P27577	A0A1D5RL92	Ets1	A0A1D5RL92	True	False	False	False	False	False	C
P27577	Q921W0	Ets1	Chmp1a	True	False	False	False	False	False	C
P27577	Q99LU0	Ets1	Chmp1b1	True	False	False	False	False	False	C
P27577	Q9Z0F4	Ets1	Cib1	True	False	False	False	False	False	C
P27577	Q8BWY9	Ets1	Cip2a	True	True	False	True	True	False	A
P27577	O35740	Ets1	Cited2	True	False	False	False	False	False	B
P27577	A0A087WQ31	Ets1	A0A087WQ31	True	False	False	False	False	False	B
P27577	Q9D486	Ets1	Cmip	True	False	False	False	False	False	C
P27577	Q6ZWS4	Ets1	Cnih3	True	False	False	False	False	False	B
P27577	Q6ZQ08	Ets1	Cnot1	True	False	False	False	False	False	B
P27577	Q9JJA2	Ets1	Cog8	True	False	False	False	False	False	C
P27577	Q8BXC6	Ets1	Commd2	True	False	False	False	False	False	C
P27577	O88587	Ets1	Comt	True	False	False	False	False	False	C
P27577	P61202	Ets1	Cops2	True	False	False	False	False	False	A
P27577	Q60936	Ets1	Coq8a	True	False	False	False	False	False	C
P27577	Q9D7J4	Ets1	Cox20	True	False	False	False	False	False	C
P27577	P56391	Ets1	Cox6b1	True	False	False	False	False	False	C
P27577	Q7TN98	Ets1	Cpeb4	True	False	False	False	False	False	C
P27577	A2A825	Ets1	Cplane2	True	False	False	False	False	False	C
P27577	Q8BH52	Ets1	Creb3l2	True	False	False	False	False	False	C
P27577	O70333	Ets1	Cript	True	False	False	False	False	False	C
P27577	Q8C1F4	Ets1	Csgalnact2	True	False	False	False	False	False	B
P27577	E9Q3W1	Ets1	E9Q3W1	True	False	False	False	False	False	C
P27577	Q8BVP5	Ets1	Csnk1g2	True	False	False	False	False	False	C
P27577	P97315	Ets1	Csrp1	True	False	False	False	False	False	B
P27577	Q3TP92	Ets1	Ctdnep1	True	False	False	False	False	False	C
P27577	P58466	Ets1	Ctdsp1	True	False	False	False	False	False	B
P27577	E9Q1U6	Ets1	E9Q1U6	True	False	False	False	False	False	B
P27577	P26231	Ets1	Ctnna1	True	False	False	False	False	False	B
P27577	Q60598	Ets1	Cttn	True	False	False	False	False	False	C
P27577	Q8R3V6	Ets1	Cuedc1	True	False	False	False	False	False	B
P27577	A2A432	Ets1	Cul4b	True	False	False	False	False	False	C
P27577	Q05421	Ets1	Cyp2e1	True	False	False	False	False	False	C
P27577	Q8BHZ5	Ets1	Cyren	True	False	False	False	False	False	C
P27577	A2AUX5	Ets1	A2AUX5	True	False	False	False	False	False	B
P27577	P61804	Ets1	Dad1	True	False	False	False	False	False	A
P27577	Q6PJN8	Ets1	Dalrd3	True	False	False	False	False	False	B
P27577	O54784	Ets1	Dapk3	True	False	False	False	False	False	C
P27577	Q923B1	Ets1	Dbr1	True	False	False	False	False	False	C
P27577	A2AKB9	Ets1	Dcaf10	True	False	False	False	False	False	C
P27577	Q8BHC4	Ets1	Dcakd	True	False	False	False	False	False	B
P27577	Q9QZB9	Ets1	Dctn5	True	False	False	False	False	False	C
P27577	Q8K0V2	Ets1	Dcun1d3	True	False	False	False	False	False	C
P27577	Q9D3F7	Ets1	Ddit4	True	False	False	False	False	False	B
P27577	O54734	Ets1	Ddost	True	False	False	False	False	False	C
P27577	Q9Z1N5	Ets1	Ddx39b	True	False	False	False	False	False	C
P27577	Q8BH88	Ets1	Depdc1b	True	False	False	False	False	False	C
P27577	Q9QX60	Ets1	Dguok	True	False	False	False	False	False	C
P27577	A0A087WPL5	Ets1	A0A087WPL5	True	False	False	False	False	False	B
P27577	E9QKB1	Ets1	E9QKB1	True	False	False	False	False	False	C
P27577	Q62108	Ets1	Dlg4	True	False	False	False	False	False	B
P27577	B1AZP2	Ets1	Dlgap4	True	False	False	False	False	False	C
P27577	Q9D2G2	Ets1	Dlst	True	False	False	False	False	False	C
P27577	Q9JI44	Ets1	Dmap1	True	False	False	False	False	False	C
P27577	A0A087WR13	Ets1	A0A087WR13	True	False	False	False	False	False	C
P27577	E9Q0T8	Ets1	E9Q0T8	True	False	False	False	False	False	C
P27577	L7N1Y0	Ets1	L7N1Y0	True	False	False	False	False	False	C
P27577	Q8C4C9	Ets1	Q8C4C9	True	False	False	False	False	False	B
P27577	O54946	Ets1	Dnajb6	True	False	False	False	False	False	B
P27577	Q9QYI6	Ets1	Dnajb9	True	False	False	False	False	False	C
P27577	Q61712	Ets1	Dnajc1	True	False	False	False	False	False	C
P27577	P39054	Ets1	Dnm2	True	False	False	False	False	False	B
P27577	P13864	Ets1	Dnmt1	True	False	False	False	False	False	B
P27577	P59764	Ets1	Dock4	True	False	False	False	False	False	B
P27577	Q80YA7	Ets1	Dpp8	True	False	False	False	False	False	C
P27577	Q8BVG4	Ets1	Dpp9	True	False	False	False	False	False	B
P27577	P28563	Ets1	Dusp1	True	False	False	False	False	False	B
P27577	Q1HL35	Ets1	Q1HL35	True	False	False	False	False	False	B
P27577	Q9JHU4	Ets1	Dync1h1	True	False	False	False	False	False	B
P27577	A0A1Y7VML1	Ets1	A0A1Y7VML1	True	False	False	False	False	False	B
P27577	Q58FA4	Ets1	E2f8	True	False	False	False	False	False	C
P27577	Q6GQV7	Ets1	Edrf1	True	False	False	False	False	False	C
P27577	P10126	Ets1	Eef1a1	True	False	False	False	False	False	B
P27577	P58252	Ets1	Eef2	True	False	False	False	False	False	B
P27577	Q9D0E5	Ets1	Efcab11	True	False	False	False	False	False	C
P27577	B2CKC6	Ets1	B2CKC6	True	False	False	False	False	False	B
P27577	F6RMR6	Ets1	F6RMR6	True	False	False	False	False	False	C
P27577	P08152	Ets1	Egr2	True	False	False	False	False	False	A
P27577	Q9WVK4	Ets1	Ehd1	True	False	False	False	False	False	B
P27577	Q99LC8	Ets1	Eif2b1	True	False	False	False	False	False	C
P27577	Q66JS6	Ets1	Eif3j2	True	False	False	False	False	False	C
P27577	Q3UGC7	Ets1	Eif3j1	True	False	False	False	False	False	C
P27577	P10630	Ets1	Eif4a2	True	False	False	False	False	False	C
P27577	G3X9H1	Ets1	G3X9H1	True	False	False	False	False	False	C
P27577	F6TW20	Ets1	F6TW20	True	False	False	False	False	False	B
P27577	P63242	Ets1	Eif5a	True	False	False	False	False	False	C
P27577	P41971	Ets1	Elk3	True	False	False	False	False	False	B
P27577	Q99L85	Ets1	Elp5	True	False	False	False	False	False	C
P27577	Q99KI3	Ets1	Emc3	True	False	False	False	False	False	C
P27577	Q8BJW7	Ets1	Eme1	True	False	False	False	False	False	C
P27577	Q7TNG5	Ets1	Eml2	True	False	False	False	False	False	C
P27577	O35912	Ets1	Emp3	True	False	False	False	False	False	B
P27577	P97481	Ets1	Epas1	True	False	False	False	False	False	B
P27577	Q03145	Ets1	Epha2	True	False	False	False	False	False	B
P27577	P07903	Ets1	Ercc1	True	False	False	False	False	False	B
P27577	Q9DC16	Ets1	Ergic1	True	False	False	False	False	False	B
P27577	Q5EBJ4	Ets1	Ermn	True	False	False	False	False	False	C
P27577	P97360	Ets1	Etv6	True	False	False	False	False	False	B
P27577	Q3TPX4	Ets1	Exoc5	True	False	False	False	False	False	C
P27577	Q921I9	Ets1	Exosc4	True	False	False	False	False	False	C
P27577	Q6P4T3	Ets1	Q6P4T3	True	False	False	False	False	False	C
P27577	Q3UN58	Ets1	Faap20	True	False	False	False	False	False	B
P27577	Q9Z0R9	Ets1	Fads2	True	False	False	False	False	False	B
P27577	Q9CR80	Ets1	Fam32a	True	False	False	False	False	False	C
P27577	Q80XP8	Ets1	Fam76b	True	False	False	False	False	False	C
P27577	Q8C552	Ets1	Fam78a	True	False	False	False	False	False	B
P27577	P19096	Ets1	Fasn	True	False	False	False	False	False	B
P27577	A2A870	Ets1	Fbf1	True	False	False	False	False	False	C
P27577	P35550	Ets1	Fbl	True	False	False	False	False	False	C
P27577	Q9EPX5	Ets1	Fbxl12	True	False	False	False	False	False	C
P27577	Q6PB97	Ets1	Fbxl19	True	False	False	False	False	False	B
P27577	Q8BS25	Ets1	Q8BS25	True	False	False	False	False	False	C
P27577	Q9CQ92	Ets1	Fis1	True	False	False	False	False	False	C
P27577	P26883	Ets1	Fkbp1a	True	False	False	False	False	False	B
P27577	Q9JJ28	Ets1	Flii	True	False	False	False	False	False	C
P27577	B7FAU9	Ets1	B7FAU9	True	False	False	False	False	False	B
P27577	Q80X90	Ets1	Flnb	True	False	False	False	False	False	B
P27577	Q6ZPF4	Ets1	Fmnl3	True	False	False	False	False	False	B
P27577	Q80WB0	Ets1	Fndc11	True	False	False	False	False	False	C
P27577	A0A0R4J0H8	Ets1	A0A0R4J0H8	True	False	False	False	False	False	B
P27577	Q61239	Ets1	Fnta	True	False	False	False	False	False	C
P27577	P48755	Ets1	Fosl1	True	False	False	False	False	False	A
P27577	P42128	Ets1	Foxk1	True	False	False	False	False	False	B
P27577	H3BJ24	Ets1	H3BJ24	True	False	False	False	False	False	B
P27577	Q8BP78	Ets1	Fra10ac1	True	False	False	False	False	False	C
P27577	F8WHZ0	Ets1	F8WHZ0	True	False	False	False	False	False	C
P27577	P39688	Ets1	Fyn	True	False	False	False	False	False	B
P27577	P97379	Ets1	G3bp2	True	False	False	False	False	False	B
P27577	Q80T41	Ets1	Gabbr2	True	False	False	False	False	False	B
P27577	Q00422	Ets1	Gabpa	True	False	False	False	False	False	A
P27577	P22339	Ets1	Gadd45b	True	False	False	False	False	False	B
P27577	Q6P9S7	Ets1	Galnt10	True	False	False	False	False	False	B
P23772	P27577	Gata3	Ets1	True	False	False	False	False	False	B
P27577	P23772	Ets1	Gata3	True	False	False	False	False	False	B
P27577	Q920S3	Ets1	Gatad1	True	False	False	False	False	False	C
P27577	A0A1D5RM07	Ets1	A0A1D5RM07	True	False	False	False	False	False	B
P27577	Q640M6	Ets1	Gdpd5	True	False	False	False	False	False	B
P27577	Q8BHE1	Ets1	Gemin8	True	False	False	False	False	False	C
P27577	Q8R0H9	Ets1	Gga1	True	False	False	False	False	False	C
P27577	Q01231	Ets1	Gja5	True	False	False	False	False	False	C
P27577	O88513	Ets1	Gmnn	True	False	False	False	False	False	C
P27577	P27600	Ets1	Gna12	True	False	False	False	False	False	B
P27577	A0A140T8R4	Ets1	A0A140T8R4	True	False	False	False	False	False	C
P27577	Q9WTK3	Ets1	Gpaa1	True	False	False	False	False	False	B
P27577	Q6PE65	Ets1	Gpatch2l	True	False	False	False	False	False	C
P27577	Q80ZU9	Ets1	Gpr137	True	False	False	False	False	False	B
P27577	Q3U1Z5	Ets1	Gpsm3	True	False	False	False	False	False	C
P27577	Q8VEF1	Ets1	Gramd1a	True	False	False	False	False	False	B
P27577	Q9D2W5	Ets1	Q9D2W5	True	False	False	False	False	False	C
P27577	G3XA00	Ets1	G3XA00	True	False	False	False	False	False	C
P27577	Q3TCV3	Ets1	Gsap	True	False	False	False	False	False	C
P27577	Q3U3C9	Ets1	Gse1	True	False	False	False	False	False	B
P27577	P13020	Ets1	Gsn	True	False	False	False	False	False	B
P27577	P04187	Ets1	Gzmb	True	False	False	False	False	False	A
P27577	P62806	Ets1	H4c1; H4c2; H4c3; H4c4; H4c6; H4c8; H4c9; H4c11; H4c12; Hist1h4m; H4c14; H4c16	True	False	False	False	False	False	C
P27577	Q8C2B3	Ets1	Hdac7	True	False	False	False	False	False	B
P27577	P51859	Ets1	Hdgf	True	False	False	False	False	False	B
Q61221	P27577	Hif1a	Ets1	True	False	False	False	False	False	A
P27577	Q8K1K9	Ets1	Hinfp	True	False	False	False	False	False	C
P27577	Q3UHF7	Ets1	Hivep2	True	False	False	False	False	False	B
P27577	Q7TQ32	Ets1	Hjv	True	False	False	False	False	False	B
P27577	P17710	Ets1	Hk1	True	False	False	False	False	False	B
P27577	P17095	Ets1	Hmga1	True	False	False	False	False	False	C
P27577	P63158	Ets1	Hmgb1	True	False	False	False	False	False	C
P27577	Q60668	Ets1	Hnrnpd	True	False	False	False	False	False	C
P27577	Q9Z2X1	Ets1	Hnrnpf	True	False	False	False	False	False	B
P27577	Q8R081	Ets1	Hnrnpl	True	False	False	False	False	False	B
P27577	Q8VDM6	Ets1	Hnrnpul1	True	False	False	False	False	False	B
P27577	Q7TMK6	Ets1	Hook2	True	False	False	False	False	False	B
P27577	Q08624	Ets1	Hoxc4	True	False	False	False	False	False	C
P27577	P62748	Ets1	Hpcal1	True	False	False	False	False	False	B
P27577	P59438	Ets1	Hps5	True	False	False	False	False	False	C
P27577	P70174	Ets1	Hrh1	True	False	False	False	False	False	C
P27577	Q8BU30	Ets1	Iars1	True	False	False	False	False	False	B
P27577	Q9ERM2	Ets1	Icam4	True	False	False	False	False	False	C
P27577	P20067	Ets1	Id1	True	False	False	False	False	False	B
P27577	P41133	Ets1	Id3	True	False	False	False	False	False	B
P27577	G3XA48	Ets1	G3XA48	True	False	False	False	False	False	C
P27577	O89113	Ets1	Ier5	True	False	False	False	False	False	A
P27577	Q9DAI2	Ets1	Ift22	True	False	False	False	False	False	C
P27577	P05017	Ets1	Igf1	True	False	False	False	False	False	C
P27577	E9QNX9	Ets1	E9QNX9	True	False	False	False	False	False	B
P27577	Q9CPN8	Ets1	Igf2bp3	True	False	False	False	False	False	B
P27577	Q07113	Ets1	Igf2r	True	False	False	False	False	False	C
P27577	P43432	Ets1	Il12b	True	False	False	False	False	False	A
P27577	Q9QXV3	Ets1	Ing1	True	False	False	False	False	False	B
P27577	A0A0R4J0C7	Ets1	A0A0R4J0C7	True	False	False	False	False	False	C
P27577	Q8CDA1	Ets1	Inpp5f	True	False	False	False	False	False	C
P27577	E9Q1P8	Ets1	Irf2bp2	True	False	False	False	False	False	B
P27577	A0A0N4SUM8	Ets1	A0A0N4SUM8	True	False	False	False	False	False	C
P27577	Q792F9	Ets1	Q792F9	True	False	False	False	False	False	A
P27577	P09055	Ets1	Itgb1	True	False	False	False	False	False	B
P27577	A0A338P795	Ets1	A0A338P795	True	False	False	False	False	False	B
P27577	P11881	Ets1	Itpr1	True	False	False	False	False	False	B
P27577	B1ASP2	Ets1	B1ASP2	True	False	False	False	False	False	B
P27577	Q5DTX6	Ets1	Jcad	True	False	False	False	False	False	B
P27577	Q69ZK6	Ets1	Jmjd1c	True	False	False	False	False	False	B
P27577	Q9ERI5	Ets1	Jmjd6	True	False	False	False	False	False	C
P27577	Q02257	Ets1	Jup	True	False	False	False	False	False	B
P27577	Q8CHK4	Ets1	Kat5	True	False	False	False	False	False	C
P27577	E9PZI6	Ets1	E9PZI6	True	False	False	False	False	False	C
P27577	Q8BJ66	Ets1	Kazald1	True	False	False	False	False	False	B
P27577	P62482	Ets1	Kcnab2	True	False	False	False	False	False	B
P27577	F8WGQ9	Ets1	F8WGQ9	True	False	False	False	False	False	B
P27577	Q4VBE7	Ets1	Q4VBE7	True	False	False	False	False	False	B
P27577	A0A0R4J000	Ets1	A0A0R4J000	True	False	False	False	False	False	C
P27577	Q6P1G2	Ets1	Kdm2b	True	False	False	False	False	False	B
P27577	Q5NCY0	Ets1	Kdm6b	True	False	False	False	False	False	B
P27577	Q60749	Ets1	Khdrbs1	True	False	False	False	False	False	C
P27577	E9QPJ5	Ets1	E9QPJ5	True	False	False	False	False	False	C
P27577	A0A1B0GR85	Ets1	A0A1B0GR85	True	False	False	False	False	False	B
P27577	P33174	Ets1	Kif4	True	False	False	False	False	False	C
P27577	Q9QWT9	Ets1	Kifc1	True	False	False	False	False	False	C
P27577	E9PUA5	Ets1	E9PUA5	True	False	False	False	False	False	C
P27577	A0A5F8MPZ2	Ets1	A0A5F8MPZ2	True	False	False	False	False	False	B
P27577	O89091	Ets1	Klf10	True	False	False	False	False	False	B
P27577	Q8BPQ2	Ets1	Q8BPQ2	True	False	False	False	False	False	B
Q8BPQ2	P27577	Q8BPQ2	Ets1	True	False	False	False	False	False	C
P27577	Q3U410	Ets1	Klhl21	True	False	False	False	False	False	C
P27577	P55200	Ets1	Kmt2a	True	False	False	False	False	False	B
P27577	P70168	Ets1	Kpnb1	True	False	False	False	False	False	B
P27577	Q6IFZ6	Ets1	Krt77	True	False	False	False	False	False	C
P27577	B7ZCD3	Ets1	B7ZCD3	True	False	False	False	False	False	C
P27577	P97927	Ets1	Lama4	True	False	False	False	False	False	B
P27577	Q61792	Ets1	Lasp1	True	False	False	False	False	False	B
P27577	Q8BVA5	Ets1	Ldah	True	False	False	False	False	False	C
P27577	P35951	Ets1	Ldlr	True	False	False	False	False	False	B
P27577	Q64280	Ets1	Lefty1	True	False	False	False	False	False	C
P27577	P57785	Ets1	Lefty2	True	False	False	False	False	False	C
P27577	Q6DVA0	Ets1	Lemd2	True	False	False	False	False	False	B
P27577	E9QP59	Ets1	E9QP59	True	False	False	False	False	False	C
P27577	Q9DB98	Ets1	Leng1	True	False	False	False	False	False	C
P27577	Q8BGA2	Ets1	Lhfpl2	True	False	False	False	False	False	B
P27577	Q8BTF7	Ets1	Lig4	True	False	False	False	False	False	C
P27577	P48678	Ets1	Lmna	True	False	False	False	False	False	B
P27577	P58022	Ets1	Loxl2	True	False	False	False	False	False	C
P27577	Q80XU8	Ets1	Lrfn4	True	False	False	False	False	False	C
P27577	Q91VN0	Ets1	Lrp5	True	False	False	False	False	False	B
P27577	Q8CI70	Ets1	Lrrc20	True	False	False	False	False	False	C
P27577	Q80WG5	Ets1	Lrrc8a	True	False	False	False	False	False	B
P27577	Q3UZ39	Ets1	Lrrfip1	True	False	False	False	False	False	B
P27577	P62322	Ets1	Lsm5	True	False	False	False	False	False	C
P27577	Q8K4G1	Ets1	Ltbp4	True	False	False	False	False	False	B
P27577	Q60860	Ets1	Ltc4s	True	False	False	False	False	False	C
P27577	P08071	Ets1	Ltf	True	False	False	False	False	False	A
P27577	Q6A009	Ets1	Ltn1	True	False	False	False	False	False	C
P27577	Q9CQB7	Ets1	Lyrm1	True	False	False	False	False	False	C
P27577	Q8R033	Ets1	Lyrm2	True	False	False	False	False	False	C
P27577	Q9WTX8	Ets1	Mad1l1	True	False	False	False	False	False	B
P27577	Q9DCX1	Ets1	Mad2l1bp	True	False	False	False	False	False	C
P27577	A2AGQ4	Ets1	A2AGQ4	True	False	False	False	False	False	C
P27577	Q9QYH6	Ets1	Maged1	True	False	False	False	False	False	C
P27577	D4QGC2	Ets1	D4QGC2	True	False	False	False	False	False	B
P27577	Q80XI6	Ets1	Map3k11	True	False	False	False	False	False	B
P27577	Q62073	Ets1	Map3k7	True	False	False	False	False	False	C
P27577	Q3THS6	Ets1	Mat2a	True	False	False	False	False	False	B
P27577	Q8CHX6	Ets1	Mbtps2	True	False	False	False	False	False	C
P27577	Q8R2Y2	Ets1	Mcam	True	False	False	False	False	False	C
P27577	Q99L90	Ets1	Mcrs1	True	False	False	False	False	False	C
P27577	G3UZT5	Ets1	G3UZT5	True	False	False	False	False	False	C
P27577	Q924H2	Ets1	Med15	True	False	False	False	False	False	B
P27577	Q8VCD5	Ets1	Med17	True	False	False	False	False	False	C
P27577	Q9CZ82	Ets1	Med18	True	False	False	False	False	False	C
P27577	E9QKT0	Ets1	E9QKT0	True	False	False	False	False	False	B
P27577	A0A0R4J041	Ets1	A0A0R4J041	True	False	False	False	False	False	C
P27577	A0A0R4J004	Ets1	A0A0R4J004	True	False	False	False	False	False	B
P27577	P27808	Ets1	Mgat1	True	False	False	False	False	False	B
P27577	Q765H6	Ets1	Mgat5b	True	False	False	False	False	False	A
P27577	Q8CJ19	Ets1	Mical3	True	False	False	False	False	False	B
P27577	Q7TNS2	Ets1	Micos10	True	False	False	False	False	False	C
P27577	A0A1Y7VP67	Ets1	A0A1Y7VP67	True	False	False	False	False	False	B
P27577	Q3TPJ7	Ets1	Midn	True	False	False	False	False	False	B
P27577	Q8BK03	Ets1	Miga2	True	False	False	False	False	False	C
P27577	Q9CV28	Ets1	Mindy3	True	False	False	False	False	False	C
P27577	Q8CDB0	Ets1	Mknk2	True	False	False	False	False	False	B
P27577	Q6ZQI3	Ets1	Mlec	True	False	False	False	False	False	C
P27577	O08789	Ets1	Mnt	True	False	False	False	False	False	B
P27577	Q8BMQ8	Ets1	Mon1b	True	False	False	False	False	False	C
P27577	Q3V3F6	Ets1	Mpzl3	True	False	False	False	False	False	C
P27577	Q9CPY0	Ets1	Mrm2	True	False	False	False	False	False	C
P27577	Q9D1P0	Ets1	Mrpl13	True	False	False	False	False	False	C
P27577	Q99N95	Ets1	Mrpl3	True	False	False	False	False	False	C
P27577	Q99N90	Ets1	Mrpl36	True	False	False	False	False	False	B
P27577	Q9CPW3	Ets1	Mrpl54	True	False	False	False	False	False	C
P27577	Q9CXW2	Ets1	Mrps22	True	False	False	False	False	False	C
P27577	Q6NZR2	Ets1	Msantd2	True	False	False	False	False	False	C
P27577	Q6PDM1	Ets1	Msl1	True	False	False	False	False	False	C
P27577	A0A096P6K7	Ets1	A0A096P6K7	True	False	False	False	False	False	C
P27577	Q8CHZ9	Ets1	Mterf1a	True	False	False	False	False	False	C
P27577	Q3V3R1	Ets1	Mthfd1l	True	False	False	False	False	False	B
P27577	Q3URQ7	Ets1	Mthfsd	True	False	False	False	False	False	C
P27577	Q8VEL2	Ets1	Mtmr14	True	False	False	False	False	False	C
P27577	Q91XS1	Ets1	Mtmr4	True	False	False	False	False	False	C
P27577	G3X9H7	Ets1	G3X9H7	True	False	False	False	False	False	B
P27577	Q91ZJ0	Ets1	Mus81	True	False	False	False	False	False	B
P27577	P01108	Ets1	Myc	True	False	False	False	False	False	B
P27577	Q8VDD5	Ets1	Myh9	True	False	False	False	False	False	B
P27577	O88329	Ets1	Myo1a	True	False	False	False	False	False	C
P27577	Q9WTI7	Ets1	Myo1c	True	False	False	False	False	False	B
P27577	Q69ZN7	Ets1	Myof	True	False	False	False	False	False	B
P27577	Q8VE10	Ets1	Naa40	True	False	False	False	False	False	C
P27577	A0A589P973	Ets1	A0A589P973	True	False	False	False	False	False	C
P27577	V9GXT3	Ets1	V9GXT3	True	False	False	False	False	False	B
P27577	E9PY55	Ets1	E9PY55	True	False	False	False	False	False	B
P27577	Q9CQ54	Ets1	Ndufc2	True	False	False	False	False	False	C
P27577	Q3U422	Ets1	Q3U422	True	False	False	False	False	False	B
P27577	A0A0R4J212	Ets1	A0A0R4J212	True	False	False	False	False	False	B
P27577	Q9ES70	Ets1	Nek6	True	False	False	False	False	False	B
P27577	Q8C4Y3	Ets1	Nelfb	True	False	False	False	False	False	C
P27577	Q8CB65	Ets1	Nemp2	True	False	False	False	False	False	B
P27577	Q04690	Ets1	Nf1	True	False	False	False	False	False	C
P27577	B5B2N2	Ets1	B5B2N2	True	False	False	False	False	False	B
P27577	Q60795	Ets1	Nfe2l2	True	False	False	False	False	False	B
P27577	Q02780	Ets1	Nfia	True	False	False	False	False	False	B
P27577	P70255	Ets1	Nfic	True	False	False	False	False	False	B
P25799	P27577	Nfkb1	Ets1	True	False	False	False	False	False	B
P27577	P25799	Ets1	Nfkb1	True	False	False	False	False	False	A
P27577	Q99KS2	Ets1	Ngrn	True	False	False	False	False	False	C
P27577	Q9CXK8	Ets1	Nip7	True	False	False	False	False	False	C
P27577	Q6KCD5	Ets1	Nipbl	True	False	False	False	False	False	C
P27577	Q9CR56	Ets1	Nkiras2	True	False	False	False	False	False	C
P27577	J3QK52	Ets1	J3QK52	True	False	False	False	False	False	C
P27577	Q3TZG8	Ets1	Q3TZG8	True	False	False	False	False	False	B
P27577	Q06219	Ets1	Nr4a2	True	False	False	False	False	False	B
P27577	O35375	Ets1	Nrp2	True	False	False	False	False	False	B
P27577	A0A0R4J0C0	Ets1	A0A0R4J0C0	True	False	False	False	False	False	C
P27577	Q8CCT7	Ets1	Nsun3	True	False	False	False	False	False	C
P27577	Q8K4F6	Ets1	Nsun5	True	False	False	False	False	False	C
P27577	O35980	Ets1	Nthl1	True	False	False	False	False	False	C
P27577	Q8R2U4	Ets1	Ntmt1	True	False	False	False	False	False	B
P27577	Q02819	Ets1	Nucb1	True	False	False	False	False	False	B
P27577	Q8R1N4	Ets1	Nudcd3	True	False	False	False	False	False	C
P27577	Q80U93	Ets1	Nup214	True	False	False	False	False	False	B
P27577	Q8BTS4	Ets1	Nup54	True	False	False	False	False	False	C
P27577	P97346	Ets1	Nxn	True	False	False	False	False	False	C
P27577	Q3UNA4	Ets1	Nxt2	True	False	False	False	False	False	C
P27577	E9Q9A9	Ets1	Oas2	True	False	False	False	False	False	A
P27577	O08760	Ets1	Ogg1	True	False	False	False	False	False	C
P27577	A0A0N4SV33	Ets1	A0A0N4SV33	True	False	False	False	False	False	B
P27577	Q8BGT0	Ets1	Ostm1	True	False	False	False	False	False	C
P27577	Q3U2S4	Ets1	Otud5	True	False	False	False	False	False	C
P27577	Q9D7E3	Ets1	Ovca2	True	False	False	False	False	False	C
P27577	Q61206	Ets1	Pafah1b2	True	False	False	False	False	False	C
P27577	A2API8	Ets1	A2API8	True	False	False	False	False	False	B
P27577	Q3TC46	Ets1	Patl1	True	False	False	False	False	False	C
P27577	Q5NBY9	Ets1	Patz1	True	False	False	False	False	False	C
P27577	P60335	Ets1	Pcbp1	True	False	False	False	False	False	B
P27577	A0A0A6YX79	Ets1	A0A0A6YX79	True	False	False	False	False	False	B
P27577	A0A0A6YWM0	Ets1	A0A0A6YWM0	True	False	False	False	False	False	C
P27577	Q8R023	Ets1	Pcgf1	True	False	False	False	False	False	C
P27577	F6XJP7	Ets1	F6XJP7	True	False	False	False	False	False	A
P27577	Q3TIU4	Ets1	Pde12	True	False	False	False	False	False	C
P27577	Q8VBU5	Ets1	Q8VBU5	True	False	False	False	False	False	B
P27577	Q01063	Ets1	Pde4d	True	False	False	False	False	False	B
P27577	Q8R1G6	Ets1	Pdlim2	True	False	False	False	False	False	C
P27577	O35973	Ets1	Per1	True	False	False	False	False	False	B
P27577	A0A0R4J0U3	Ets1	A0A0R4J0U3	True	False	False	False	False	False	C
P27577	Q9R0A0	Ets1	Pex14	True	False	False	False	False	False	B
P27577	Q91YZ5	Ets1	Q91YZ5	True	False	False	False	False	False	C
P27577	A2AUP1	Ets1	A2AUP1	True	False	False	False	False	False	B
P27577	Q9WUA3	Ets1	Pfkp	True	False	False	False	False	False	B
P27577	P62962	Ets1	Pfn1	True	False	False	False	False	False	B
P27577	P49764	Ets1	Pgf	True	False	False	False	False	False	B
P27577	Q8BHF7	Ets1	Pgs1	True	False	False	False	False	False	B
P27577	O35129	Ets1	Phb2	True	False	False	False	False	False	C
P27577	Q5SPL2	Ets1	Phf12	True	False	False	False	False	False	B
P27577	Q9CXG9	Ets1	Phf19	True	False	False	False	False	False	B
P27577	Q8BSN5	Ets1	Phf23	True	False	False	False	False	False	C
P27577	Q8K1N2	Ets1	Phldb2	True	False	False	False	False	False	C
P27577	E9PUQ9	Ets1	E9PUQ9	True	False	False	False	False	False	B
P27577	Q9CQJ2	Ets1	Pih1d1	True	False	False	False	False	False	C
P27577	D3Z091	Ets1	D3Z091	True	False	False	False	False	False	B
P27577	P26450	Ets1	Pik3r1	True	False	False	False	False	False	C
P27577	Q9CZX7	Ets1	Pip4p2	True	False	False	False	False	False	C
P27577	P52480	Ets1	Pkm	True	False	False	False	False	False	B
P27577	Q9QXS1	Ets1	Plec	True	False	False	False	False	False	B
P27577	Q66T02	Ets1	Plekhg5	True	False	False	False	False	False	B
P27577	Q8BM47	Ets1	Plekhm3	True	False	False	False	False	False	C
P27577	Q9JIY0	Ets1	Plekho1	True	False	False	False	False	False	B
P27577	P70207	Ets1	Plxna2	True	False	False	False	False	False	B
P27577	Q3UH93	Ets1	Plxnd1	True	False	False	False	False	False	B
P27577	D3YZV7	Ets1	D3YZV7	True	False	False	False	False	False	C
P27577	Q3TRM4	Ets1	Pnpla6	True	False	False	False	False	False	B
P27577	Q9CWP8	Ets1	Pold4	True	False	False	False	False	False	C
P27577	A0A494B974	Ets1	A0A494B974	True	False	False	False	False	False	C
P27577	P37040	Ets1	Por	True	False	False	False	False	False	A
P27577	Q9D6L8	Ets1	Ppil3	True	False	False	False	False	False	C
P27577	A0A8I4Q8Y8	Ets1	A0A8I4Q8Y8	True	False	False	False	False	False	C
P27577	Q8BVQ5	Ets1	Ppme1	True	False	False	False	False	False	C
P27577	A5A4Y9	Ets1	A5A4Y9	True	False	False	False	False	False	C
P27577	Q5I1X5	Ets1	Ppp1r13l	True	False	False	False	False	False	B
P27577	Q9D8C8	Ets1	Ppp1r35	True	False	False	False	False	False	C
P27577	Q6R891	Ets1	Ppp1r9b	True	False	False	False	False	False	B
P27577	Q8R107	Ets1	Prelid1	True	False	False	False	False	False	C
P27577	Q8C167	Ets1	Prepl	True	False	False	False	False	False	C
P27577	Q69ZK0	Ets1	Prex1	True	False	False	False	False	False	B
P27577	Q9R078	Ets1	Prkab1	True	False	False	False	False	False	C
P27577	P05132	Ets1	Prkaca	True	False	False	False	False	False	C
P27577	Q91WG5	Ets1	Prkag2	True	False	False	False	False	False	B
P27577	P16054	Ets1	Prkce	True	False	False	False	False	False	B
P27577	P23298	Ets1	Prkch	True	False	False	False	False	False	B
P27577	Q9JIF0	Ets1	Prmt1	True	False	False	False	False	False	C
P27577	Q99KP6	Ets1	Prpf19	True	False	False	False	False	False	C
P27577	Q8CCF0	Ets1	Prpf31	True	False	False	False	False	False	B
P27577	F8WHT3	Ets1	F8WHT3	True	False	False	False	False	False	B
P27577	Q8R182	Ets1	Prrg2	True	False	False	False	False	False	C
P27577	D3YV46	Ets1	D3YV46	True	False	False	False	False	False	C
P27577	P46471	Ets1	Psmc2	True	False	False	False	False	False	C
P27577	P17225	Ets1	Ptbp1	True	False	False	False	False	False	B
P27577	Q61115	Ets1	Ptch1	True	False	False	False	False	False	B
P27577	P34152	Ets1	Ptk2	True	False	False	False	False	False	B
P27577	Q9QVP9	Ets1	Ptk2b	True	False	False	False	False	False	C
P27577	P26350	Ets1	Ptma	True	False	False	False	False	False	B
P27577	P35235	Ets1	Ptpn11	True	False	False	False	False	False	C
P27577	Q64697	Ets1	Ptprcap	True	False	False	False	False	False	C
P27577	P49446	Ets1	Ptpre	True	False	False	False	False	False	B
P27577	Q8R2Y8	Ets1	Ptrh2	True	False	False	False	False	False	C
P27577	Q8R143	Ets1	Pttg1ip	True	False	False	False	False	False	C
P27577	O35295	Ets1	Purb	True	False	False	False	False	False	C
P27577	Q8CE46	Ets1	Pus7l	True	False	False	False	False	False	C
P27577	Q8CHP5	Ets1	Pym1	True	False	False	False	False	False	C
P27577	Q3TMV7	Ets1	Pyroxd1	True	False	False	False	False	False	C
P27577	E9Q9D5	Ets1	Rabl2	True	False	False	False	False	False	C
P27577	O35719	Ets1	Rad51b	True	False	False	False	False	False	B
P27577	Q8C570	Ets1	Rae1	True	False	False	False	False	False	C
P27577	Q61818	Ets1	Rai1	True	False	False	False	False	False	B
P27577	Q9EP71	Ets1	Rai14	True	False	False	False	False	False	B
P27577	Q03385	Ets1	Ralgds	True	False	False	False	False	False	B
P27577	Q8BU31	Ets1	Rap2c	True	False	False	False	False	False	C
P27577	Q91ZZ2	Ets1	Q91ZZ2	True	False	False	False	False	False	B
P27577	P18911	Ets1	Rarg	True	False	False	False	False	False	B
P27577	Q60790	Ets1	Rasa3	True	False	False	False	False	False	B
P27577	Q9QUG9	Ets1	Rasgrp2	True	False	False	False	False	False	C
P27577	Q8VH51	Ets1	Rbm39	True	False	False	False	False	False	B
P27577	Q9CWZ3	Ets1	Rbm8a	True	False	False	False	False	False	C
P27577	Q8BX43	Ets1	Relt	True	False	False	False	False	False	C
P27577	Q80TZ9	Ets1	Rere	True	False	False	False	False	False	B
P27577	Q6NS82	Ets1	Retreg2	True	False	False	False	False	False	C
P27577	Q99J62	Ets1	Rfc4	True	False	False	False	False	False	C
P27577	Q8BYP3	Ets1	Rhof	True	False	False	False	False	False	B
P27577	P59729	Ets1	Rin3	True	False	False	False	False	False	C
P27577	Q68FE6	Ets1	Ripor1	True	False	False	False	False	False	B
P27577	Q5UCA9	Ets1	Q5UCA9	True	False	False	False	False	False	B
P27577	Q91YT2	Ets1	Rnf185	True	False	False	False	False	False	C
P27577	Q9QZR0	Ets1	Rnf25	True	False	False	False	False	False	C
P27577	P27659	Ets1	Rpl3	True	False	False	False	False	False	B
P27577	P62852	Ets1	Rps25	True	False	False	False	False	False	C
P27577	G3UZI3	Ets1	G3UZI3	True	False	False	False	False	False	C
P27577	Q9WUT3	Ets1	Rps6ka2	True	False	False	False	False	False	B
P27577	Q8BZG5	Ets1	Mettl25b	True	False	False	False	False	False	C
P27577	S4R1M5	Ets1	S4R1M5	True	False	False	False	False	False	B
P27577	Q99K95	Ets1	Rtf2	True	False	False	False	False	False	C
P27577	Q80U62	Ets1	Rubcn	True	False	False	False	False	False	C
Q08775	P27577	Runx2	Ets1	True	False	False	False	False	False	C
P27577	P50114	Ets1	S100b	True	False	False	False	False	False	C
P27577	Q02614	Ets1	Sap30bp	True	False	False	False	False	False	B
P27577	F8VQK5	Ets1	F8VQK5	True	False	False	False	False	False	B
P27577	Q7TNB8	Ets1	Sbno2	True	False	False	False	False	False	C
P27577	Q78YZ6	Ets1	Scoc	True	False	False	False	False	False	C
P27577	A8Y5H7	Ets1	Sec14l1	True	False	False	False	False	False	B
P27577	A0A286YCC8	Ets1	A0A286YCC8	True	False	False	False	False	False	C
P27577	D3Z2R5	Ets1	Selenon	True	False	False	False	False	False	C
P27577	Q8C1B7	Ets1	Septin11	True	False	False	False	False	False	B
P27577	Q9JJG5	Ets1	Sertad2	True	False	False	False	False	False	B
P27577	Q9ERC3	Ets1	Sertad3	True	False	False	False	False	False	C
P27577	Q921M3	Ets1	Sf3b3	True	False	False	False	False	False	C
P27577	Q9WVC6	Ets1	Sgk1	True	False	False	False	False	False	B
P27577	O09039	Ets1	Sh2b3	True	False	False	False	False	False	C
P27577	D3Z107	Ets1	D3Z107	True	False	False	False	False	False	B
P27577	Q99LH9	Ets1	Sh3bp5l	True	False	False	False	False	False	C
P27577	Q62419	Ets1	Sh3gl1	True	False	False	False	False	False	B
P27577	P98083	Ets1	Shc1	True	False	False	False	False	False	B
P27577	P70665	Ets1	Siae	True	False	False	False	False	False	C
P27577	Q60520	Ets1	Sin3a	True	False	False	False	False	False	B
P27577	B1AUF1	Ets1	B1AUF1	True	False	False	False	False	False	B
P27577	P41438	Ets1	Slc19a1	True	False	False	False	False	False	A
P27577	Q920G8	Ets1	Slc25a37	True	False	False	False	False	False	B
P27577	Q8VCX2	Ets1	Slc35c2	True	False	False	False	False	False	C
P27577	Q8C811	Ets1	Slc35e2a	True	False	False	False	False	False	C
P27577	Q8CFE6	Ets1	Slc38a2	True	False	False	False	False	False	B
P27577	P10852	Ets1	Slc3a2	True	False	False	False	False	False	B
P27577	O35316	Ets1	Slc6a6	True	False	False	False	False	False	B
P27577	Q6P1D7	Ets1	Slx4	True	False	False	False	False	False	C
P27577	Q8BUN5	Ets1	Smad3	True	False	False	False	False	False	B
P27577	P97471	Ets1	Smad4	True	False	False	False	False	False	A
P97471	P27577	Smad4	Ets1	True	False	False	False	False	False	B
P27577	O35253	Ets1	Smad7	True	False	False	False	False	False	B
P27577	P61406	Ets1	Smg6	True	False	False	False	False	False	B
P27577	Q99K82	Ets1	Smox	True	False	False	False	False	False	B
P27577	P27048	Ets1	Snrpb	True	False	False	False	False	False	C
P27577	E1U8D0	Ets1	Mtcl2	True	False	False	False	False	False	B
P27577	Q3UHA3	Ets1	Spg11	True	False	False	False	False	False	C
P17433	P27577	Spi1	Ets1	True	False	False	False	False	False	B
P27577	Q924S7	Ets1	Spred2	True	False	False	False	False	False	B
P27577	A3KGU7	Ets1	A3KGU7	True	False	False	False	False	False	B
P27577	P97363	Ets1	Sptlc2	True	False	False	False	False	False	B
P27577	Q68FG3	Ets1	Spty2d1	True	False	False	False	False	False	C
P27577	B7ZWI4	Ets1	B7ZWI4	True	False	False	False	False	False	C
P27577	Q9WTN3	Ets1	Srebf1	True	False	False	False	False	False	B
P27577	Q9D032	Ets1	Ssbp3	True	False	False	False	False	False	B
P27577	Q3U4B1	Ets1	Q3U4B1	True	False	False	False	False	False	B
P27577	P54751	Ets1	St3gal1	True	False	False	False	False	False	B
P27577	Q11204	Ets1	St3gal2	True	False	False	False	False	False	B
P27577	O55098	Ets1	Stk10	True	False	False	False	False	False	B
P27577	Q7TNL3	Ets1	Stk40	True	False	False	False	False	False	B
P27577	O70166	Ets1	Stmn3	True	False	False	False	False	False	C
P27577	P11031	Ets1	Sub1	True	False	False	False	False	False	C
P27577	E9QNL5	Ets1	E9QNL5	True	False	False	False	False	False	C
P27577	P63271	Ets1	Supt4h1a	True	False	False	False	False	False	C
P27577	P09925	Ets1	Surf1	True	False	False	False	False	False	A
P27577	Q8K4L3	Ets1	Svil	True	False	False	False	False	False	B
P27577	D3YWM9	Ets1	D3YWM9	True	False	False	False	False	False	B
P27577	Q6NXN1	Ets1	Szrd1	True	False	False	False	False	False	C
P27577	F8VQ95	Ets1	F8VQ95	True	False	False	False	False	False	B
P27577	E9Q8T1	Ets1	E9Q8T1	True	False	False	False	False	False	C
P27577	P61216	Ets1	Taf13	True	False	False	False	False	False	C
P27577	Q8BQ46	Ets1	Q8BQ46	True	False	False	False	False	False	C
P27577	Q6PDZ2	Ets1	Taf1c	True	False	False	False	False	False	C
P27577	F8VPY2	Ets1	F8VPY2	True	False	False	False	False	False	C
P22091	P27577	Tal1	Ets1	True	False	False	False	False	False	B
P27577	Q8R1G1	Ets1	Tasp1	True	False	False	False	False	False	C
P27577	Q9EPK5	Ets1	Wwtr1	True	False	False	False	False	False	C
P27577	D3YWM7	Ets1	D3YWM7	True	False	False	False	False	False	B
P27577	A0A0R4J0M1	Ets1	A0A0R4J0M1	True	False	False	False	False	False	C
P27577	Q921P9	Ets1	Tceal1	True	False	False	False	False	False	A
P27577	A0A0J9YTU7	Ets1	A0A0J9YTU7	True	False	False	False	False	False	B
P27577	A0A5K1VVQ7	Ets1	A0A5K1VVQ7	True	False	False	False	False	False	C
P27577	B8JJC1	Ets1	B8JJC1	True	False	False	False	False	False	C
P27577	Q80VP0	Ets1	Tecpr1	True	False	False	False	False	False	C
P27577	Q91YI6	Ets1	Tent2	True	False	False	False	False	False	C
P27577	D3YZ08	Ets1	D3YZ08	True	False	False	False	False	False	C
P27577	Q9D9U4	Ets1	Tex22	True	False	False	False	False	False	C
P27577	A0A2R8W6R9	Ets1	A0A2R8W6R9	True	False	False	False	False	False	B
P27577	Q9ERA0	Ets1	Tfcp2	True	False	False	False	False	False	C
P27577	B8JJG7	Ets1	B8JJG7	True	False	False	False	False	False	C
P27577	P70284	Ets1	Tgif1	True	False	False	False	False	False	B
P27577	Q8C0Y1	Ets1	Tgif2	True	False	False	False	False	False	B
P27577	A0A0R4J0J6	Ets1	A0A0R4J0J6	True	False	False	False	False	False	C
P27577	Q5U4D9	Ets1	Thoc6	True	False	False	False	False	False	B
P27577	Q8BUZ3	Ets1	Tigd4	True	False	False	False	False	False	C
P27577	Q8BN51	Ets1	Q8BN51	True	False	False	False	False	False	B
P27577	Q08122	Ets1	Tle3	True	False	False	False	False	False	B
P27577	P26039	Ets1	Tln1	True	False	False	False	False	False	B
P27577	Q9D2C7	Ets1	Tmbim6	True	False	False	False	False	False	C
P27577	Q9CR64	Ets1	Tmem167a	True	False	False	False	False	False	C
P27577	Q8BG09	Ets1	Tmem184b	True	False	False	False	False	False	B
P27577	Q8R235	Ets1	Tmem203	True	False	False	False	False	False	C
P27577	Q8K1A5	Ets1	Tmem41b	True	False	False	False	False	False	C
P27577	Q8C581	Ets1	Tmem91	True	False	False	False	False	False	B
P27577	Q9QZM4	Ets1	Tnfrsf10b	True	False	False	False	False	False	A
P27577	P25118	Ets1	Tnfrsf1a	True	False	False	False	False	False	B
P27577	D3Z3B6	Ets1	D3Z3B6	True	False	False	False	False	False	C
P27577	Q3UHK8	Ets1	Tnrc6a	True	False	False	False	False	False	C
P27577	O88746	Ets1	Tom1	True	False	False	False	False	False	A
P27577	Q9DCC8	Ets1	Tomm20	True	False	False	False	False	False	C
P27577	Q9QYA2	Ets1	Tomm40	True	False	False	False	False	False	C
P27577	Q9ER39	Ets1	Tor1a	True	False	False	False	False	False	C
P27577	Q6IRU2	Ets1	Tpm4	True	False	False	False	False	False	B
P27577	F6ZDS4	Ets1	Tpr	True	False	False	False	False	False	B
P27577	Q924Z5	Ets1	Tram2	True	False	False	False	False	False	B
P27577	Q5NCF2	Ets1	Trappc1	True	False	False	False	False	False	C
P27577	Q3TLI0	Ets1	Trappc10	True	False	False	False	False	False	C
P27577	Q9D289	Ets1	Trappc6b	True	False	False	False	False	False	C
P27577	Q3U0M1	Ets1	Trappc9	True	False	False	False	False	False	B
P27577	Q8K4K4	Ets1	Trib1	True	False	False	False	False	False	B
P27577	A0A0R4J031	Ets1	A0A0R4J031	True	False	False	False	False	False	C
P27577	Q5NCC3	Ets1	Trim41	True	False	False	False	False	False	B
P27577	Q7TNM2	Ets1	Trim46	True	False	False	False	False	False	C
P27577	E9Q512	Ets1	E9Q512	True	False	False	False	False	False	C
P27577	Q3UA06	Ets1	Trip13	True	False	False	False	False	False	C
P27577	Q3TX08	Ets1	Trmt1	True	False	False	False	False	False	C
P27577	E9QKG3	Ets1	E9QKG3	True	False	False	False	False	False	C
P27577	Q8BYH3	Ets1	Trmt13	True	False	False	False	False	False	C
P27577	Q9JLV2	Ets1	Trpc4ap	True	False	False	False	False	False	C
P27577	A0A2I3BPE9	Ets1	A0A2I3BPE9	True	False	False	False	False	False	C
P27577	Q8QZY6	Ets1	Tspan14	True	False	False	False	False	False	B
P27577	Q80WR1	Ets1	Tspan18	True	False	False	False	False	False	B
P27577	Q9CQ88	Ets1	Tspan31	True	False	False	False	False	False	C
P27577	Q9DCK3	Ets1	Tspan4	True	False	False	False	False	False	B
P27577	Q9JHE7	Ets1	Tssc4	True	False	False	False	False	False	C
P27577	Q3TV33	Ets1	Q3TV33	True	False	False	False	False	False	C
P27577	Q8BGB2	Ets1	Ttc7a	True	False	False	False	False	False	B
P27577	Q9D3D0	Ets1	Ttpal	True	False	False	False	False	False	C
P27577	Q6P5F7	Ets1	Ttyh3	True	False	False	False	False	False	A
P27577	P68373	Ets1	Tuba1c	True	False	False	False	False	False	B
P27577	P68372	Ets1	Tubb4b	True	False	False	False	False	False	B
P27577	A0A286YCY9	Ets1	A0A286YCY9	True	False	False	False	False	False	C
P27577	Q8VE47	Ets1	Uba5	True	False	False	False	False	False	C
P27577	P62984	Ets1	Uba52	True	False	False	False	False	False	C
P27577	Q8VDI7	Ets1	Ubac1	True	False	False	False	False	False	B
P27577	Q80X50	Ets1	Ubap2l	True	False	False	False	False	False	B
P27577	P0CG50	Ets1	Ubc	True	False	False	False	False	False	B
P27577	A0A0G2JE32	Ets1	A0A0G2JE32	True	False	False	False	False	False	B
P27577	Q9CY34	Ets1	Ube2f	True	False	False	False	False	False	C
P27577	P63280	Ets1	Ube2i	True	False	False	False	False	False	C
P27577	P61082	Ets1	Ube2m	True	False	False	False	False	False	C
P27577	A0A1L1SRI7	Ets1	A0A1L1SRI7	True	False	False	False	False	False	C
P27577	Q8BGR9	Ets1	Ublcp1	True	False	False	False	False	False	C
P27577	A2AN08	Ets1	Ubr4	True	False	False	False	False	False	B
P27577	Q0KL01	Ets1	Ubxn2b	True	False	False	False	False	False	C
P27577	A2AT37	Ets1	Upf2	True	False	False	False	False	False	C
P27577	Q3UN04	Ets1	Usp30	True	False	False	False	False	False	C
P27577	Q3TIX9	Ets1	Usp39	True	False	False	False	False	False	B
P27577	D3Z5G1	Ets1	D3Z5G1	True	False	False	False	False	False	C
P27577	A0A1W2P8G5	Ets1	A0A1W2P8G5	True	False	False	False	False	False	B
P27577	P63024	Ets1	Vamp3	True	False	False	False	False	False	C
P27577	Q80Z96	Ets1	Vangl1	True	False	False	False	False	False	C
P27577	P70460	Ets1	Vasp	True	False	False	False	False	False	B
P27577	Q60992	Ets1	Vav2	True	False	False	False	False	False	C
P27577	Q78T54	Ets1	Vma21	True	False	False	False	False	False	C
P27577	Q8CCB4	Ets1	Vps53	True	False	False	False	False	False	C
P27577	Q8K3G5	Ets1	Vrk3	True	False	False	False	False	False	B
P27577	Q8CC88	Ets1	Vwa8	True	False	False	False	False	False	C
P27577	P32921	Ets1	Wars1	True	False	False	False	False	False	C
P27577	O88342	Ets1	Wdr1	True	False	False	False	False	False	B
P27577	Q8BND3	Ets1	Wdr35	True	False	False	False	False	False	C
P27577	Q8CBE3	Ets1	Wdr37	True	False	False	False	False	False	B
P27577	Q9R0D8	Ets1	Wdr54	True	False	False	False	False	False	C
P27577	Q9D7H2	Ets1	Wdr5b	True	False	False	False	False	False	C
P27577	Q5ND34	Ets1	Wdr81	True	False	False	False	False	False	C
P27577	P83741	Ets1	Wnk1	True	False	False	False	False	False	B
P27577	Q8VC51	Ets1	Wrap53	True	False	False	False	False	False	B
P27577	Q924Z6	Ets1	Xpo6	True	False	False	False	False	False	C
P27577	P27641	Ets1	Xrcc5	True	False	False	False	False	False	C
P27577	Q3U3V8	Ets1	Xrra1	True	False	False	False	False	False	C
P27577	Q3U4G3	Ets1	Xxylt1	True	False	False	False	False	False	B
P27577	Q99LP8	Ets1	Yipf2	True	False	False	False	False	False	C
P27577	Q9CQV8	Ets1	Ywhab	True	False	False	False	False	False	C
P27577	Q00899	Ets1	Yy1	True	False	False	False	False	False	B
P27577	G5E8B9	Ets1	Zbtb11	True	False	False	False	False	False	C
P27577	D3Z1Y7	Ets1	D3Z1Y7	True	False	False	False	False	False	B
P27577	O88939	Ets1	Zbtb7a	True	False	False	False	False	False	C
P27577	Q64321	Ets1	Zbtb7b	True	False	False	False	False	False	B
P27577	Q9CWU2	Ets1	Zdhhc13	True	False	False	False	False	False	C
P27577	Q80TN5	Ets1	Zdhhc17	True	False	False	False	False	False	C
P27577	Q8VDZ4	Ets1	Zdhhc5	True	False	False	False	False	False	C
P27577	Q8BLB0	Ets1	Zfp3	True	False	False	False	False	False	C
P27577	P22893	Ets1	Zfp36	True	False	False	False	False	False	B
P27577	P23950	Ets1	Zfp36l1	True	False	False	False	False	False	B
P27577	P23949	Ets1	Zfp36l2	True	False	False	False	False	False	B
P27577	Q02526	Ets1	Zfp41	True	False	False	False	False	False	C
P27577	Q80U44	Ets1	Zfyve16	True	False	False	False	False	False	C
P27577	A0A0A6YWE0	Ets1	A0A0A6YWE0	True	False	False	False	False	False	C
P27577	Q6P1E1	Ets1	Zmiz1	True	False	False	False	False	False	B
P27577	A2A484	Ets1	A2A484	True	False	False	False	False	False	B
P27577	Q8K3J5	Ets1	Znf131	True	False	False	False	False	False	B
P27577	O70230	Ets1	Znf143	True	False	False	False	False	False	C
P27577	Q7TSH9	Ets1	Zfp184	True	False	False	False	False	False	C
P27577	E9QAW0	Ets1	E9QAW0	True	False	False	False	False	False	B
P27577	Q8CF60	Ets1	Znf263	True	False	False	False	False	False	B
P27577	A0A0R4J249	Ets1	A0A0R4J249	True	False	False	False	False	False	C
P27577	D3Z1J4	Ets1	D3Z1J4	True	False	False	False	False	False	C
P27577	Q8CE64	Ets1	Znf276	True	False	False	False	False	False	C
P27577	Q8C0E6	Ets1	Q8C0E6	True	False	False	False	False	False	C
P27577	A0A286YCD9	Ets1	A0A286YCD9	True	False	False	False	False	False	C
P27577	Q80TS5	Ets1	Znf423	True	False	False	False	False	False	B
P27577	E9Q1L8	Ets1	E9Q1L8	True	False	False	False	False	False	C
P27577	A0A087WQQ0	Ets1	A0A087WQQ0	True	False	False	False	False	False	C
P27577	A0A286YD24	Ets1	A0A286YD24	True	False	False	False	False	False	C
P27577	E9Q1J0	Ets1	E9Q1J0	True	False	False	False	False	False	C
P27577	P10077	Ets1	Zfp27	True	False	False	False	False	False	C
P27577	Q6YND2	Ets1	Znf653	True	False	False	False	False	False	C
P27577	Q3TQG9	Ets1	Q3TQG9	True	False	False	False	False	False	C
P27577	J3QPC5	Ets1	J3QPC5	True	False	False	False	False	False	C
P27577	A0A0U1RQ84	Ets1	A0A0U1RQ84	True	False	False	False	False	False	C
P27577	G3X9H3	Ets1	G3X9H3	True	False	False	False	False	False	C
P27577	Q3UVF6	Ets1	Q3UVF6	True	False	False	False	False	False	C
P27577	E9Q2S6	Ets1	E9Q2S6	True	False	False	False	False	False	C
P27577	E9PVW1	Ets1	E9PVW1	True	False	False	False	False	False	C
P27577	Q9QY66	Ets1	Znhit2	True	False	False	False	False	False	C
P15037	A0A0R4J0A4	Ets2	A0A0R4J0A4	True	False	False	False	False	False	B
P01101	P15037	Fos	Ets2	True	False	False	False	False	False	C
P15037	P01101	Ets2	Fos	True	False	False	False	False	False	A
P15037	P48755	Ets2	Fosl1	True	False	False	False	False	False	A
P41164	G3UXC7	Etv1	G3UXC7	True	False	False	False	False	False	C
P41164	B2RXR6	Etv1	Ankrd44	True	False	False	False	False	False	C
P41164	O88738	Etv1	Birc6	True	False	False	False	False	False	C
P41164	Q04899	Etv1	Cdk18	True	False	False	False	False	False	C
P41164	Q8BHG9	Etv1	Cggbp1	True	False	False	False	False	False	C
P41164	Q60936	Etv1	Coq8a	True	False	False	False	False	False	C
P41164	Q60598	Etv1	Cttn	True	False	False	False	False	False	C
P41164	Q9DBB1	Etv1	Dusp6	True	False	False	False	False	False	C
P41164	P07903	Etv1	Ercc1	True	False	False	False	False	False	C
P41164	E9QAS8	Etv1	E9QAS8	True	False	False	False	False	False	C
P41164	Q3UQ44	Etv1	Iqgap2	True	False	False	False	False	False	C
P41164	A0A0R4J0R3	Etv1	A0A0R4J0R3	True	False	False	False	False	False	C
P41164	Q9ERI5	Etv1	Jmjd6	True	False	False	False	False	False	C
P41164	Q3UXZ9	Etv1	Kdm5a	True	False	False	False	False	False	C
P41164	O08746	Etv1	Matn2	True	False	False	False	False	False	C
P41164	A0A589P973	Etv1	A0A589P973	True	False	False	False	False	False	C
P41164	Q02780	Etv1	Nfia	True	False	False	False	False	False	C
P41164	A0A0R4J0C0	Etv1	A0A0R4J0C0	True	False	False	False	False	False	C
P41164	O70628	Etv1	Pde9a	True	False	False	False	False	False	C
P41164	A2ALS5	Etv1	Rap1gap	True	False	False	False	False	False	C
P41164	A8Y5H7	Etv1	Sec14l1	True	False	False	False	False	False	C
P41164	P70347	Etv1	Tank	True	False	False	False	False	False	C
P41164	A0A0J9YTU7	Etv1	A0A0J9YTU7	True	False	False	False	False	False	C
P41164	A0A1W2P8G5	Etv1	A0A1W2P8G5	True	False	False	False	False	False	C
P41164	Q8CBE3	Etv1	Wdr37	True	False	False	False	False	False	C
A2A5C3	O54774	A2A5C3	Ap3d1	True	False	False	False	False	False	C
A2A5C3	D3Z7R7	A2A5C3	D3Z7R7	True	False	False	False	False	False	C
A2A5C3	A2AWP8	A2A5C3	Arhgef10l	True	False	False	False	False	False	C
A2A5C3	Q9QZK2	A2A5C3	Bcar3	True	False	False	False	False	False	C
A2A5C3	Q8K0D0	A2A5C3	Cdk17	True	False	False	False	False	False	C
A2A5C3	P58466	A2A5C3	Ctdsp1	True	False	False	False	False	False	C
A2A5C3	Q4PZA2	A2A5C3	Ece1	True	False	False	False	False	False	C
A2A5C3	Q03145	A2A5C3	Epha2	True	False	False	False	False	False	C
A2A5C3	P11276	A2A5C3	Fn1	True	False	False	False	False	False	C
A2A5C3	Q00977	A2A5C3	Gjb2	True	False	False	False	False	False	C
A2A5C3	Q9D8T2	A2A5C3	Gsdmd	True	False	False	False	False	False	C
A2A5C3	Q3U3C9	A2A5C3	Gse1	True	False	False	False	False	False	C
A2A5C3	Q8CFX1	A2A5C3	H6pd	True	False	False	False	False	False	C
A2A5C3	P62748	A2A5C3	Hpcal1	True	False	False	False	False	False	C
A2A5C3	O35231	A2A5C3	Kifc3	True	False	False	False	False	False	C
A2A5C3	E9PZ55	A2A5C3	E9PZ55	True	False	False	False	False	False	C
A2A5C3	Q765H6	A2A5C3	Mgat5b	True	False	False	False	False	False	C
A2A5C3	Q3TPJ7	A2A5C3	Midn	True	False	False	False	False	False	C
A2A5C3	O35682	A2A5C3	Myadm	True	False	False	False	False	False	C
A2A5C3	Q8VDD5	A2A5C3	Myh9	True	False	False	False	False	False	C
A2A5C3	Q9WVE8	A2A5C3	Pacsin2	True	False	False	False	False	False	C
A2A5C3	F6XJP7	A2A5C3	F6XJP7	True	False	False	False	False	False	B
A2A5C3	P26450	A2A5C3	Pik3r1	True	False	False	False	False	False	C
A2A5C3	D3Z2L0	A2A5C3	D3Z2L0	True	False	False	False	False	False	C
A2A5C3	Q69ZP3	A2A5C3	Pnkd	True	False	False	False	False	False	C
A2A5C3	P23298	A2A5C3	Prkch	True	False	False	False	False	False	C
A2A5C3	P58389	A2A5C3	Ptpa	True	False	False	False	False	False	C
A2A5C3	P35292	A2A5C3	Rab17	True	False	False	False	False	False	C
A2A5C3	P11416	A2A5C3	Rara	True	False	False	False	False	False	C
A2A5C3	Q68FE6	A2A5C3	Ripor1	True	False	False	False	False	False	C
A2A5C3	Q8C6B2	A2A5C3	Rtkn	True	False	False	False	False	False	C
A2A5C3	P43407	A2A5C3	Sdc2	True	False	False	False	False	False	C
A2A5C3	P98083	A2A5C3	Shc1	True	False	False	False	False	False	C
A2A5C3	Q9CZN7	A2A5C3	Shmt2	True	False	False	False	False	False	B
A2A5C3	A0A5F8MPJ2	A2A5C3	A0A5F8MPJ2	True	False	False	False	False	False	C
A2A5C3	Q924S7	A2A5C3	Spred2	True	False	False	False	False	False	C
A2A5C3	P11031	A2A5C3	Sub1	True	False	False	False	False	False	C
A2A5C3	Q08122	A2A5C3	Tle3	True	False	False	False	False	False	C
A2A5C3	Q8CGB6	A2A5C3	Tns2	True	False	False	False	False	False	C
A2A5C3	Q5SSZ5	A2A5C3	Tns3	True	False	False	False	False	False	C
A2A5C3	Q8K4K2	A2A5C3	Trib3	True	False	False	False	False	False	C
A2A5C3	Q80UG8	A2A5C3	Ttll4	True	False	False	False	False	False	C
A2A5C3	P68373	A2A5C3	Tuba1c	True	False	False	False	False	False	C
A2A5C3	Q5SXC4	A2A5C3	Q5SXC4	True	False	False	False	False	False	C
P97360	P40124	Etv6	Cap1	True	False	False	False	False	False	C
P97360	Q3UHF7	Etv6	Hivep2	True	False	False	False	False	False	C
P97360	P49586	Etv6	Pcyt1a	True	False	False	False	False	False	C
P97360	Q8VBU5	Etv6	Q8VBU5	True	False	False	False	False	False	C
P97360	F8VPZ3	Etv6	Usp32	True	False	False	False	False	False	C
P26323	Q68SA9	Fli1	Adamts7	True	False	False	False	False	False	C
P26323	P51829	Fli1	Adcy7	True	False	False	False	False	False	C
P26323	Q8BYW1	Fli1	Arhgap25	True	False	False	False	False	False	C
P26323	Q91X46	Fli1	Arhgef3	True	False	False	False	False	False	C
P26323	J3QNU6	Fli1	J3QNU6	True	False	False	False	False	False	C
P26323	Q9QWY8	Fli1	Asap1	True	False	False	False	False	False	C
P26323	A2ANX2	Fli1	A2ANX2	True	False	False	False	False	False	C
P26323	Q9QYE3	Fli1	Bcl11a	True	False	False	False	False	False	C
P26323	B7ZP57	Fli1	B7ZP57	True	False	False	False	False	False	C
P26323	Q6VGS5	Fli1	Ccdc88c	True	False	False	False	False	False	C
P26323	P30282	Fli1	Ccnd3	True	False	False	False	False	False	B
P26323	Q9D486	Fli1	Cmip	True	False	False	False	False	False	C
P26323	Q9ESD6	Fli1	Cmtm7	True	False	False	False	False	False	C
P26323	P59108	Fli1	Cpne2	True	False	False	False	False	False	C
P26323	A0A0G2JG52	Fli1	A0A0G2JG52	True	False	False	False	False	False	C
P26323	O08967	Fli1	Cyth3	True	False	False	False	False	False	C
P26323	Q80YW0	Fli1	Cyth4	True	False	False	False	False	False	C
P26323	P39054	Fli1	Dnm2	True	False	False	False	False	False	C
P26323	A0A0N4SV63	Fli1	A0A0N4SV63	True	False	False	False	False	False	C
P26323	Q9Z2U4	Fli1	Elf4	True	False	False	False	False	False	C
P26323	P41971	Fli1	Elk3	True	False	False	False	False	False	C
P26323	Q8BPU7	Fli1	Elmo1	True	False	False	False	False	False	C
P26323	P97481	Fli1	Epas1	True	False	False	False	False	False	C
P26323	Q8C552	Fli1	Fam78a	True	False	False	False	False	False	C
P26323	Q6ZPF4	Fli1	Fmnl3	True	False	False	False	False	False	C
P26323	P01101	Fli1	Fos	True	False	False	False	False	False	A
P26323	P42128	Fli1	Foxk1	True	False	False	False	False	False	C
P26323	Q3UCQ1	Fli1	Foxk2	True	False	False	False	False	False	C
P26323	Q640M6	Fli1	Gdpd5	True	False	False	False	False	False	C
P26323	Q9Z282	Fli1	Gpr132	True	False	False	False	False	False	C
P26323	B7ZDF4	Fli1	B7ZDF4	True	False	False	False	False	False	C
P26323	Q8C2B3	Fli1	Hdac7	True	False	False	False	False	False	C
P26323	Q8VD75	Fli1	Hip1	True	False	False	False	False	False	C
P26323	E9QNX9	Fli1	E9QNX9	True	False	False	False	False	False	C
P26323	G5E8H3	Fli1	G5E8H3	True	False	False	False	False	False	C
P26323	B2RXC2	Fli1	B2RXC2	True	False	False	False	False	False	C
P26323	Q3UHC2	Fli1	Lrrk1	True	False	False	False	False	False	C
P26323	P25911	Fli1	Lyn	True	False	False	False	False	False	C
P26323	Q6NXK9	Fli1	Q6NXK9	True	False	False	False	False	False	C
P26323	E9PXE2	Fli1	E9PXE2	True	False	False	False	False	False	C
P26323	E9PW38	Fli1	E9PW38	True	False	False	False	False	False	C
P26323	O35678	Fli1	Mgll	True	False	False	False	False	False	C
P26323	Q8VDD5	Fli1	Myh9	True	False	False	False	False	False	C
P26323	P97479	Fli1	Myo7a	True	False	False	False	False	False	C
P26323	Q60591	Fli1	Nfatc2	True	False	False	False	False	False	C
P26323	C3VPR6	Fli1	Nlrc5	True	False	False	False	False	False	C
P26323	Q3TZG8	Fli1	Q3TZG8	True	False	False	False	False	False	C
P26323	Q8R2U4	Fli1	Ntmt1	True	False	False	False	False	False	C
P26323	Q8R4F1	Fli1	Ntng2	True	False	False	False	False	False	C
P26323	O70628	Fli1	Pde9a	True	False	False	False	False	False	C
P26323	Q921X9	Fli1	Pdia5	True	False	False	False	False	False	C
P26323	D3Z091	Fli1	D3Z091	True	False	False	False	False	False	C
P26323	B1AS24	Fli1	B1AS24	True	False	False	False	False	False	C
P26323	Q5SW28	Fli1	Pik3r5	True	False	False	False	False	False	C
P26323	O70172	Fli1	Pip4k2a	True	False	False	False	False	False	C
P26323	Q8CIH5	Fli1	Plcg2	True	False	False	False	False	False	C
P26323	Q3UH93	Fli1	Plxnd1	True	False	False	False	False	False	C
P26323	Q8CGA0	Fli1	Ppm1f	True	False	False	False	False	False	C
P26323	Q6R891	Fli1	Ppp1r9b	True	False	False	False	False	False	C
P26323	Q69ZK0	Fli1	Prex1	True	False	False	False	False	False	C
P26323	P23298	Fli1	Prkch	True	False	False	False	False	False	C
P26323	A2AVJ5	Fli1	Prr5l	True	False	False	False	False	False	C
P26323	A0A0R4J0P5	Fli1	A0A0R4J0P5	True	False	False	False	False	False	C
P26323	Q9QVP9	Fli1	Ptk2b	True	False	False	False	False	False	C
P26323	P49446	Fli1	Ptpre	True	False	False	False	False	False	C
P26323	Q60790	Fli1	Rasa3	True	False	False	False	False	False	C
P26323	Q9CQE5	Fli1	Rgs10	True	False	False	False	False	False	C
P26323	Q8CGE9	Fli1	Rgs12	True	False	False	False	False	False	C
P26323	P59729	Fli1	Rin3	True	False	False	False	False	False	C
P26323	Q68FE6	Fli1	Ripor1	True	False	False	False	False	False	C
P26323	A8Y5H7	Fli1	Sec14l1	True	False	False	False	False	False	C
P26323	O09039	Fli1	Sh2b3	True	False	False	False	False	False	C
P26323	Q8R3L5	Fli1	Slco3a1	True	False	False	False	False	False	C
P26323	Q64685	Fli1	St6gal1	True	False	False	False	False	False	C
P26323	O55098	Fli1	Stk10	True	False	False	False	False	False	C
P26323	E9Q3H4	Fli1	E9Q3H4	True	False	False	False	False	False	C
P26323	Q3U0J8	Fli1	Tbc1d2b	True	False	False	False	False	False	C
P26323	Q9JKL5	Fli1	Tesc	True	False	False	False	False	False	C
P26323	B1ATB3	Fli1	B1ATB3	True	False	False	False	False	False	C
P26323	Q8CB49	Fli1	Tprg1	True	False	False	False	False	False	C
P26323	Q8QZY6	Fli1	Tspan14	True	False	False	False	False	False	C
P26323	A2AWT5	Fli1	A2AWT5	True	False	False	False	False	False	C
P26323	P27870	Fli1	Vav1	True	False	False	False	False	False	C
P26323	Q99KU0	Fli1	Vmp1	True	False	False	False	False	False	C
P26323	B1ART2	Fli1	B1ART2	True	False	False	False	False	False	C
P26323	Q8K1I7	Fli1	Wipf1	True	False	False	False	False	False	C
P26323	Q9R0G7	Fli1	Zeb2	True	False	False	False	False	False	C
P26323	Q3U0X6	Fli1	Q3U0X6	True	False	False	False	False	False	C
P01101	Q5SSE9	Fos	Abca13	True	False	False	False	False	False	B
P01101	Q9QXM0	Fos	Abhd2	True	False	False	False	False	False	C
P01101	Q69ZX8	Fos	Ablim3	True	False	False	False	False	False	B
P01101	A0A571BG95	Fos	A0A571BG95	True	False	False	False	False	False	B
P01101	Q9QYL7	Fos	Abt1	True	False	False	False	False	False	C
P01101	Q7TQI7	Fos	Abtb2	True	False	False	False	False	False	B
P01101	Q5SWU9	Fos	Acaca	True	False	False	False	False	False	C
P01101	Q6NXL5	Fos	Q6NXL5	True	False	False	False	False	False	C
P01101	Q3V140	Fos	Acrbp	True	False	False	False	False	False	C
P01101	Q9CZW4	Fos	Acsl3	True	False	False	False	False	False	B
P01101	P37172	Fos	Acvr1	True	False	False	False	False	False	B
P01101	Q9JHI2	Fos	Adat1	True	False	False	False	False	False	C
P01101	P51829	Fos	Adcy7	True	False	False	False	False	False	C
P01101	Q8VEC3	Fos	Adgrf1	True	False	False	False	False	False	B
P01101	A0A668KM90	Fos	A0A668KM90	True	False	False	False	False	False	C
P01101	Q8K209	Fos	Adgrg1	True	False	False	False	False	False	C
P01101	A0A571BEJ4	Fos	A0A571BEJ4	True	False	False	False	False	False	B
P01101	B8JJE0	Fos	B8JJE0	True	False	False	False	False	False	B
P01101	B1AVP1	Fos	B1AVP1	True	False	False	False	False	False	B
P01101	Q8JZQ2	Fos	Afg3l2	True	False	False	False	False	False	C
P01101	Q8BXK8	Fos	Agap1	True	False	False	False	False	False	B
P01101	Q8CJG1	Fos	Ago1	True	False	False	False	False	False	C
P01101	M0QWP1	Fos	M0QWP1	True	False	False	False	False	False	C
P01101	A0A494BBD5	Fos	A0A494BBD5	True	False	False	False	False	False	B
P01101	Q924K1	Fos	Aipl1	True	False	False	False	False	False	C
P01101	Q32M07	Fos	Ak8	True	False	False	False	False	False	C
P01101	O08715	Fos	Akap1	True	False	False	False	False	False	C
P01101	E9Q394	Fos	Akap13	True	False	False	False	False	False	C
P01101	E9Q9K8	Fos	E9Q9K8	True	False	False	False	False	False	B
P01101	Q62148	Fos	Aldh1a2	True	False	False	False	False	False	B
P01101	Q8R0Y6	Fos	Aldh1l1	True	False	False	False	False	False	C
P01101	P97793	Fos	Alk	True	False	False	False	False	False	C
P01101	O08739	Fos	Ampd3	True	False	False	False	False	False	B
P01101	O08538	Fos	Angpt1	True	False	False	False	False	False	B
P01101	G5E8J2	Fos	G5E8J2	True	False	False	False	False	False	B
P01101	Q99NH0	Fos	Ankrd17	True	False	False	False	False	False	C
P01101	Q505D1	Fos	Ankrd28	True	False	False	False	False	False	C
P01101	Q6P9J9	Fos	Ano6	True	False	False	False	False	False	B
P01101	Q6DFX2	Fos	Antxr2	True	False	False	False	False	False	B
P01101	P10107	Fos	Anxa1	True	False	False	False	False	False	B
P01101	P07356	Fos	Anxa2	True	False	False	False	False	False	B
P01101	O35639	Fos	Anxa3	True	False	False	False	False	False	B
P01101	O35298	Fos	Aoah	True	False	False	False	False	False	B
P01101	P61750	Fos	Arf4	True	False	False	False	False	False	C
P01101	G3X9K3	Fos	Arfgef1	True	False	False	False	False	False	C
P01101	Q8K0Q5	Fos	Arhgap18	True	False	False	False	False	False	B
P01101	Q8C4V1	Fos	Arhgap24	True	False	False	False	False	False	B
P01101	Q6ZQ82	Fos	Arhgap26	True	False	False	False	False	False	B
P01101	B2RQE8	Fos	Arhgap42	True	False	False	False	False	False	B
P01101	Q8C033	Fos	Arhgef10	True	False	False	False	False	False	C
P01101	Q8BWA8	Fos	Arhgef19	True	False	False	False	False	False	C
P01101	Q91X46	Fos	Arhgef3	True	False	False	False	False	False	B
P01101	A0A338P6U8	Fos	A0A338P6U8	True	False	False	False	False	False	B
P01101	Q8BM75	Fos	Arid5b	True	False	False	False	False	False	B
P01101	Q9Z1K6	Fos	Arih2	True	False	False	False	False	False	C
P01101	Q9QWY8	Fos	Asap1	True	False	False	False	False	False	B
P01101	Q8K0L0	Fos	Asb2	True	False	False	False	False	False	C
P01101	Q9CQQ7	Fos	Atp5pb	True	False	False	False	False	False	C
P01101	Q9Z1G4	Fos	Atp6v0a1	True	False	False	False	False	False	C
P01101	Q148W0	Fos	Atp8b1	True	False	False	False	False	False	B
P01101	A2ANX2	Fos	A2ANX2	True	False	False	False	False	False	B
P01101	P54254	Fos	Atxn1	True	False	False	False	False	False	B
P01101	Q00993	Fos	Axl	True	False	False	False	False	False	C
P01101	Q9JMK0	Fos	B4galt5	True	False	False	False	False	False	B
P01101	P97302	Fos	Bach1	True	False	False	False	False	False	C
P01101	P97303	Fos	Bach2	True	False	False	False	False	False	B
P01101	Q8BVR0	Fos	Banf2	True	False	False	False	False	False	C
P01101	Q8VBW5	Fos	Bbx	True	False	False	False	False	False	B
P01101	Q9QZK2	Fos	Bcar3	True	False	False	False	False	False	B
P01101	Q3U3J1	Fos	Q3U3J1	True	False	False	False	False	False	C
P01101	O54918	Fos	Bcl2l11	True	False	False	False	False	False	A
P01101	A2AMT1	Fos	Bfsp1	True	False	False	False	False	False	C
P01101	O35185	Fos	Bhlhe40	True	False	False	False	False	False	B
P01101	F8VPZ9	Fos	Bicra	True	False	False	False	False	False	C
P01101	Q8R1Y2	Fos	Bmerb1	True	False	False	False	False	False	C
P01101	P36898	Fos	Bmpr1b	True	False	False	False	False	False	B
P01101	Q3V1D7	Fos	Q3V1D7	True	False	False	False	False	False	C
P01101	Q7JJ13	Fos	Brd2	True	False	False	False	False	False	C
P01101	Q922R1	Fos	Phaf1	True	False	False	False	False	False	C
P01101	P21180	Fos	C2	True	False	False	False	False	False	C
P01101	Q9D1K7	Fos	Adissp	True	False	False	False	False	False	C
P01101	Q9D6N1	Fos	Ca13	True	False	False	False	False	False	C
P01101	P97445	Fos	Cacna1a	True	False	False	False	False	False	B
P01101	E9Q7P2	Fos	E9Q7P2	True	False	False	False	False	False	C
P01101	Q8R0X2	Fos	Cacul1	True	False	False	False	False	False	C
P01101	Q8R464	Fos	Cadm4	True	False	False	False	False	False	C
P01101	E9QA15	Fos	E9QA15	True	False	False	False	False	False	C
P01101	J3QMI4	Fos	Calhm3	True	False	False	False	False	False	C
P01101	Q8C078	Fos	Camkk2	True	False	False	False	False	False	C
P01101	O08529	Fos	Capn2	True	False	False	False	False	False	B
P01101	P51125	Fos	Cast	True	False	False	False	False	False	B
P01101	Q3TTA7	Fos	Cblb	True	False	False	False	False	False	B
P01101	Q3UHY7	Fos	Q3UHY7	True	False	False	False	False	False	C
P01101	Q6NS45	Fos	Ccdc66	True	False	False	False	False	False	C
P01101	Q9D9B0	Fos	Ccdc70	True	False	False	False	False	False	C
P01101	Q6PG04	Fos	Ccdc82	True	False	False	False	False	False	C
P01101	Q9D8L5	Fos	Ccdc91	True	False	False	False	False	False	B
P01101	Q8BGU5	Fos	Ccny	True	False	False	False	False	False	B
P01101	P51678	Fos	Ccr3	True	False	False	False	False	False	C
P01101	O35457	Fos	Ccrl2	True	False	False	False	False	False	C
P01101	Q64314	Fos	Cd34	True	False	False	False	False	False	C
P01101	P58019	Fos	Cd59b	True	False	False	False	False	False	C
P01101	O55186	Fos	Cd59a	True	False	False	False	False	False	C
P01101	P50283	Fos	Cd7	True	False	False	False	False	False	C
P01101	Q6PFY9	Fos	Cdc14b	True	False	False	False	False	False	C
P01101	Q14B71	Fos	Cdca2	True	False	False	False	False	False	C
P01101	P55288	Fos	Cdh11	True	False	False	False	False	False	C
P01101	E9Q9Q6	Fos	E9Q9Q6	True	False	False	False	False	False	B
P01101	Q8K389	Fos	Cdk5rap2	True	False	False	False	False	False	B
P01101	Q64261	Fos	Cdk6	True	False	False	False	False	False	B
P01101	Q9WTK2	Fos	Cdyl	True	False	False	False	False	False	B
P01101	D3YU11	Fos	D3YU11	True	False	False	False	False	False	C
P01101	Q5FWI3	Fos	Cemip2	True	False	False	False	False	False	B
P01101	Q9CQA0	Fos	Cenpm	True	False	False	False	False	False	C
P01101	Q5PR68	Fos	Cep112	True	False	False	False	False	False	B
P01101	Q91WG0	Fos	Ces2c	True	False	False	False	False	False	C
P01101	Q8BK48	Fos	Ces2e	True	False	False	False	False	False	C
P01101	F6Z9B9	Fos	F6Z9B9	True	False	False	False	False	False	C
P01101	P04186	Fos	Cfb	True	False	False	False	False	False	C
P01101	P11680	Fos	Cfp	True	False	False	False	False	False	C
P01101	Q9D1L0	Fos	Chchd2	True	False	False	False	False	False	C
P01101	Q8BYH8	Fos	Chd9	True	False	False	False	False	False	B
P01101	Q3V2R3	Fos	Q3V2R3	True	False	False	False	False	False	B
P01101	Q9R0W9	Fos	Chrna6	True	False	False	False	False	False	C
P01101	P56198	Fos	Cidec	True	False	False	False	False	False	C
P01101	Q80U30	Fos	Clec16a	True	False	False	False	False	False	B
P01101	Q9Z0H8	Fos	Clip2	True	False	False	False	False	False	B
P01101	Q8CI96	Fos	Clip4	True	False	False	False	False	False	C
P01101	Q3U466	Fos	Q3U466	True	False	False	False	False	False	C
P01101	Q9D4C9	Fos	Clvs1	True	False	False	False	False	False	B
P01101	Q6ZWS4	Fos	Cnih3	True	False	False	False	False	False	B
P01101	Q8BH15	Fos	Cnot10	True	False	False	False	False	False	C
P01101	A0A0G2JE96	Fos	A0A0G2JE96	True	False	False	False	False	False	C
P01101	Q80X19	Fos	Col14a1	True	False	False	False	False	False	B
P01101	Q04857	Fos	Col6a1	True	False	False	False	False	False	C
P01101	Q63870	Fos	Col7a1	True	False	False	False	False	False	C
P01101	Q9CQI6	Fos	Cotl1	True	False	False	False	False	False	C
P01101	Q61147	Fos	Cp	True	False	False	False	False	False	C
P01101	O88843	Fos	Cradd	True	False	False	False	False	False	B
P01101	A0A0N4SV71	Fos	A0A0N4SV71	True	False	False	False	False	False	B
P01101	Q9JLL0	Fos	Crim1	True	False	False	False	False	False	B
P01101	Q9CYD3	Fos	Crtap	True	False	False	False	False	False	C
P01101	A0A0G2JG52	Fos	A0A0G2JG52	True	False	False	False	False	False	B
P01101	Q8BJQ9	Fos	Csgalnact1	True	False	False	False	False	False	B
P01101	P26231	Fos	Ctnna1	True	False	False	False	False	False	B
P01101	P10605	Fos	Ctsb	True	False	False	False	False	False	C
P01101	Q9JLB4	Fos	Cubn	True	False	False	False	False	False	B
P01101	Q9WUQ5	Fos	Cxcl14	True	False	False	False	False	False	C
P01101	Q04683	Fos	Cxcr5	True	False	False	False	False	False	C
P01101	Q7TMB8	Fos	Cyfip1	True	False	False	False	False	False	C
P01101	Q921M7	Fos	Cyrib	True	False	False	False	False	False	B
P01101	Q80YW0	Fos	Cyth4	True	False	False	False	False	False	B
P01101	Q8BPM0	Fos	Daam1	True	False	False	False	False	False	B
P01101	A2ADY9	Fos	Ddi2	True	False	False	False	False	False	C
P01101	Q8R2F2	Fos	Degs2	True	False	False	False	False	False	C
P01101	Q924W7	Fos	Dennd2b	True	False	False	False	False	False	B
P01101	A2RSQ0	Fos	Dennd5b	True	False	False	False	False	False	C
P01101	A0A0R4J217	Fos	A0A0R4J217	True	False	False	False	False	False	C
P01101	Q6P5D3	Fos	Dhx57	True	False	False	False	False	False	C
P01101	B2RQ71	Fos	B2RQ71	True	False	False	False	False	False	C
P01101	Q811T9	Fos	Disc1	True	False	False	False	False	False	C
P01101	Q80Y83	Fos	Dixdc1	True	False	False	False	False	False	C
P01101	E9QKB1	Fos	E9QKB1	True	False	False	False	False	False	C
P01101	P11531	Fos	Dmd	True	False	False	False	False	False	B
P01101	D3Z667	Fos	D3Z667	True	False	False	False	False	False	C
P01101	Q9CQ94	Fos	Dnajc5b	True	False	False	False	False	False	B
P01101	Q8C3J5	Fos	Dock2	True	False	False	False	False	False	B
P01101	P59764	Fos	Dock4	True	False	False	False	False	False	B
P01101	B2RY04	Fos	Dock5	True	False	False	False	False	False	B
P01101	P58269	Fos	Dpf3	True	False	False	False	False	False	B
P01101	A0A1Y7VK79	Fos	A0A1Y7VK79	True	False	False	False	False	False	B
P01101	G3UXH9	Fos	G3UXH9	True	False	False	False	False	False	B
P01101	Q9ESS0	Fos	Dusp10	True	False	False	False	False	False	B
P01101	Q61214	Fos	Dyrk1a	True	False	False	False	False	False	B
P01101	Q4PZA2	Fos	Ece1	True	False	False	False	False	False	B
P01101	O35459	Fos	Ech1	True	False	False	False	False	False	C
P01101	Q5FW85	Fos	Ecm2	True	False	False	False	False	False	C
P01101	Q6PCQ6	Fos	Q6PCQ6	True	False	False	False	False	False	C
P01101	A0JP43	Fos	Efcab5	True	False	False	False	False	False	C
P01101	Q6P1E8	Fos	Efcab6	True	False	False	False	False	False	C
P01101	Q8CDU5	Fos	Efhb	True	False	False	False	False	False	C
P01101	B2CKC6	Fos	B2CKC6	True	False	False	False	False	False	B
P01101	A0A0R4J0H9	Fos	A0A0R4J0H9	True	False	False	False	False	False	B
P01101	O70194	Fos	Eif3d	True	False	False	False	False	False	C
P01101	P60229	Fos	Eif3e	True	False	False	False	False	False	C
P01101	Q66JS6	Fos	Eif3j2	True	False	False	False	False	False	C
P01101	Q3UGC7	Fos	Eif3j1	True	False	False	False	False	False	C
P01101	P59325	Fos	Eif5	True	False	False	False	False	False	C
P01101	A2AFS3	Fos	Elapor1	True	False	False	False	False	False	C
P01101	Q8BHL5	Fos	Elmo2	True	False	False	False	False	False	C
P01101	Q8BHI7	Fos	Elovl5	True	False	False	False	False	False	C
P01101	Q7TNG5	Fos	Eml2	True	False	False	False	False	False	C
P01101	Q8BX80	Fos	Engase	True	False	False	False	False	False	C
P01101	P21550	Fos	Eno3	True	False	False	False	False	False	C
P01101	Q8BHR2	Fos	Enox1	True	False	False	False	False	False	C
P01101	Q9R1E6	Fos	Enpp2	True	False	False	False	False	False	B
P01101	Q99JW5	Fos	Epcam	True	False	False	False	False	False	C
P01101	Q8CBF3	Fos	Ephb1	True	False	False	False	False	False	C
P01101	Q99K30	Fos	Eps8l2	True	False	False	False	False	False	C
P01101	Q61526	Fos	Erbb3	True	False	False	False	False	False	C
P01101	Q6PH08	Fos	Erc2	True	False	False	False	False	False	B
P01101	Q9DC16	Fos	Ergic1	True	False	False	False	False	False	B
P01101	Q5DTI8	Fos	Esyt3	True	False	False	False	False	False	C
P01101	Q8BI71	Fos	Exoc3l1	True	False	False	False	False	False	C
P01101	O35382	Fos	Exoc4	True	False	False	False	False	False	B
P01101	A6H5Z3	Fos	Exoc6b	True	False	False	False	False	False	B
P01101	P97464	Fos	Ext1	True	False	False	False	False	False	B
P01101	Q6P1H4	Fos	Q6P1H4	True	False	False	False	False	False	B
P01101	P30558	Fos	F2r	True	False	False	False	False	False	C
P01101	P35505	Fos	Fah	True	False	False	False	False	False	C
P01101	Q3TGF2	Fos	Fam107b	True	False	False	False	False	False	B
P01101	Q8BGI4	Fos	Fam13a	True	False	False	False	False	False	B
P01101	E9PXB2	Fos	E9PXB2	True	False	False	False	False	False	C
P01101	Q8BR21	Fos	Fam180a	True	False	False	False	False	False	C
P01101	Q8BR27	Fos	Atosb	True	False	False	False	False	False	C
P01101	Q8K2P2	Fos	Fam83a	True	False	False	False	False	False	C
P01101	P41047	Fos	Faslg	True	False	False	False	False	False	A
P01101	Q3U7U3	Fos	Fbxo7	True	False	False	False	False	False	C
P01101	Q5DRQ8	Fos	Fcrlb	True	False	False	False	False	False	C
P01101	P22315	Fos	Fech	True	False	False	False	False	False	C
P01101	Q69ZL1	Fos	Fgd6	True	False	False	False	False	False	B
P01101	A2AJL3	Fos	Fggy	True	False	False	False	False	False	B
P01101	A6PWD2	Fos	Fhad1	True	False	False	False	False	False	B
P01101	O70433	Fos	Fhl2	True	False	False	False	False	False	B
P01101	Q76LL6	Fos	Fhod3	True	False	False	False	False	False	C
P01101	Q9CS72	Fos	Filip1	True	False	False	False	False	False	C
P01101	E0CYH7	Fos	E0CYH7	True	False	False	False	False	False	B
P01101	P45878	Fos	Fkbp2	True	False	False	False	False	False	C
P01101	O35465	Fos	Fkbp8	True	False	False	False	False	False	C
P01101	Q80X90	Fos	Flnb	True	False	False	False	False	False	B
P01101	Q8VHX6	Fos	Flnc	True	False	False	False	False	False	C
P01101	A0A0R4J0H8	Fos	A0A0R4J0H8	True	False	False	False	False	False	B
P01101	P42128	Fos	Foxk1	True	False	False	False	False	False	C
P01101	Q64731	Fos	Foxl1	True	False	False	False	False	False	C
P01101	H3BJ24	Fos	H3BJ24	True	False	False	False	False	False	B
P01101	Q920B0	Fos	Frmd4b	True	False	False	False	False	False	B
P01101	Q7TPM6	Fos	Fsd1	True	False	False	False	False	False	C
P01101	Q9D3V5	Fos	Fsip1	True	False	False	False	False	False	B
P01101	Q8BGW1	Fos	Fto	True	False	False	False	False	False	B
P01101	Q8CDC9	Fos	Q8CDC9	True	False	False	False	False	False	C
P01101	Q9JL27	Fos	Fut2	True	False	False	False	False	False	C
P01101	Q04646	Fos	Fxyd2	True	False	False	False	False	False	C
P01101	Q80T41	Fos	Gabbr2	True	False	False	False	False	False	B
P01101	P48316	Fos	Gadd45a	True	False	False	False	False	False	B
P01101	Q9D2N8	Fos	Galnt15	True	False	False	False	False	False	B
P01101	Q6PB93	Fos	Galnt2	True	False	False	False	False	False	B
P01101	G3X942	Fos	G3X942	True	False	False	False	False	False	C
P01101	F6QB26	Fos	F6QB26	True	False	False	False	False	False	C
P01101	P23772	Fos	Gata3	True	False	False	False	False	False	A
P01101	Q9D6Y9	Fos	Gbe1	True	False	False	False	False	False	B
P01101	Q3UHD2	Fos	Gfod1	True	False	False	False	False	False	B
P01101	E0CXS6	Fos	E0CXS6	True	False	False	False	False	False	C
P01101	P48756	Fos	Gip	True	False	False	False	False	False	C
P01101	Q0VGT2	Fos	Gli2	True	False	False	False	False	False	C
P01101	E0CX93	Fos	E0CX93	True	False	False	False	False	False	B
P01101	Q8K0C9	Fos	Gmds	True	False	False	False	False	False	B
P01101	P27600	Fos	Gna12	True	False	False	False	False	False	B
P01101	Q61017	Fos	Gngt2	True	False	False	False	False	False	C
P01101	Q8BUV8	Fos	Gpr107	True	False	False	False	False	False	C
P01101	P35413	Fos	Gpr3	True	False	False	False	False	False	C
P01101	Q3TR54	Fos	Gsdmc4	True	False	False	False	False	False	C
P01101	Q2KHK6	Fos	Gsdmc2	True	False	False	False	False	False	C
P01101	Q8CB12	Fos	Gsdmc3	True	False	False	False	False	False	C
P01101	Q99NB5	Fos	Gsdmc	True	False	False	False	False	False	C
P01101	Q3U3C9	Fos	Gse1	True	False	False	False	False	False	B
P01101	Q8BW56	Fos	Gtdc1	True	False	False	False	False	False	B
P01101	P62806	Fos	H4c1; H4c2; H4c3; H4c4; H4c6; H4c8; H4c9; H4c11; H4c12; Hist1h4m; H4c14; H4c16	True	False	False	False	False	False	C;D
P01101	O55241	Fos	Hcrt	True	False	False	False	False	False	C
P01101	A0A1B0GSQ5	Fos	A0A1B0GSQ5	True	False	False	False	False	False	B
P01101	Q6I6G8	Fos	Hecw2	True	False	False	False	False	False	B
P01101	P20060	Fos	Hexb	True	False	False	False	False	False	C
P01101	A2A884	Fos	Hivep3	True	False	False	False	False	False	B
P01101	O08528	Fos	Hk2	True	False	False	False	False	False	C
P01101	Q91W97	Fos	Hkdc1	True	False	False	False	False	False	C
P01101	A0A494B9M4	Fos	A0A494B9M4	True	False	False	False	False	False	A
P01101	D3YXG0	Fos	Hmcn1	True	False	False	False	False	False	B
P01101	P17095	Fos	Hmga1	True	False	False	False	False	False	C
P01101	Q8BGZ1	Fos	Hpcal4	True	False	False	False	False	False	C
P01101	P49429	Fos	Hpd	True	False	False	False	False	False	C
P01101	P70174	Fos	Hrh1	True	False	False	False	False	False	B
P01101	Q61696	Fos	Hspa1a	True	False	False	False	False	False	A;D
P01101	P17879	Fos	Hspa1b	True	False	False	False	False	False	A;D
P01101	Q8BK58	Fos	Hspbap1	True	False	False	False	False	False	C
P01101	P97288	Fos	Htr4	True	False	False	False	False	False	C
P01101	Q63953	Fos	Q63953	True	False	False	False	False	False	B
P01101	P19182	Fos	Ifrd1	True	False	False	False	False	False	C
P01101	E9QNX9	Fos	E9QNX9	True	False	False	False	False	False	B
P01101	O88522	Fos	Ikbkg	True	False	False	False	False	False	C
P01101	P43431	Fos	Il12a	True	False	False	False	False	False	A
P01101	P16382	Fos	Il4r	True	False	False	False	False	False	A
P01101	P21183	Fos	Il5ra	True	False	False	False	False	False	C
P01101	Q8BPT6	Fos	Immp2l	True	False	False	False	False	False	B
P01101	Q8K337	Fos	Inpp5b	True	False	False	False	False	False	C
P01101	Q9CWS4	Fos	Ints11	True	False	False	False	False	False	C
P01101	Q7TPD0	Fos	Ints3	True	False	False	False	False	False	C
P01101	Q9D9K8	Fos	Iqcf1	True	False	False	False	False	False	C
P01101	A0A9L6JPS2	Fos	A0A9L6JPS2	True	False	False	False	False	False	C
P01101	E9Q1P8	Fos	Irf2bp2	True	False	False	False	False	False	C
P01101	Q9JL16	Fos	Isg20	True	False	False	False	False	False	C
P01101	P11688	Fos	Itga5	True	False	False	False	False	False	A
P01101	P43406	Fos	Itgav	True	False	False	False	False	False	C
P01101	A0A338P795	Fos	A0A338P795	True	False	False	False	False	False	B
P01101	Q9Z0T9	Fos	Itgb6	True	False	False	False	False	False	B
P01101	P11881	Fos	Itpr1	True	False	False	False	False	False	B
P01101	Q9Z329	Fos	Itpr2	True	False	False	False	False	False	B
P01101	Q9DA16	Fos	Izumo2	True	False	False	False	False	False	C
P01101	Q62120	Fos	Jak2	True	False	False	False	False	False	C
P01101	Q5DTX6	Fos	Jcad	True	False	False	False	False	False	B
P01101	P97825	Fos	Jpt1	True	False	False	False	False	False	C
P01101	A2CG49	Fos	Kalrn	True	False	False	False	False	False	B
P01101	Q9Z1P7	Fos	Kank3	True	False	False	False	False	False	C
P01101	Q3UQV5	Fos	Kbtbd8	True	False	False	False	False	False	C
P01101	P62482	Fos	Kcnab2	True	False	False	False	False	False	C
P01101	Q3UFC0	Fos	Q3UFC0	True	False	False	False	False	False	C
P01101	O88932	Fos	Kcnj15	True	False	False	False	False	False	B
P01101	O08581	Fos	Kcnk1	True	False	False	False	False	False	B
P01101	A0A087WQN5	Fos	A0A087WQN5	True	False	False	False	False	False	B
P01101	O89109	Fos	Kcnn4	True	False	False	False	False	False	C
P01101	Q8K3F6	Fos	Kcnq3	True	False	False	False	False	False	C
P01101	Q8BZN2	Fos	Kcnv1	True	False	False	False	False	False	C
P01101	Q8VCD7	Fos	Kdm4c	True	False	False	False	False	False	B
P01101	Q5SYL3	Fos	Bltp2	True	False	False	False	False	False	C
P01101	Q8R0A7	Fos	Kiaa0513	True	False	False	False	False	False	C
P01101	B1AY49	Fos	B1AY49	True	False	False	False	False	False	B
P01101	A0A286YDX6	Fos	A0A286YDX6	True	False	False	False	False	False	B
P01101	Q9DBS5	Fos	Klc4	True	False	False	False	False	False	C
P01101	O89091	Fos	Klf10	True	False	False	False	False	False	C
P01101	Q8BPQ2	Fos	Q8BPQ2	True	False	False	False	False	False	B
P01101	Q8CEC4	Fos	Q8CEC4	True	False	False	False	False	False	B
P01101	A2APT9	Fos	Klhdc7a	True	False	False	False	False	False	C
P01101	A0A2I3BRZ3	Fos	A0A2I3BRZ3	True	False	False	False	False	False	C
P01101	B2RVZ0	Fos	B2RVZ0	True	False	False	False	False	False	C
P01101	B1AQ77	Fos	B1AQ77	True	False	False	False	False	False	C
P01101	P11679	Fos	Krt8	True	False	False	False	False	False	C
P01101	Q71RI9	Fos	Kyat3	True	False	False	False	False	False	C
P01101	Q61087	Fos	Lamb3	True	False	False	False	False	False	C
P01101	F8VQJ3	Fos	F8VQJ3	True	False	False	False	False	False	B
P01101	Q9WUN8	Fos	Lbx2	True	False	False	False	False	False	C
P01101	Q8BGA2	Fos	Lhfpl2	True	False	False	False	False	False	B
P01101	A0A0R4J005	Fos	A0A0R4J005	True	False	False	False	False	False	B
P01101	Q9Z0M5	Fos	Lipa	True	False	False	False	False	False	C
P01101	P48678	Fos	Lmna	True	False	False	False	False	False	B
P01101	Q91XL2	Fos	Lnx2	True	False	False	False	False	False	C
P01101	Q9D4H7	Fos	Lonrf3	True	False	False	False	False	False	C
P01101	F6S365	Fos	F6S365	True	False	False	False	False	False	C
P01101	Q8BFW7	Fos	Lpp	True	False	False	False	False	False	B
P01101	Q99N69	Fos	Lpxn	True	False	False	False	False	False	C
P01101	Q3V0L5	Fos	Lrrc43	True	False	False	False	False	False	C
P01101	Q5DU41	Fos	Lrrc8b	True	False	False	False	False	False	C
P01101	Q66JT1	Fos	Lrrc8e	True	False	False	False	False	False	C
P01101	Q3UHC2	Fos	Lrrk1	True	False	False	False	False	False	C
P01101	A0A3Q4EGK3	Fos	A0A3Q4EGK3	True	False	False	False	False	False	B
P01101	Q01965	Fos	Ly9	True	False	False	False	False	False	C
P01101	Q9WTL7	Fos	Lypla2	True	False	False	False	False	False	C
P01101	Q61827	Fos	Mafk	True	False	False	False	False	False	C
P01101	F6U238	Fos	F6U238	True	False	False	False	False	False	B
P01101	D4QGC2	Fos	D4QGC2	True	False	False	False	False	False	B
P01101	Q91VR7	Fos	Map1lc3a	True	False	False	False	False	False	C
P01101	Q63932	Fos	Map2k2	True	False	False	False	False	False	C
P01101	Q1HKZ5	Fos	Map3k13	True	False	False	False	False	False	B
P01101	A2AJI0	Fos	Map7d1	True	False	False	False	False	False	C
P01101	Q6PER3	Fos	Mapre3	True	False	False	False	False	False	C
P01101	F8WJC4	Fos	F8WJC4	True	False	False	False	False	False	B
P01101	Q811L6	Fos	Mast4	True	False	False	False	False	False	B
P01101	O08746	Fos	Matn2	True	False	False	False	False	False	C
P01101	Q8BWY4	Fos	Mblac1	True	False	False	False	False	False	C
P01101	A0A0A6YVV8	Fos	A0A0A6YVV8	True	False	False	False	False	False	B
P01101	Q8C181	Fos	Mbnl2	True	False	False	False	False	False	B
P01101	P04370	Fos	Mbp	True	False	False	False	False	False	C
P01101	E9PWI3	Fos	E9PWI3	True	False	False	False	False	False	B
P01101	E9QK89	Fos	E9QK89	True	False	False	False	False	False	C
P01101	Q8BMF3	Fos	Me3	True	False	False	False	False	False	B
P01101	D3YVY2	Fos	D3YVY2	True	False	False	False	False	False	B
P01101	Q8VE43	Fos	Metrnl	True	False	False	False	False	False	C
P01101	Q3U481	Fos	Mfsd12	True	False	False	False	False	False	C
P01101	O35678	Fos	Mgll	True	False	False	False	False	False	B
P01101	O70583	Fos	Mid1	True	False	False	False	False	False	B
P01101	A0A1Y7VP67	Fos	A0A1Y7VP67	True	False	False	False	False	False	B
P01101	Q8CDB0	Fos	Mknk2	True	False	False	False	False	False	C
P01101	P33434	Fos	Mmp2	True	False	False	False	False	False	A
P01101	Q5RKZ7	Fos	Mocs1	True	False	False	False	False	False	C
P01101	Q3TYA6	Fos	Mphosph8	True	False	False	False	False	False	C
P01101	Q3TEW6	Fos	Mpzl1	True	False	False	False	False	False	B
P01101	D3Z603	Fos	D3Z603	True	False	False	False	False	False	C
P01101	Q9CR78	Fos	Msantd3	True	False	False	False	False	False	C
P01101	Q920Q6	Fos	Msi2	True	False	False	False	False	False	B
P01101	D3YZG8	Fos	Mthfd2l	True	False	False	False	False	False	B
P01101	Q91XS1	Fos	Mtmr4	True	False	False	False	False	False	C
P01101	G3X9H7	Fos	G3X9H7	True	False	False	False	False	False	B
P01101	O08601	Fos	Mttp	True	False	False	False	False	False	C
P01101	Q5FW53	Fos	Mybphl	True	False	False	False	False	False	C
P01101	Q9CPT4	Fos	Mydgf	True	False	False	False	False	False	C
P01101	Q9JK81	Fos	Myg1	True	False	False	False	False	False	C
P01101	Q8VDD5	Fos	Myh9	True	False	False	False	False	False	B
P01101	Q6PDN3	Fos	Mylk	True	False	False	False	False	False	B
P01101	D3YV80	Fos	D3YV80	True	False	False	False	False	False	B
P01101	Q9DBB4	Fos	Naa16	True	False	False	False	False	False	C
P01101	A0A0N4SUJ3	Fos	A0A0N4SUJ3	True	False	False	False	False	False	B
P01101	Q8BGW5	Fos	Nabp1	True	False	False	False	False	False	B
P01101	Q8BJ48	Fos	Nagpa	True	False	False	False	False	False	C
P01101	B1AU75	Fos	B1AU75	True	False	False	False	False	False	C
P01101	A0A589P973	Fos	A0A589P973	True	False	False	False	False	False	B
P01101	V9GXT3	Fos	V9GXT3	True	False	False	False	False	False	B
P01101	Q61477	Fos	Nbl1	True	False	False	False	False	False	C
P01101	Q91X97	Fos	Ncald	True	False	False	False	False	False	B
P01101	Q6DFV7	Fos	Ncoa7	True	False	False	False	False	False	B
P01101	Q62433	Fos	Ndrg1	True	False	False	False	False	False	C
P01101	Q9DC07	Fos	Nebl	True	False	False	False	False	False	C
P01101	Q0II04	Fos	Nebl	True	False	False	False	False	False	C
P01101	A0A286YDV4	Fos	A0A286YDV4	True	False	False	False	False	False	B
P01101	A0A0R4J212	Fos	A0A0R4J212	True	False	False	False	False	False	B
P01101	K3W4R8	Fos	K3W4R8	True	False	False	False	False	False	C
P01101	Q9ES74	Fos	Nek7	True	False	False	False	False	False	B
P01101	O35657	Fos	Neu1	True	False	False	False	False	False	C
P01101	Q60591	Fos	Nfatc2	True	False	False	False	False	False	B
P01101	Q02780	Fos	Nfia	True	False	False	False	False	False	B
P01101	Q8R1F1	Fos	Niban2	True	False	False	False	False	False	B
P01101	Q8BZF2	Fos	Nipal4	True	False	False	False	False	False	C
P01101	Q5RJG1	Fos	Nol10	True	False	False	False	False	False	C
P01101	F8WGF2	Fos	F8WGF2	True	False	False	False	False	False	A
P01101	Q3UV55	Fos	Nr1d1	True	False	False	False	False	False	C
P01101	O35627	Fos	Nr1i3	True	False	False	False	False	False	C
P01101	Q810U4	Fos	Nrcam	True	False	False	False	False	False	B
P01101	P97333	Fos	Nrp1	True	False	False	False	False	False	B
P01101	Q91VT1	Fos	Nsmce2	True	False	False	False	False	False	B
P01101	Q8R2U4	Fos	Ntmt1	True	False	False	False	False	False	C
P01101	Q6VNS1	Fos	Ntrk3	True	False	False	False	False	False	C
P01101	P81117	Fos	Nucb2	True	False	False	False	False	False	C
P01101	Q9QY81	Fos	Nup210	True	False	False	False	False	False	C
P01101	P59235	Fos	Nup43	True	False	False	False	False	False	C
P01101	E9Q7L0	Fos	E9Q7L0	True	False	False	False	False	False	C
P01101	A0A1B0GSF4	Fos	A0A1B0GSF4	True	False	False	False	False	False	C
P01101	E9Q0Z1	Fos	E9Q0Z1	True	False	False	False	False	False	C
P01101	S4R1M9	Fos	Osbpl10	True	False	False	False	False	False	B
P01101	A0A0N4SV33	Fos	A0A0N4SV33	True	False	False	False	False	False	B
P01101	F8WIZ7	Fos	F8WIZ7	True	False	False	False	False	False	B
P01101	E9PXZ2	Fos	E9PXZ2	True	False	False	False	False	False	B
P01101	Q9D0K2	Fos	Oxct1	True	False	False	False	False	False	C
P01101	O54803	Fos	P2rx6	True	False	False	False	False	False	C
P01101	Q9WVE8	Fos	Pacsin2	True	False	False	False	False	False	B
P01101	Q9Z185	Fos	Padi1	True	False	False	False	False	False	C
P01101	A0A0R4J007	Fos	A0A0R4J007	True	False	False	False	False	False	C
P01101	A2API8	Fos	A2API8	True	False	False	False	False	False	B
P01101	Q8R4K8	Fos	Pappa	True	False	False	False	False	False	B
P01101	G3XA13	Fos	G3XA13	True	False	False	False	False	False	B
P01101	Q9CSB4	Fos	Pard3b	True	False	False	False	False	False	B
P01101	Q8K0Y7	Fos	Paxx	True	False	False	False	False	False	C
P01101	Q91ZA3	Fos	Pcca	True	False	False	False	False	False	B
P01101	Q3UK78	Fos	Pcgf5	True	False	False	False	False	False	C
P01101	Q5DU28	Fos	Pcnx2	True	False	False	False	False	False	B
P01101	Q64338	Fos	Pde1c	True	False	False	False	False	False	B
P01101	Q8VBU5	Fos	Q8VBU5	True	False	False	False	False	False	B
P01101	A0A0R4IZW4	Fos	A0A0R4IZW4	True	True	False	True	True	False	A
P01101	Q8BKZ9	Fos	Pdhx	True	False	False	False	False	False	B
P01101	Q8CI51	Fos	Pdlim5	True	False	False	False	False	False	B
P01101	Q9Z2A0	Fos	Pdpk1	True	False	False	False	False	False	C
P01101	Q9WUA3	Fos	Pfkp	True	False	False	False	False	False	C
P01101	Q501J7	Fos	Phactr4	True	False	False	False	False	False	C
P01101	A0A5S8DHC4	Fos	A0A5S8DHC4	True	False	False	False	False	False	C
P01101	O08969	Fos	Phlda2	True	False	False	False	False	False	C
P01101	Q8CHE4	Fos	Phlpp1	True	False	False	False	False	False	B
P01101	O70172	Fos	Pip4k2a	True	False	False	False	False	False	B
P01101	O70161	Fos	Pip5k1c	True	False	False	False	False	False	C
P01101	D3Z0X7	Fos	D3Z0X7	True	False	False	False	False	False	C
P01101	Q8CDG1	Fos	Piwil2	True	False	False	False	False	False	C
P01101	P47713	Fos	Pla2g4a	True	False	False	False	False	False	A
P01101	Q3TTY0	Fos	Plb1	True	False	False	False	False	False	B
P01101	Q9Z1B3	Fos	Plcb1	True	False	False	False	False	False	B
P01101	Q91UZ1	Fos	Q91UZ1	True	False	False	False	False	False	B
P01101	D3Z2V2	Fos	D3Z2V2	True	False	False	False	False	False	B
P01101	Q3UX37	Fos	Q3UX37	True	False	False	False	False	False	C
P01101	Q4VAC9	Fos	Plekhg3	True	False	False	False	False	False	C
P01101	P70207	Fos	Plxna2	True	False	False	False	False	False	B
P01101	Q80UG2	Fos	Plxna4	True	False	False	False	False	False	C
P01101	P97304	Fos	Polr1d	True	False	False	False	False	False	C
P01101	P37040	Fos	Por	True	False	False	False	False	False	C
P01101	P20263	Fos	Pou5f1	True	False	False	False	False	False	C
P01101	P35396	Fos	Ppard	True	False	False	False	False	False	A
P01101	A0A140LIN3	Fos	A0A140LIN3	True	False	False	False	False	False	C
P01101	P17564	Fos	Ppp1r15a	True	False	False	False	False	False	B
P01101	Q8BKR5	Fos	Ppp1r37	True	False	False	False	False	False	C
P01101	P63328	Fos	Ppp3ca	True	False	False	False	False	False	B
P01101	Q922R5	Fos	Ppp4r3b	True	False	False	False	False	False	C
P01101	A0A286YD27	Fos	A0A286YD27	True	False	False	False	False	False	C
P01101	P10820	Fos	Prf1	True	False	False	False	False	False	C
P01101	Q80Y24	Fos	Prickle2	True	False	False	False	False	False	B
P01101	Q91WG5	Fos	Prkag2	True	False	False	False	False	False	B
P01101	P23298	Fos	Prkch	True	False	False	False	False	False	B
P01101	P04925	Fos	Prnp	True	False	False	False	False	False	C
P01101	Q9QXU7	Fos	Prok2	True	False	False	False	False	False	C
P01101	Q8CCF0	Fos	Prpf31	True	False	False	False	False	False	B
P01101	Q812A5	Fos	Prr5	True	False	False	False	False	False	C
P01101	Q62035	Fos	Ptafr	True	False	False	False	False	False	C
P01101	P34152	Fos	Ptk2	True	False	False	False	False	False	B
P01101	Q9QVP9	Fos	Ptk2b	True	False	False	False	False	False	B
P01101	O55082	Fos	Ptpn20	True	False	False	False	False	False	C
P01101	Q9WU22	Fos	Ptpn4	True	False	False	False	False	False	B
P01101	P35822	Fos	Ptprk	True	False	False	False	False	False	C
P01101	Q62132	Fos	Ptprr	True	False	False	False	False	False	C
P01101	Q9DD03	Fos	Rab13	True	False	False	False	False	False	C
P01101	Q923S9	Fos	Rab30	True	False	False	False	False	False	C
P01101	Q91ZR1	Fos	Rab4b	True	False	False	False	False	False	C
P01101	A6H6A9	Fos	Rabgap1l	True	False	False	False	False	False	B
P01101	O35719	Fos	Rad51b	True	False	False	False	False	False	B
P01101	Q9EP71	Fos	Rai14	True	False	False	False	False	False	C
P01101	A2AR50	Fos	Ralgps1	True	False	False	False	False	False	B
P01101	Q91ZZ2	Fos	Q91ZZ2	True	False	False	False	False	False	B
P01101	Q9EQZ6	Fos	Rapgef4	True	False	False	False	False	False	B
P01101	P22605	Fos	Rarb	True	False	False	False	False	False	C
P01101	Q60790	Fos	Rasa3	True	False	False	False	False	False	C
P01101	Q9ESK9	Fos	Rb1cc1	True	False	False	False	False	False	B
P01101	Q91WT8	Fos	Rbm47	True	False	False	False	False	False	B
P01101	Q8VCH7	Fos	Rdh10	True	False	False	False	False	False	C
P01101	Q8BYK4	Fos	Rdh12	True	False	False	False	False	False	C
P01101	Q5U4E2	Fos	Repin1	True	False	False	False	False	False	C
P01101	Q80TZ9	Fos	Rere	True	False	False	False	False	False	B
P01101	A0A087WNZ9	Fos	A0A087WNZ9	True	False	False	False	False	False	C
P01101	O54828	Fos	Rgs9	True	False	False	False	False	False	B
P01101	P61588	Fos	Rnd3	True	False	False	False	False	False	B
P01101	Q8QZS5	Fos	Rnf183	True	False	False	False	False	False	C
P01101	P50636	Fos	Rnf19a	True	False	False	False	False	False	C
P01101	Q3UF64	Fos	Rnft2	True	False	False	False	False	False	C
P01101	Q9D706	Fos	Rpap3	True	False	False	False	False	False	C
P01101	P62751	Fos	Rpl23a	True	False	False	False	False	False	C
P01101	Q91YQ5	Fos	Rpn1	True	False	False	False	False	False	C
P01101	P62071	Fos	Rras2	True	False	False	False	False	False	C
P01101	Q99P72	Fos	Rtn4	True	False	False	False	False	False	B
P01101	Q08775	Fos	Runx2	True	False	False	False	False	False	A
P01101	P20443	Fos	Sag	True	False	False	False	False	False	C
P01101	Q0VE29	Fos	Samd12	True	False	False	False	False	False	B
P01101	Q8CBY1	Fos	Samd4a	True	False	False	False	False	False	B
P01101	F8VQK5	Fos	F8VQK5	True	False	False	False	False	False	B
P01101	Q9ERN0	Fos	Scamp2	True	False	False	False	False	False	C
P01101	Q3UH53	Fos	Sdk1	True	False	False	False	False	False	B
P01101	A8Y5H7	Fos	Sec14l1	True	False	False	False	False	False	B
P01101	O08665	Fos	Sema3a	True	False	False	False	False	False	B
P01101	Q62181	Fos	Sema3c	True	False	False	False	False	False	B
P01101	P49182	Fos	Serpind1	True	False	False	False	False	False	C
P01101	Q91V61	Fos	Sfxn3	True	False	False	False	False	False	C
P01101	Q9QZS5	Fos	Sgk2	True	False	False	False	False	False	C
P01101	Q8VCQ6	Fos	Sgms1	True	False	False	False	False	False	B
P01101	Q921I6	Fos	Sh3bp4	True	False	False	False	False	False	B
P01101	Q9Z131	Fos	Sh3bp5	True	False	False	False	False	False	C
P01101	Q8R550	Fos	Sh3kbp1	True	False	False	False	False	False	B
P01101	A0A5F8MPP7	Fos	A0A5F8MPP7	True	False	False	False	False	False	B
P01101	Q80ZE3	Fos	Siglec10	True	False	False	False	False	False	C
P01101	Q6P4S6	Fos	Sik3	True	False	False	False	False	False	B
P01101	Q3UHH2	Fos	Slc22a23	True	False	False	False	False	False	B
P01101	Q920G8	Fos	Slc25a37	True	False	False	False	False	False	B
P01101	Q8CFJ7	Fos	Slc25a45	True	False	False	False	False	False	C
P01101	Q99P65	Fos	Slc29a3	True	False	False	False	False	False	C
P01101	Q3UHK1	Fos	Slc2a13	True	False	False	False	False	False	C
P01101	Q8BGG0	Fos	Slc30a8	True	False	False	False	False	False	C
P01101	Q8K2P7	Fos	Slc38a1	True	False	False	False	False	False	C
P01101	Q8BWY7	Fos	Slc39a11	True	False	False	False	False	False	B
P01101	Q921V7	Fos	Slc44a3	True	False	False	False	False	False	B
P01101	Q8BFQ6	Fos	Slc49a4	True	False	False	False	False	False	C
P01101	Q9QXW9	Fos	Slc7a8	True	False	False	False	False	False	C
P01101	Q8R4D1	Fos	Slc9a8	True	False	False	False	False	False	C
P01101	Q8R3L5	Fos	Slco3a1	True	False	False	False	False	False	B
P01101	Q9D7Y9	Fos	Slx4ip	True	False	False	False	False	False	B
P01101	Q91VT8	Fos	Smim14	True	False	False	False	False	False	C
P01101	Q9CWR2	Fos	Smyd3	True	False	False	False	False	False	B
P01101	Q78PY7	Fos	Snd1	True	False	False	False	False	False	B
P01101	Q6ZWQ5	Fos	Q6ZWQ5	True	False	False	False	False	False	C
P01101	Q9D3S3	Fos	Snx29	True	False	False	False	False	False	C
P01101	Q91VH2	Fos	Snx9	True	False	False	False	False	False	B
P01101	A0A5F8MPJ2	Fos	A0A5F8MPJ2	True	False	False	False	False	False	B
P01101	Q9ESX2	Fos	Sp6	True	False	False	False	False	False	C
P01101	Q9JLI7	Fos	Spag6	True	False	False	False	False	False	C
P01101	Q91WJ7	Fos	Spats2l	True	False	False	False	False	False	B
P01101	Q8BGX7	Fos	Spidr	True	False	False	False	False	False	B
P01101	Q52KF3	Fos	Spire1	True	False	False	False	False	False	B
P01101	Q8BKQ3	Fos	Q8BKQ3	True	False	False	False	False	False	B
P01101	O70557	Fos	Sprr2f	True	False	False	False	False	False	C
P01101	G5E8D1	Fos	G5E8D1	True	False	False	False	False	False	C
P01101	O70556	Fos	Sprr2e	True	False	False	False	False	False	C
P01101	O70555	Fos	Sprr2d	True	False	False	False	False	False	C
P01101	O70559	Fos	Sprr2h	True	False	False	False	False	False	C
P01101	O70560	Fos	Sprr2i	True	False	False	False	False	False	C
P01101	A9JTY7	Fos	A9JTY7	True	False	False	False	False	False	C
P01101	Q9CQK8	Fos	Sprr2a1	True	False	False	False	False	False	C
P01101	O70558	Fos	Sprr2g	True	False	False	False	False	False	C
P01101	A0A571BF02	Fos	A0A571BF02	True	False	False	False	False	False	C
P01101	Q64337	Fos	Sqstm1	True	False	False	False	False	False	C
P01101	D3YZW1	Fos	D3YZW1	True	False	False	False	False	False	C
P01101	Q80TY4	Fos	St18	True	False	False	False	False	False	B
P01101	A0A0J9YTR8	Fos	A0A0J9YTR8	True	False	False	False	False	False	B
P01101	P70302	Fos	Stim1	True	False	False	False	False	False	A
P01101	Q7TNL3	Fos	Stk40	True	False	False	False	False	False	B
P01101	Q9D2F5	Fos	Stpg1	True	False	False	False	False	False	B
P01101	D3Z079	Fos	D3Z079	True	False	False	False	False	False	B
P01101	Q8BVY4	Fos	Q8BVY4	True	False	False	False	False	False	C
P01101	Q8K4L3	Fos	Svil	True	False	False	False	False	False	C
P01101	D3YWM9	Fos	D3YWM9	True	False	False	False	False	False	B
P01101	E0CYK1	Fos	E0CYK1	True	False	False	False	False	False	C
P01101	Q9R0Q1	Fos	Sytl4	True	False	False	False	False	False	C
P01101	E9Q8T1	Fos	E9Q8T1	True	False	False	False	False	False	B
P01101	Q9WVA4	Fos	Tagln2	True	False	False	False	False	False	C
P01101	Q62282	Fos	Tal2	True	False	False	False	False	False	C
P01101	Q0VGY8	Fos	Tanc1	True	False	False	False	False	False	B
P01101	Q60949	Fos	Tbc1d1	True	False	False	False	False	False	B
P01101	Q6NXY1	Fos	Tbc1d31	True	False	False	False	False	False	C
P01101	Q80XQ2	Fos	Tbc1d5	True	False	False	False	False	False	B
P01101	Q6SJ95	Fos	Tbpl2	True	False	False	False	False	False	C
P01101	P36423	Fos	Tbxas1	True	False	False	False	False	False	B
P01101	P23881	Fos	Tcea3	True	False	False	False	False	False	C
P01101	Q3US16	Fos	Tceanc	True	False	False	False	False	False	C
P01101	Q61286	Fos	Tcf12	True	False	False	False	False	False	B
P01101	Q91W18	Fos	Tdrd3	True	False	False	False	False	False	C
P01101	Q9CY27	Fos	Tecr	True	False	False	False	False	False	C
P01101	A0A0A0MQB7	Fos	A0A0A0MQB7	True	False	False	False	False	False	B
P01101	Q3UHK6	Fos	Tenm4	True	False	False	False	False	False	B
P01101	Q8C152	Fos	Tent5b	True	False	False	False	False	False	C
P01101	Q64092	Fos	Tfe3	True	False	False	False	False	False	C
P01101	P82198	Fos	Tgfbi	True	False	False	False	False	False	B
P01101	A0A0R4J097	Fos	A0A0R4J097	True	False	False	False	False	False	B
P01101	P70284	Fos	Tgif1	True	False	False	False	False	False	C
P01101	Q9D7I9	Fos	Tgm5	True	False	False	False	False	False	C
P01101	A8C756	Fos	Thada	True	False	False	False	False	False	B
P01101	Q3UTY6	Fos	Thsd4	True	False	False	False	False	False	B
P01101	Q99J36	Fos	Thumpd1	True	False	False	False	False	False	C
P01101	G3UWG2	Fos	G3UWG2	True	False	False	False	False	False	B
P01101	Q6ZPF3	Fos	Tiam2	True	False	False	False	False	False	B
P01101	Q8BQ33	Fos	Ticrr	True	False	False	False	False	False	C
P01101	Q8K1K3	Fos	Q8K1K3	True	False	False	False	False	False	C
P01101	A0A1W2P7W7	Fos	A0A1W2P7W7	True	False	False	False	False	False	C
P01101	A0A1L1SQ51	Fos	A0A1L1SQ51	True	False	False	False	False	False	B
P01101	Q8R4P5	Fos	Tmc1	True	False	False	False	False	False	B
P01101	Q9D1D4	Fos	Tmed10	True	False	False	False	False	False	C
P01101	D3Z6H6	Fos	D3Z6H6	True	False	False	False	False	False	C
P01101	Q3UME2	Fos	Tmem241	True	False	False	False	False	False	B
P01101	D3YWD3	Fos	D3YWD3	True	False	False	False	False	False	B
P01101	E9Q4M0	Fos	E9Q4M0	True	False	False	False	False	False	C
P01101	Q4VAE3	Fos	Tmem65	True	False	False	False	False	False	C
P01101	Q8C581	Fos	Tmem91	True	False	False	False	False	False	C
P01101	Q3UV71	Fos	Tmtc1	True	False	False	False	False	False	C
P01101	Q60769	Fos	Tnfaip3	True	False	False	False	False	False	C
P01101	D3YWJ5	Fos	D3YWJ5	True	False	False	False	False	False	B
P01101	D3Z3B6	Fos	D3Z3B6	True	False	False	False	False	False	B
P01101	Q8BKI2	Fos	Tnrc6b	True	False	False	False	False	False	B
P01101	Q5SSZ5	Fos	Tns3	True	False	False	False	False	False	B
P01101	Q8BZ33	Fos	Tns4	True	False	False	False	False	False	C
P01101	Q8N7N6	Fos	Traf3ip2	True	False	False	False	False	False	C
P01101	Q4KL14	Fos	Trappc3l	True	False	False	False	False	False	C
P01101	Q3U0M1	Fos	Trappc9	True	False	False	False	False	False	B
P01101	Q8K4K4	Fos	Trib1	True	False	False	False	False	False	B
P01101	Q5SVT2	Fos	Q5SVT2	True	False	False	False	False	False	C
P01101	Q9ESN6	Fos	Trim2	True	False	False	False	False	False	B
P01101	Q80X56	Fos	Trim69	True	False	False	False	False	False	C
P01101	Q0KL02	Fos	Trio	True	False	False	False	False	False	B
P01101	Q9JLV2	Fos	Trpc4ap	True	False	False	False	False	False	C
P01101	G3UW90	Fos	G3UW90	True	False	False	False	False	False	B
P01101	Q8K424	Fos	Trpv3	True	False	False	False	False	False	C
P01101	E9Q7M2	Fos	Tsc22d2	True	False	False	False	False	False	B
P01101	Q8QZY6	Fos	Tspan14	True	False	False	False	False	False	B
P01101	F7BWT7	Fos	Tspan15	True	False	False	False	False	False	C
P01101	Q80WR1	Fos	Tspan18	True	False	False	False	False	False	C
P01101	Q8BGB2	Fos	Ttc7a	True	False	False	False	False	False	B
P01101	Q9JIL5	Fos	Tulp4	True	False	False	False	False	False	B
P01101	Q8BGG7	Fos	Ubash3b	True	False	False	False	False	False	B
P01101	P62257	Fos	Ube2h	True	False	False	False	False	False	B
P01101	Q811S7	Fos	Ubp1	True	False	False	False	False	False	A
P01101	A2AN08	Fos	Ubr4	True	False	False	False	False	False	C
P01101	E9QLC2	Fos	E9QLC2	True	False	False	False	False	False	C
P01101	Q9CWU6	Fos	Uqcc1	True	False	False	False	False	False	B
P01101	Q9D2P4	Fos	Urm1	True	False	False	False	False	False	C
P01101	Q91W36	Fos	Usp3	True	False	False	False	False	False	C
P01101	Q8BY87	Fos	Usp47	True	False	False	False	False	False	C
P01101	Q8BL06	Fos	Usp54	True	False	False	False	False	False	C
P01101	Q8BUB6	Fos	Ust	True	False	False	False	False	False	B
P01101	A0A1W2P8G5	Fos	A0A1W2P8G5	True	False	False	False	False	False	B
P01101	Q9D479	Fos	Uvssa	True	False	False	False	False	False	C
P01101	Q3U2A8	Fos	Vars2	True	False	False	False	False	False	C
P01101	Q9R0C8	Fos	Vav3	True	False	False	False	False	False	B
P01101	P48281	Fos	Vdr	True	False	False	False	False	False	A
P01101	Q3ZK22	Fos	Vezt	True	False	False	False	False	False	C
P01101	D3YWZ2	Fos	D3YWZ2	True	False	False	False	False	False	C
P01101	Q99KU0	Fos	Vmp1	True	False	False	False	False	False	B
P01101	T1NXB5	Fos	Vstm4	True	False	False	False	False	False	C
P01101	Q7TSP5	Fos	Vtcn1	True	False	False	False	False	False	C
P01101	Q8BH43	Fos	Wasf2	True	False	False	False	False	False	C
P01101	Q8CBE3	Fos	Wdr37	True	False	False	False	False	False	C
P01101	Q8CGF6	Fos	Wdr47	True	False	False	False	False	False	C
P01101	Q8C0M0	Fos	Wdr59	True	False	False	False	False	False	C
P01101	Q9EPK5	Fos	Wwtr1	True	False	False	False	False	False	B
P01101	B1AVD1	Fos	Xpnpep2	True	False	False	False	False	False	C
P01101	Q3U3V8	Fos	Xrra1	True	False	False	False	False	False	C
P01101	P46938	Fos	Yap1	True	False	False	False	False	False	B
P01101	P63101	Fos	Ywhaz	True	False	False	False	False	False	C
P01101	Q3UQ17	Fos	Q3UQ17	True	False	False	False	False	False	B
P01101	Q8K0L9	Fos	Zbtb20	True	False	False	False	False	False	B
P01101	D3Z1Y7	Fos	D3Z1Y7	True	False	False	False	False	False	B
P01101	D3YVH9	Fos	D3YVH9	True	False	False	False	False	False	C
P01101	Q8VDZ4	Fos	Zdhhc5	True	False	False	False	False	False	C
P01101	Q8CCH7	Fos	Zfpm2	True	False	False	False	False	False	B
P01101	Q8K0C5	Fos	Zg16	True	False	False	False	False	False	C
P01101	Q8BGS3	Fos	Zkscan1	True	False	False	False	False	False	C
P01101	Q9Z1D8	Fos	Zkscan5	True	False	False	False	False	False	C
P01101	Q6P1E1	Fos	Zmiz1	True	False	False	False	False	False	B
P01101	A2A484	Fos	A2A484	True	False	False	False	False	False	B
P01101	Q7TMC9	Fos	Q7TMC9	True	False	False	False	False	False	C
P01101	Q8BIN6	Fos	Q8BIN6	True	False	False	False	False	False	C
P01101	P16372	Fos	Zfp58	True	False	False	False	False	False	C
P01101	Q6P5C7	Fos	Znf728	True	False	False	False	False	False	C
P01101	F2Z422	Fos	F2Z422	True	False	False	False	False	False	C
P01101	L7N1X4	Fos	L7N1X4	True	False	False	False	False	False	C
P01101	Q7M6W8	Fos	Q7M6W8	True	False	False	False	False	False	C
P01101	B8JJX8	Fos	B8JJX8	True	False	False	False	False	False	C
P01101	Q68FE8	Fos	Znf280d	True	False	False	False	False	False	C
P01101	Q8BG89	Fos	Znf365	True	False	False	False	False	False	B
P01101	Q8BFX2	Fos	Q8BFX2	True	False	False	False	False	False	B
P01101	A0A087WS64	Fos	A0A087WS64	True	False	False	False	False	False	C
P01101	Q69Z99	Fos	Znf512	True	False	False	False	False	False	C
P01101	Q56A10	Fos	Znf608	True	False	False	False	False	False	B
P01101	Q9CY99	Fos	Q9CY99	True	False	False	False	False	False	C
P13346	Q08775	Fosb	Runx2	True	False	False	False	False	False	C
P48755	Q05117	Fosl1	Acp5	True	False	False	False	False	False	C
P48755	O08739	Fosl1	Ampd3	True	False	False	False	False	False	C
P48755	P10107	Fosl1	Anxa1	True	False	False	False	False	False	C
P48755	P07356	Fosl1	Anxa2	True	False	False	False	False	False	B
P48755	Q9JMK0	Fosl1	B4galt5	True	False	False	False	False	False	C
P48755	Q5FWI3	Fosl1	Cemip2	True	False	False	False	False	False	C
P48755	Q8BZQ2	Fosl1	Crispld2	True	False	False	False	False	False	C
P48755	Q8R3V6	Fosl1	Cuedc1	True	False	False	False	False	False	C
P48755	P48316	Fosl1	Gadd45a	True	False	False	False	False	False	C
P48755	G5E8C3	Fosl1	G5E8C3	True	False	False	False	False	False	C
P48755	P70174	Fosl1	Hrh1	True	False	False	False	False	False	C
P48755	P13504	Fosl1	Il1r1	True	False	False	False	False	False	C
P48755	A2CG49	Fosl1	Kalrn	True	False	False	False	False	False	C
P48755	A0A087WQN5	Fosl1	A0A087WQN5	True	False	False	False	False	False	C
P48755	Q8VCD7	Fosl1	Kdm4c	True	False	False	False	False	False	C
P48755	B1AY49	Fosl1	B1AY49	True	False	False	False	False	False	C
P48755	P35951	Fosl1	Ldlr	True	False	False	False	False	False	C
P48755	Q9JLJ0	Fosl1	Litaf	True	False	False	False	False	False	C
P48755	P48678	Fosl1	Lmna	True	False	False	False	False	False	B
P48755	Q8BFW7	Fosl1	Lpp	True	False	False	False	False	False	C
P48755	Q8C181	Fosl1	Mbnl2	True	False	False	False	False	False	C
P48755	D3YVY2	Fosl1	D3YVY2	True	False	False	False	False	False	C
P48755	Q9ET54	Fosl1	Palld	True	False	False	False	False	False	C
P48755	Q501J7	Fosl1	Phactr4	True	False	False	False	False	False	C
P48755	Q9QWH1	Fosl1	Phc2	True	False	False	False	False	False	C
P48755	P06803	Fosl1	Pim1	True	False	False	False	False	False	C
P48755	Q99P72	Fosl1	Rtn4	True	False	False	False	False	False	C
P48755	A0A087WR05	Fosl1	A0A087WR05	True	False	False	False	False	False	C
P48755	Q8R550	Fosl1	Sh3kbp1	True	False	False	False	False	False	C
P48755	Q8BGX7	Fosl1	Spidr	True	False	False	False	False	False	C
P48755	Q924S7	Fosl1	Spred2	True	False	False	False	False	False	C
P48755	Q8BZ60	Fosl1	Ston2	True	False	False	False	False	False	C
P48755	E9Q8T1	Fosl1	E9Q8T1	True	False	False	False	False	False	C
P48755	Q8K4K4	Fosl1	Trib1	True	False	False	False	False	False	B
P48755	Q99KU0	Fosl1	Vmp1	True	False	False	False	False	False	C
P48755	Q9EPK5	Fosl1	Wwtr1	True	False	False	False	False	False	C
P48755	Q8K0L9	Fosl1	Zbtb20	True	False	False	False	False	False	C
P47930	B2RX12	Fosl2	Abcc3	True	False	False	False	False	False	C
P47930	A0A571BG95	Fosl2	A0A571BG95	True	False	False	False	False	False	C
P47930	A0A571BEJ4	Fosl2	A0A571BEJ4	True	False	False	False	False	False	C
P47930	P07356	Fosl2	Anxa2	True	False	False	False	False	False	C
P47930	Q8BM75	Fosl2	Arid5b	True	False	False	False	False	False	C
P47930	A0A7N9VSJ5	Fosl2	A0A7N9VSJ5	True	False	False	False	False	False	C
P47930	Q9JMK0	Fosl2	B4galt5	True	False	False	False	False	False	C
P47930	Q61140	Fosl2	Bcar1	True	False	False	False	False	False	C
P47930	O35185	Fosl2	Bhlhe40	True	False	False	False	False	False	C
P47930	Q52KB6	Fosl2	C2cd3	True	False	False	False	False	False	C
P47930	E9QA15	Fosl2	E9QA15	True	False	False	False	False	False	C
P47930	P51125	Fosl2	Cast	True	False	False	False	False	False	C
P47930	Q5FWI3	Fosl2	Cemip2	True	False	False	False	False	False	C
P47930	Q9D486	Fosl2	Cmip	True	False	False	False	False	False	C
P47930	Q8BZQ2	Fosl2	Crispld2	True	False	False	False	False	False	C
P47930	P26231	Fosl2	Ctnna1	True	False	False	False	False	False	C
P47930	P10605	Fosl2	Ctsb	True	False	False	False	False	False	C
P47930	Q8R3V6	Fosl2	Cuedc1	True	False	False	False	False	False	C
P47930	Q01279	Fosl2	Egfr	True	False	False	False	False	False	C
P47930	O08856	Fosl2	Ell	True	False	False	False	False	False	C
P47930	Q9DC16	Fosl2	Ergic1	True	False	False	False	False	False	C
P47930	P15037	Fosl2	Ets2	True	False	False	False	False	False	C
P47930	A2A5C3	Fosl2	A2A5C3	True	False	False	False	False	False	C
P47930	P42128	Fosl2	Foxk1	True	False	False	False	False	False	C
P47930	Q3UHF7	Fosl2	Hivep2	True	False	False	False	False	False	C
P47930	P70174	Fosl2	Hrh1	True	False	False	False	False	False	C
P47930	A2CG49	Fosl2	Kalrn	True	False	False	False	False	False	C
P47930	A0A087WQN5	Fosl2	A0A087WQN5	True	False	False	False	False	False	C
P47930	B1AY49	Fosl2	B1AY49	True	False	False	False	False	False	C
P47930	Q8BPQ2	Fosl2	Q8BPQ2	True	False	False	False	False	False	C
P47930	Q8CEC4	Fosl2	Q8CEC4	True	False	False	False	False	False	C
P47930	P11679	Fosl2	Krt8	True	False	False	False	False	False	C
P47930	P35951	Fosl2	Ldlr	True	False	False	False	False	False	C
P47930	P48678	Fosl2	Lmna	True	False	False	False	False	False	C
P47930	Q61827	Fosl2	Mafk	True	False	False	False	False	False	B
P47930	O08746	Fosl2	Matn2	True	False	False	False	False	False	C
P47930	Q3TPJ7	Fosl2	Midn	True	False	False	False	False	False	C
P47930	Q6DFV7	Fosl2	Ncoa7	True	False	False	False	False	False	C
P47930	Q62433	Fosl2	Ndrg1	True	False	False	False	False	False	B
P47930	A0A0R4J212	Fosl2	A0A0R4J212	True	False	False	False	False	False	C
P47930	Q8R1F1	Fosl2	Niban2	True	False	False	False	False	False	C
P47930	Q9ET54	Fosl2	Palld	True	False	False	False	False	False	C
P47930	Q01063	Fosl2	Pde4d	True	False	False	False	False	False	C
P47930	A2AUP1	Fosl2	A2AUP1	True	False	False	False	False	False	C
P47930	Q63739	Fosl2	Ptp4a1	True	False	False	False	False	False	C
P47930	Q9EQZ6	Fosl2	Rapgef4	True	False	False	False	False	False	C
P47930	Q80TZ9	Fosl2	Rere	True	False	False	False	False	False	C
P47930	Q9DAK3	Fosl2	Rhobtb1	True	False	False	False	False	False	C
P47930	P61588	Fosl2	Rnd3	True	False	False	False	False	False	C
P47930	Q99P72	Fosl2	Rtn4	True	False	False	False	False	False	C
P47930	A8Y5H7	Fosl2	Sec14l1	True	False	False	False	False	False	C
P47930	G5E899	Fosl2	G5E899	True	False	False	False	False	False	C
P47930	Q8R550	Fosl2	Sh3kbp1	True	False	False	False	False	False	C
P47930	Q9Z127	Fosl2	Slc7a5	True	False	False	False	False	False	C
P47930	Q8BUN5	Fosl2	Smad3	True	False	False	False	False	False	C
P47930	Q8CI15	Fosl2	Sphk1	True	False	False	False	False	False	C
P47930	Q924S7	Fosl2	Spred2	True	False	False	False	False	False	C
P47930	Q9D5L7	Fosl2	Spsb1	True	False	False	False	False	False	C
P47930	Q7TNL3	Fosl2	Stk40	True	False	False	False	False	False	C
P47930	P70284	Fosl2	Tgif1	True	False	False	False	False	False	B
P47930	P21981	Fosl2	Tgm2	True	False	False	False	False	False	C
P47930	Q6ZPF3	Fosl2	Tiam2	True	False	False	False	False	False	C
P47930	Q80YX1	Fosl2	Tnc	True	False	False	False	False	False	C
P47930	Q99KU0	Fosl2	Vmp1	True	False	False	False	False	False	C
P47930	Q9EPK5	Fosl2	Wwtr1	True	False	False	False	False	False	C
P47930	Q8K0L9	Fosl2	Zbtb20	True	False	False	False	False	False	C
P47930	P23950	Fosl2	Zfp36l1	True	False	False	False	False	False	C
P35582	Q9D2R0	Foxa1	Aacs	True	False	False	False	False	False	C
P35582	Q9QY30	Foxa1	Abcb11	True	False	False	False	False	False	C
P35582	E9Q236	Foxa1	Abcc4	True	False	False	False	False	False	B
P35582	Q99LR1	Foxa1	Abhd12	True	False	False	False	False	False	C
P35582	P41216	Foxa1	Acsl1	True	False	False	False	False	False	C
P35582	G3X9B5	Foxa1	G3X9B5	True	False	False	False	False	False	C
P35582	E9PWW5	Foxa1	E9PWW5	True	False	False	False	False	False	B
P35582	Q8VEC3	Foxa1	Adgrf1	True	False	False	False	False	False	B
P35582	A0A571BEJ4	Foxa1	A0A571BEJ4	True	False	False	False	False	False	B
P35582	A0A0G2JGM8	Foxa1	A0A0G2JGM8	True	False	False	False	False	False	B
P35582	B8JJE0	Foxa1	B8JJE0	True	False	False	False	False	False	B
P35582	Q99JT9	Foxa1	Adi1	True	False	False	False	False	False	C
P35582	Q9Z248	Foxa1	Aebp2	True	False	False	False	False	False	C
P35582	B1AVP1	Foxa1	B1AVP1	True	False	False	False	False	False	B
P35582	P51827	Foxa1	Aff3	True	False	False	False	False	False	B
P35582	Q8BXK8	Foxa1	Agap1	True	False	False	False	False	False	B
P35582	Q8BS35	Foxa1	Agmo	True	False	False	False	False	False	C
P35582	E9Q394	Foxa1	Akap13	True	False	False	False	False	False	B
P35582	E9Q9K8	Foxa1	E9Q9K8	True	False	False	False	False	False	B
P35582	E9QQ10	Foxa1	E9QQ10	True	False	False	False	False	False	B
P35582	Q80VW7	Foxa1	Akna	True	False	False	False	False	False	C
P35582	Q8VC77	Foxa1	Q8VC77	True	False	False	False	False	False	C;D
P35582	P70694	Foxa1	Akr1c6	True	False	False	False	False	False	C;D
P35582	Q61490	Foxa1	Alcam	True	False	False	False	False	False	B
P35582	Q62148	Foxa1	Aldh1a2	True	False	False	False	False	False	B
P35582	A0A1D5RMI8	Foxa1	A0A1D5RMI8	True	False	False	False	False	False	C
P35582	A0A1Y7VL02	Foxa1	A0A1Y7VL02	True	False	False	False	False	False	B
P35582	Q9D3J8	Foxa1	Amtn	True	False	False	False	False	False	C
P35582	O08538	Foxa1	Angpt1	True	False	False	False	False	False	B
P35582	Q9CR42	Foxa1	Ankrd1	True	False	False	False	False	False	C
P35582	Q505D1	Foxa1	Ankrd28	True	False	False	False	False	False	B
P35582	Q6P9J9	Foxa1	Ano6	True	False	False	False	False	False	B
P35582	Q6DFX2	Foxa1	Antxr2	True	False	False	False	False	False	C
P35582	Q9DBR4	Foxa1	Apbb2	True	False	False	False	False	False	B
P35582	Q00623	Foxa1	Apoa1	True	False	False	False	False	False	A
P35582	P51910	Foxa1	Apod	True	False	False	False	False	False	C
P35582	Q9DCZ4	Foxa1	Apoo	True	False	False	False	False	False	C
P35582	P12023	Foxa1	App	True	False	False	False	False	False	B
P35582	E0CXD0	Foxa1	E0CXD0	True	False	False	False	False	False	B
P35582	Q6Y5D8	Foxa1	Arhgap10	True	False	False	False	False	False	B
P35582	Q8C0D4	Foxa1	Arhgap12	True	False	False	False	False	False	B
P35582	Q811M1	Foxa1	Arhgap15	True	False	False	False	False	False	B
P35582	Q8C4V1	Foxa1	Arhgap24	True	False	False	False	False	False	B
P35582	Q6ZQ82	Foxa1	Arhgap26	True	False	False	False	False	False	B
P35582	Q811P8	Foxa1	Arhgap32	True	False	False	False	False	False	B
P35582	Q91YM2	Foxa1	Arhgap35	True	False	False	False	False	False	C
P35582	B2RQE8	Foxa1	Arhgap42	True	False	False	False	False	False	B
P35582	O54834	Foxa1	Arhgap6	True	False	False	False	False	False	B
P35582	Q8C033	Foxa1	Arhgef10	True	False	False	False	False	False	C
P35582	Q91X46	Foxa1	Arhgef3	True	False	False	False	False	False	B
P35582	A0A338P6U8	Foxa1	A0A338P6U8	True	False	False	False	False	False	B
P35582	Q8BM75	Foxa1	Arid5b	True	False	False	False	False	False	B
P35582	Q9Z1K5	Foxa1	Arih1	True	False	False	False	False	False	C
P35582	Q9Z1K6	Foxa1	Arih2	True	False	False	False	False	False	C
P35582	Q8BIX3	Foxa1	Arl14ep	True	False	False	False	False	False	C
P35582	P53762	Foxa1	Arnt	True	False	False	False	False	False	C
P35582	Q9DCB4	Foxa1	Arpp21	True	False	False	False	False	False	C
P35582	Q9D668	Foxa1	Arrdc2	True	False	False	False	False	False	C
P35582	Q9QWY8	Foxa1	Asap1	True	False	False	False	False	False	B
P35582	Q9D5T0	Foxa1	Atad1	True	False	False	False	False	False	C
P35582	Q6DFW5	Foxa1	Atp11b	True	False	False	False	False	False	C
P35582	Q9Z1G4	Foxa1	Atp6v0a1	True	False	False	False	False	False	C
P35582	Q148W0	Foxa1	Atp8b1	True	False	False	False	False	False	B
P35582	A2ANX2	Foxa1	A2ANX2	True	False	False	False	False	False	B
P35582	Q6A051	Foxa1	Atrnl1	True	False	False	False	False	False	B
P35582	A0A286YDW9	Foxa1	A0A286YDW9	True	False	False	False	False	False	B
P35582	A0A7N9VSJ5	Foxa1	A0A7N9VSJ5	True	False	False	False	False	False	B
P35582	Q80VH0	Foxa1	Bank1	True	False	False	False	False	False	B
P35582	A2AUY4	Foxa1	Baz2b	True	False	False	False	False	False	C
P35582	Q8VBW5	Foxa1	Bbx	True	False	False	False	False	False	B
P35582	Q9QZK2	Foxa1	Bcar3	True	False	False	False	False	False	B
P35582	B1AR74	Foxa1	B1AR74	True	False	False	False	False	False	B
P35582	Q6P3A8	Foxa1	Bckdhb	True	False	False	False	False	False	B
P35582	A2AG58	Foxa1	Bclaf3	True	False	False	False	False	False	C
P35582	Q99MQ1	Foxa1	Bicc1	True	False	False	False	False	False	B
P35582	O88738	Foxa1	Birc6	True	False	False	False	False	False	B
P35582	Q8CJ69	Foxa1	Bmper	True	False	False	False	False	False	B
P35582	P36898	Foxa1	Bmpr1b	True	False	False	False	False	False	B
P35582	Q8BMQ3	Foxa1	Bnc2	True	False	False	False	False	False	C
P35582	A2A654	Foxa1	A2A654	True	False	False	False	False	False	C
P35582	Q5SXJ3	Foxa1	Brip1	True	False	False	False	False	False	B
P35582	B2KF05	Foxa1	Brpf3	True	False	False	False	False	False	C
P35582	D3YUB6	Foxa1	Btbd8	True	False	False	False	False	False	C
P35582	D2J0Y4	Foxa1	D7Ertd443e	True	False	False	False	False	False	C
P35582	Q4ZJN1	Foxa1	C1qtnf9	True	False	False	False	False	False	C
P35582	A0A1W2P731	Foxa1	A0A1W2P731	True	False	False	False	False	False	C
P35582	O08532	Foxa1	Cacna2d1	True	False	False	False	False	False	B
P35582	Q9Z1L5	Foxa1	Cacna2d3	True	False	False	False	False	False	B
P35582	C7IVS7	Foxa1	C7IVS7	True	False	False	False	False	False	B
P35582	Q8R5M8	Foxa1	Cadm1	True	False	False	False	False	False	B
P35582	Q8BYR5	Foxa1	Cadps2	True	False	False	False	False	False	B
P35582	E9QA15	Foxa1	E9QA15	True	False	False	False	False	False	B
P35582	P51125	Foxa1	Cast	True	False	False	False	False	False	B
P35582	Q9CWL2	Foxa1	Casz1	True	False	False	False	False	False	B
P35582	A2RTF1	Foxa1	Catsperb	True	False	False	False	False	False	C
P35582	P49817	Foxa1	Cav1	True	False	False	False	False	False	C
P35582	Q9WVC3	Foxa1	Cav2	True	False	False	False	False	False	C
P35582	O70374	Foxa1	Cbfa2t2	True	False	False	False	False	False	B
P35582	Q3TTA7	Foxa1	Cblb	True	False	False	False	False	False	B
P35582	Q9D8L5	Foxa1	Ccdc91	True	False	False	False	False	False	B
P35582	Q8C0C4	Foxa1	Ccser1	True	False	False	False	False	False	B
P35582	A8E0Y8	Foxa1	Cd101	True	False	False	False	False	False	C
P35582	Q08857	Foxa1	Cd36	True	False	False	False	False	False	B
P35582	A2APM2	Foxa1	A2APM2	True	False	False	False	False	False	C
P35582	E9Q9Q6	Foxa1	E9Q9Q6	True	False	False	False	False	False	B
P35582	E9Q3A7	Foxa1	E9Q3A7	True	False	False	False	False	False	C
P35582	P59862	Foxa1	Cdh26	True	False	False	False	False	False	C
P35582	P55284	Foxa1	Cdh5	True	False	False	False	False	False	C
P35582	O35495	Foxa1	Cdk14	True	False	False	False	False	False	B
P35582	Q8K389	Foxa1	Cdk5rap2	True	False	False	False	False	False	B
P35582	Q91WE6	Foxa1	Cdkal1	True	False	False	False	False	False	B
P35582	A0A0G2JGW6	Foxa1	A0A0G2JGW6	True	False	False	False	False	False	C
P35582	P39689	Foxa1	Cdkn1a	True	False	False	False	False	False	C
P35582	P98191	Foxa1	Cds1	True	False	False	False	False	False	B
P35582	Q5FWI3	Foxa1	Cemip2	True	False	False	False	False	False	B
P35582	Q8K1K4	Foxa1	Cenpi	True	False	False	False	False	False	C
P35582	Q5PR68	Foxa1	Cep112	True	False	False	False	False	False	B
P35582	Q8BI22	Foxa1	Cep128	True	False	False	False	False	False	B
P35582	Q6P5D4	Foxa1	Cep135	True	False	False	False	False	False	C
P35582	A2AUM9	Foxa1	Cep152	True	False	False	False	False	False	C
P35582	O55226	Foxa1	Chad	True	False	False	False	False	False	C
P35582	Q3V2R3	Foxa1	Q3V2R3	True	False	False	False	False	False	B
P35582	K3W4R5	Foxa1	K3W4R5	True	False	False	False	False	False	C
P35582	A0A087WQ31	Foxa1	A0A087WQ31	True	False	False	False	False	False	B
P35582	Q61124	Foxa1	Cln3	True	False	False	False	False	False	C
P35582	Q3UJ81	Foxa1	Cnep1r1	True	False	False	False	False	False	C
P35582	P68500	Foxa1	Cntn5	True	False	False	False	False	False	B
P35582	A0A0G2JE70	Foxa1	A0A0G2JE70	True	False	False	False	False	False	B
P35582	Q5NBX1	Foxa1	Cobl	True	False	False	False	False	False	B
P35582	Q80X19	Foxa1	Col14a1	True	False	False	False	False	False	B
P35582	Q2UY11	Foxa1	Col28a1	True	False	False	False	False	False	B
P35582	Q8BH44	Foxa1	Coro2b	True	False	False	False	False	False	C
P35582	Q61147	Foxa1	Cp	True	False	False	False	False	False	C
P35582	Q8BLR2	Foxa1	Cpne4	True	False	False	False	False	False	B
P35582	P36552	Foxa1	Cpox	True	False	False	False	False	False	C
P35582	A0A0N4SV71	Foxa1	A0A0N4SV71	True	False	False	False	False	False	B
P35582	Q9JLL0	Foxa1	Crim1	True	False	False	False	False	False	B
P35582	Q8BJQ9	Foxa1	Csgalnact1	True	False	False	False	False	False	B
P35582	P26231	Foxa1	Ctnna1	True	False	False	False	False	False	B
P35582	A0A2I3BQV6	Foxa1	A0A2I3BQV6	True	False	False	False	False	False	B
P35582	Q148B1	Foxa1	Q148B1	True	False	False	False	False	False	B
P35582	Q5GLZ0	Foxa1	Q5GLZ0	True	False	False	False	False	False	B
P35582	P56655	Foxa1	Cyp2c38	True	False	False	False	False	False	B
P35582	Q91X77	Foxa1	Cyp2c50	True	False	False	False	False	False	B
P35582	P56654	Foxa1	Cyp2c37	True	False	False	False	False	False	B
P35582	Q9JKJ9	Foxa1	Cyp39a1	True	False	False	False	False	False	C
P35582	Q64505	Foxa1	Cyp7a1	True	False	False	False	False	False	A
P35582	Q8BPM0	Foxa1	Daam1	True	False	False	False	False	False	B
P35582	Q9QXT1	Foxa1	Dapp1	True	False	False	False	False	False	C
P35582	Q64368	Foxa1	Dazl	True	False	False	False	False	False	C
P35582	Q9D4J3	Foxa1	Dcbld1	True	False	False	False	False	False	C
P35582	A0A0A6YW72	Foxa1	A0A0A6YW72	True	False	False	False	False	False	C
P35582	P28654	Foxa1	Dcn	True	False	False	False	False	False	C
P35582	Q8K382	Foxa1	Dennd1a	True	False	False	False	False	False	B
P35582	Q3U1T9	Foxa1	Dennd1b	True	False	False	False	False	False	B
P35582	Q924W7	Foxa1	Dennd2b	True	False	False	False	False	False	C
P35582	P61460	Foxa1	Depdc5	True	False	False	False	False	False	C
P35582	Q9CXR1	Foxa1	Dhrs7	True	False	False	False	False	False	C
P35582	Q9Z1Y9	Foxa1	Dio2	True	False	False	False	False	False	B
P35582	B2RQ71	Foxa1	B2RQ71	True	False	False	False	False	False	B
P35582	Q9D6I7	Foxa1	Dipk1a	True	False	False	False	False	False	C
P35582	Q80Y83	Foxa1	Dixdc1	True	False	False	False	False	False	C
P35582	E9QKB1	Foxa1	E9QKB1	True	False	False	False	False	False	C
P35582	Q811D0	Foxa1	Dlg1	True	False	False	False	False	False	B
P35582	A0A571BEZ4	Foxa1	A0A571BEZ4	True	False	False	False	False	False	B
P35582	Q61880	Foxa1	Dmc1	True	False	False	False	False	False	C
P35582	P11531	Foxa1	Dmd	True	False	False	False	False	False	C
P35582	E9Q7N9	Foxa1	E9Q7N9	True	False	False	False	False	False	B
P35582	A0A087WR13	Foxa1	A0A087WR13	True	False	False	False	False	False	C
P35582	E9Q0T8	Foxa1	E9Q0T8	True	False	False	False	False	False	C
P35582	L7N1Y0	Foxa1	L7N1Y0	True	False	False	False	False	False	C
P35582	Q80TN4	Foxa1	Dnajc16	True	False	False	False	False	False	C
P35582	Q9Z2W0	Foxa1	Dnpep	True	False	False	False	False	False	C
P35582	Q8BZN6	Foxa1	Dock10	True	False	False	False	False	False	B
P35582	P59764	Foxa1	Dock4	True	False	False	False	False	False	B
P35582	B2RY04	Foxa1	Dock5	True	False	False	False	False	False	B
P35582	P42867	Foxa1	Dpagt1	True	False	False	False	False	False	C
P35582	P58269	Foxa1	Dpf3	True	False	False	False	False	False	C
P35582	Q8CHR6	Foxa1	Dpyd	True	False	False	False	False	False	B
P35582	P30728	Foxa1	Drd3	True	False	False	False	False	False	C
P35582	Q5HZJ0	Foxa1	Drosha	True	False	False	False	False	False	C
P35582	Q8BLI4	Foxa1	Dse	True	False	False	False	False	False	C
P35582	A0A1Y7VK79	Foxa1	A0A1Y7VK79	True	False	False	False	False	False	B
P35582	Q8R1Q8	Foxa1	Dync1li1	True	False	False	False	False	False	C
P35582	Q45VK7	Foxa1	Dync2h1	True	False	False	False	False	False	B
P35582	Q61214	Foxa1	Dyrk1a	True	False	False	False	False	False	B
P35582	Q5BU09	Foxa1	Eapp	True	False	False	False	False	False	C
P35582	Q9JHW4	Foxa1	Eefsec	True	False	False	False	False	False	B
P35582	Q3TGW2	Foxa1	Eepd1	True	False	False	False	False	False	C
P35582	O08543	Foxa1	Efna5	True	False	False	False	False	False	B
P35582	Q01279	Foxa1	Egfr	True	False	False	False	False	False	B
P35582	A0A0R4J0H9	Foxa1	A0A0R4J0H9	True	False	False	False	False	False	B
P35582	O70273	Foxa1	Ehf	True	False	False	False	False	False	B
P35582	Q6X7S9	Foxa1	Eid2	True	False	False	False	False	False	C
P35582	Q91WK2	Foxa1	Eif3h	True	False	False	False	False	False	B
P35582	Q3UZV7	Foxa1	Elapor2	True	False	False	False	False	False	B
P35582	P41971	Foxa1	Elk3	True	False	False	False	False	False	C
P35582	Q9R0H2	Foxa1	Emcn	True	False	False	False	False	False	B
P35582	Q8BQM8	Foxa1	Eml5	True	False	False	False	False	False	C
P35582	P48193	Foxa1	Epb41	True	False	False	False	False	False	C
P35582	O70318	Foxa1	Epb41l2	True	False	False	False	False	False	B
P35582	Q60750	Foxa1	Epha1	True	False	False	False	False	False	C
P35582	Q08509	Foxa1	Eps8	True	False	False	False	False	False	B
P35582	Q99K30	Foxa1	Eps8l2	True	False	False	False	False	False	C
P35582	Q61526	Foxa1	Erbb3	True	False	False	False	False	False	A
P35582	Q61527	Foxa1	Erbb4	True	False	False	False	False	False	B
P35582	Q6PH08	Foxa1	Erc2	True	False	False	False	False	False	B
P35582	P81270	Foxa1	Erg	True	False	False	False	False	False	B
P35582	Q3UYR4	Foxa1	Espnl	True	False	False	False	False	False	C
P35582	F8WGU3	Foxa1	F8WGU3	True	False	False	False	False	False	B
P35582	P62509	Foxa1	Esrrg	True	False	False	False	False	False	B
P35582	P97360	Foxa1	Etv6	True	False	False	False	False	False	B
P35582	P70429	Foxa1	Evl	True	False	False	False	False	False	B
P35582	O35382	Foxa1	Exoc4	True	False	False	False	False	False	B
P35582	Q3U9D6	Foxa1	Q3U9D6	True	False	False	False	False	False	B
P35582	A6H5Z3	Foxa1	Exoc6b	True	False	False	False	False	False	B
P35582	P97464	Foxa1	Ext1	True	False	False	False	False	False	B
P35582	O08575	Foxa1	Eya2	True	False	False	False	False	False	B
P35582	Q3TGF2	Foxa1	Fam107b	True	False	False	False	False	False	C
P35582	Q8BGI4	Foxa1	Fam13a	True	False	False	False	False	False	B
P35582	E9QMA2	Foxa1	E9QMA2	True	False	False	False	False	False	B
P35582	Q69ZK7	Foxa1	Atosa	True	False	False	False	False	False	B
P35582	Q8BGR5	Foxa1	Fam53b	True	False	False	False	False	False	C
P35582	Q6DI86	Foxa1	Fastkd1	True	False	False	False	False	False	C
P35582	Q9QZN1	Foxa1	Fbxl17	True	False	False	False	False	False	B
P35582	E9PYR1	Foxa1	E9PYR1	True	False	False	False	False	False	C
P35582	Q7TPD1	Foxa1	Fbxo11	True	False	False	False	False	False	C
P35582	Q8CAT8	Foxa1	Fbxo48	True	False	False	False	False	False	C
P35582	Q5SRY7	Foxa1	Fbxw11	True	False	False	False	False	False	B
P35582	Q3UQN2	Foxa1	Fcho2	True	False	False	False	False	False	C
P35582	P53798	Foxa1	Fdft1	True	False	False	False	False	False	C
P35582	Q8CIB5	Foxa1	Fermt2	True	False	False	False	False	False	B
P35582	Q91ZT5	Foxa1	Fgd4	True	False	False	False	False	False	C
P35582	P61329	Foxa1	Fgf12	True	False	False	False	False	False	B
P35582	E9QK53	Foxa1	E9QK53	True	False	False	False	False	False	B
P35582	A2AJL3	Foxa1	Fggy	True	False	False	False	False	False	B
P35582	O89106	Foxa1	Fhit	True	False	False	False	False	False	B
P35582	Q76LL6	Foxa1	Fhod3	True	False	False	False	False	False	B
P35582	Q9ERZ6	Foxa1	Fign	True	False	False	False	False	False	B
P35582	E0CYH7	Foxa1	E0CYH7	True	False	False	False	False	False	B
P35582	Q6P9Q6	Foxa1	Fkbp15	True	False	False	False	False	False	C
P35582	Q80X90	Foxa1	Flnb	True	False	False	False	False	False	B
P35582	Q3UEW6	Foxa1	Q3UEW6	True	False	False	False	False	False	C
P35582	A0A6I8MWX0	Foxa1	A0A6I8MWX0	True	False	False	False	False	False	C
P35582	A0A0R4J0H8	Foxa1	A0A0R4J0H8	True	False	False	False	False	False	B
P35582	A2AKG8	Foxa1	Focad	True	False	False	False	False	False	B
P35582	Q499D0	Foxa1	Foxn3	True	False	False	False	False	False	B
P35582	Q9WVH4	Foxa1	Foxo3	True	False	False	False	False	False	C
P35582	H3BJ24	Foxa1	H3BJ24	True	False	False	False	False	False	B
P35582	P58463	Foxa1	Foxp2	True	False	False	False	False	False	B
P35582	Q920B0	Foxa1	Frmd4b	True	False	False	False	False	False	B
P35582	F8VQ05	Foxa1	F8VQ05	True	False	False	False	False	False	B
P35582	Q9D3V5	Foxa1	Fsip1	True	False	False	False	False	False	B
P35582	Q8BFR2	Foxa1	Fstl5	True	False	False	False	False	False	B
P35582	Q8BGW1	Foxa1	Fto	True	False	False	False	False	False	B
P35582	Q9WTS2	Foxa1	Fut8	True	False	False	False	False	False	B
P35582	P35576	Foxa1	G6pc1	True	False	False	False	False	False	A
P35582	B2RXA8	Foxa1	B2RXA8	True	False	False	False	False	False	C
P35582	Q6P9S7	Foxa1	Galnt10	True	False	False	False	False	False	C
P35582	Q08EC9	Foxa1	Q08EC9	True	False	False	False	False	False	C
P35582	A0A0N4SVY4	Foxa1	A0A0N4SVY4	True	False	False	False	False	False	B
P35582	Q9D6Y9	Foxa1	Gbe1	True	False	False	False	False	False	C
P35582	P21614	Foxa1	Gc	True	False	False	False	False	False	C
P35582	Q6T5E4	Foxa1	Q6T5E4	True	False	False	False	False	False	C
P35582	Q9Z0J7	Foxa1	Gdf15	True	False	False	False	False	False	C
P35582	E0CXS6	Foxa1	E0CXS6	True	False	False	False	False	False	B
P35582	P16043	Foxa1	Ghrh	True	False	False	False	False	False	C
P35582	Q8BMF8	Foxa1	Gldn	True	False	False	False	False	False	C
P35582	Q61602	Foxa1	Gli3	True	False	False	False	False	False	B
P35582	E0CX93	Foxa1	E0CX93	True	False	False	False	False	False	B
P35582	Q91XP5	Foxa1	Glra3	True	False	False	False	False	False	C
P35582	Q8K0C9	Foxa1	Gmds	True	False	False	False	False	False	B
P35582	Q9CQI3	Foxa1	Gmfb	True	False	False	False	False	False	C
P35582	P21279	Foxa1	Gnaq	True	False	False	False	False	False	B
P35582	Q8BH60	Foxa1	Gopc	True	False	False	False	False	False	C
P35582	Q7TQC7	Foxa1	Gpatch2	True	False	False	False	False	False	B
P35582	Q64521	Foxa1	Gpd2	True	False	False	False	False	False	B
P35582	A0JNY3	Foxa1	A0JNY3	True	False	False	False	False	False	C
P35582	Q9D2W5	Foxa1	Q9D2W5	True	False	False	False	False	False	B
P35582	Q60760	Foxa1	Grb10	True	False	False	False	False	False	B
P35582	Q9JLM9	Foxa1	Grb14	True	False	False	False	False	False	C
P35582	Q8K5C0	Foxa1	Grhl2	True	False	False	False	False	False	B
P35582	Q61625	Foxa1	Grid2	True	False	False	False	False	False	B
P35582	P39087	Foxa1	Grik2	True	False	False	False	False	False	B
P35582	Q925T6	Foxa1	Grip1	True	False	False	False	False	False	B
P35582	G5E8D5	Foxa1	G5E8D5	True	False	False	False	False	False	B
P35582	Q3U3C9	Foxa1	Gse1	True	False	False	False	False	False	B
P35582	Q8BW56	Foxa1	Gtdc1	True	False	False	False	False	False	B
P35582	Q8K2A1	Foxa1	Gulp1	True	False	False	False	False	False	B
P35582	Q8BFU2	Foxa1	H2ac25	True	False	False	False	False	False	C;D
P35582	Q8CGP6	Foxa1	H2ac12	True	False	False	False	False	False	C;D
P35582	Q8CGP5	Foxa1	Hist1h2af	True	False	False	False	False	False	C;D
P35582	Q64523	Foxa1	H2ac20	True	False	False	False	False	False	C;D
P35582	C0HKE1	Foxa1	H2ac4	True	False	False	False	False	False	C;D
P35582	P27661	Foxa1	H2ax	True	False	False	False	False	False	C;D
P35582	Q8R1M2	Foxa1	H2aj	True	False	False	False	False	False	C;D
P35582	Q6GSS7	Foxa1	Hist2h2aa1; Hist2h2aa2	True	False	False	False	False	False	C;D
P35582	Q8CGP4	Foxa1	Q8CGP4	True	False	False	False	False	False	C;D
P35582	Q64522	Foxa1	H2ac21	True	False	False	False	False	False	C;D
P35582	Q6NZM9	Foxa1	Hdac4	True	False	False	False	False	False	B
P35582	A0A1B0GSQ5	Foxa1	A0A1B0GSQ5	True	False	False	False	False	False	B
P35582	Q6DFV5	Foxa1	Helz	True	False	False	False	False	False	C
P35582	E9PZP8	Foxa1	E9PZP8	True	False	False	False	False	False	B
P35582	Q3UHF7	Foxa1	Hivep2	True	False	False	False	False	False	B
P35582	A2A884	Foxa1	Hivep3	True	False	False	False	False	False	B
P35582	Q8BW74	Foxa1	Hlf	True	False	False	False	False	False	C
P35582	D3YXG0	Foxa1	Hmcn1	True	False	False	False	False	False	B
P35582	Q01237	Foxa1	Hmgcr	True	False	False	False	False	False	C
P35582	P70174	Foxa1	Hrh1	True	False	False	False	False	False	C
P35582	Q8BGC0	Foxa1	Htatsf1	True	False	False	False	False	False	C
P35582	P97288	Foxa1	Htr4	True	False	False	False	False	False	C
P35582	Q6ZPR6	Foxa1	Ibtk	True	False	False	False	False	False	C
P35582	P97411	Foxa1	Ica1	True	False	False	False	False	False	B
P35582	E9QNX9	Foxa1	E9QNX9	True	False	False	False	False	False	B
P35582	D3YXH1	Foxa1	D3YXH1	True	False	False	False	False	False	C
P35582	O54824	Foxa1	Il16	True	False	False	False	False	False	C
P35582	P13504	Foxa1	Il1r1	True	False	False	False	False	False	B
P35582	P04351	Foxa1	Il2	True	False	False	False	False	False	C
P35582	Q9ES17	Foxa1	Il21	True	False	False	False	False	False	C
P35582	Q00560	Foxa1	Il6st	True	False	False	False	False	False	C
P35582	Q8BPT6	Foxa1	Immp2l	True	False	False	False	False	False	B
P35582	P40936	Foxa1	Inmt	True	False	False	False	False	False	C
P35582	Q6PCM2	Foxa1	Ints6	True	False	False	False	False	False	C
P35582	Q059U7	Foxa1	Intu	True	False	False	False	False	False	C
P35582	Q3UQ44	Foxa1	Iqgap2	True	False	False	False	False	False	B
P35582	A1A546	Foxa1	Isx	True	False	False	False	False	False	C
P35582	P11881	Foxa1	Itpr1	True	False	False	False	False	False	B
P35582	Q9Z329	Foxa1	Itpr2	True	False	False	False	False	False	B
P35582	Q14B48	Foxa1	Itprid1	True	False	False	False	False	False	C
P35582	Q9Z0R4	Foxa1	Itsn1	True	False	False	False	False	False	B
P35582	Q920Q8	Foxa1	Ivns1abp	True	False	False	False	False	False	C
P35582	Q62315	Foxa1	Jarid2	True	False	False	False	False	False	B
P35582	Q80ZQ5	Foxa1	Jazf1	True	False	False	False	False	False	B
P35582	Q69ZK6	Foxa1	Jmjd1c	True	False	False	False	False	False	B
P35582	A2CG49	Foxa1	Kalrn	True	False	False	False	False	False	B
P35582	Q99MN1	Foxa1	Kars1	True	False	False	False	False	False	C
P35582	A0A5F8MQ39	Foxa1	A0A5F8MQ39	True	False	False	False	False	False	B
P35582	Q9Z0V1	Foxa1	Kcnd3	True	False	False	False	False	False	C
P35582	Q9Z307	Foxa1	Kcnj16	True	False	False	False	False	False	C
P35582	A0A087WQN5	Foxa1	A0A087WQN5	True	False	False	False	False	False	B
P35582	Q9CZM9	Foxa1	Kcnmb2	True	False	False	False	False	False	B
P35582	Q8VCD7	Foxa1	Kdm4c	True	False	False	False	False	False	B
P35582	B1AY49	Foxa1	B1AY49	True	False	False	False	False	False	B
P35582	Q6NZK5	Foxa1	Kiaa1328	True	False	False	False	False	False	B
P35582	Q9QXL2	Foxa1	Kif21a	True	False	False	False	False	False	B
P35582	P28740	Foxa1	Kif2a	True	False	False	False	False	False	C
P35582	P05532	Foxa1	Kit	True	False	False	False	False	False	C
P35582	Q6V595	Foxa1	Klhl6	True	False	False	False	False	False	C
P35582	P15948	Foxa1	Klk1b22	True	False	False	False	False	False	A
P35582	P00755	Foxa1	Klk1b1	True	False	False	False	False	False	A
P35582	Q61754	Foxa1	Klk1b24	True	False	False	False	False	False	A
P35582	P04071	Foxa1	Klk1b16	True	False	False	False	False	False	A
P35582	Q61759	Foxa1	Klk1b21	True	False	False	False	False	False	A
P35582	P15949	Foxa1	Klk1b9	True	False	False	False	False	False	A
P35582	P15947	Foxa1	Klk1	True	False	False	False	False	False	A
P35582	Q9JM71	Foxa1	Klk1b27	True	False	False	False	False	False	A
P35582	P00756	Foxa1	Klk1b3	True	False	False	False	False	False	A
P35582	P15945	Foxa1	Klk1b5	True	False	False	False	False	False	A
P35582	P07628	Foxa1	Klk1b8	True	False	False	False	False	False	A
P35582	P36369	Foxa1	Klk1b26	True	False	False	False	False	False	A
P35582	P15946	Foxa1	Klk1b11	True	False	False	False	False	False	A
P35582	P00757	Foxa1	Klk1b4	True	False	False	False	False	False	A
P35582	O88713	Foxa1	Klrg1	True	False	False	False	False	False	C
P35582	P08730	Foxa1	Krt13	True	False	False	False	False	False	C
P35582	A0A087WR91	Foxa1	A0A087WR91	True	False	False	False	False	False	B
P35582	P97927	Foxa1	Lama4	True	False	False	False	False	False	C
P35582	Q9Z1M7	Foxa1	Large1	True	False	False	False	False	False	B
P35582	Q61233	Foxa1	Lcp1	True	False	False	False	False	False	C
P35582	Q60787	Foxa1	Lcp2	True	False	False	False	False	False	C
P35582	P48356	Foxa1	Lepr	True	False	False	False	False	False	C
P35582	Q8BGA2	Foxa1	Lhfpl2	True	False	False	False	False	False	B
P35582	P27656	Foxa1	Lipc	True	False	False	False	False	False	C
P35582	Q9JIT0	Foxa1	Lmbr1	True	False	False	False	False	False	B
P35582	O70263	Foxa1	Lnx1	True	False	False	False	False	False	B
P35582	Q8BFW7	Foxa1	Lpp	True	False	False	False	False	False	B
P35582	P62046	Foxa1	Lrch1	True	False	False	False	False	False	B
P35582	P70193	Foxa1	Lrig1	True	False	False	False	False	False	B
P35582	A0A0N4SVC8	Foxa1	A0A0N4SVC8	True	False	False	False	False	False	B
P35582	A1Y9I9	Foxa1	Tomt	True	False	False	False	False	False	C
P35582	Q9DAK8	Foxa1	Lrrc51	True	False	False	False	False	False	C
P35582	Q3TYE5	Foxa1	Q3TYE5	True	False	False	False	False	False	B
P35582	A0A3Q4EGK3	Foxa1	A0A3Q4EGK3	True	False	False	False	False	False	B
P35582	Q8BGY3	Foxa1	Luzp2	True	False	False	False	False	False	B
P35582	Q8BPP5	Foxa1	Lypd6	True	False	False	False	False	False	C
P35582	Q8CI17	Foxa1	Mab21L3	True	False	False	False	False	False	C
P35582	Q922B1	Foxa1	Macrod1	True	False	False	False	False	False	C
P35582	Q9WTX8	Foxa1	Mad1l1	True	False	False	False	False	False	B
P35582	Q6RHR9	Foxa1	Magi1	True	False	False	False	False	False	B
P35582	A0A0R4J0J7	Foxa1	A0A0R4J0J7	True	False	False	False	False	False	C
P35582	D4QGC2	Foxa1	D4QGC2	True	False	False	False	False	False	B
P35582	A0A0R4J092	Foxa1	A0A0R4J092	True	False	False	False	False	False	C
P35582	P70236	Foxa1	Map2k6	True	False	False	False	False	False	C
P35582	Q07174	Foxa1	Map3k8	True	False	False	False	False	False	C
P35582	A0A0A6YVZ8	Foxa1	A0A0A6YVZ8	True	False	False	False	False	False	B
P35582	Q3TRR0	Foxa1	Map9	True	False	False	False	False	False	C
P35582	Q8BKH7	Foxa1	Mapkap1	True	False	False	False	False	False	B
P35582	E9PX79	Foxa1	E9PX79	True	False	False	False	False	False	C
P35582	Q811L6	Foxa1	Mast4	True	False	False	False	False	False	B
P35582	P41317	Foxa1	Mbl2	True	False	False	False	False	False	C
P35582	A0A0A6YVV8	Foxa1	A0A0A6YVV8	True	False	False	False	False	False	B
P35582	Q8JZL2	Foxa1	Mchr1	True	False	False	False	False	False	C
P35582	E9PW38	Foxa1	E9PW38	True	False	False	False	False	False	B
P35582	G3UZT5	Foxa1	G3UZT5	True	False	False	False	False	False	B
P35582	A0A0G2JEM8	Foxa1	A0A0G2JEM8	True	False	False	False	False	False	B
P35582	D3YVY2	Foxa1	D3YVY2	True	False	False	False	False	False	B
P35582	D3Z183	Foxa1	D3Z183	True	False	False	False	False	False	C
P35582	Q9D306	Foxa1	Mgat4c	True	False	False	False	False	False	B
P35582	Q8CD10	Foxa1	Micu2	True	False	False	False	False	False	C
P35582	O70583	Foxa1	Mid1	True	False	False	False	False	False	B
P35582	A0A1Y7VP67	Foxa1	A0A1Y7VP67	True	False	False	False	False	False	C
P35582	A0A0N4SVL4	Foxa1	A0A0N4SVL4	True	False	False	False	False	False	C
P35582	A6H611	Foxa1	Mipep	True	False	False	False	False	False	B
P35582	Q08874	Foxa1	Mitf	True	False	False	False	False	False	B
P35582	O54826	Foxa1	Mllt10	True	False	False	False	False	False	C
P35582	A2AM29	Foxa1	Mllt3	True	False	False	False	False	False	B
P35582	P43247	Foxa1	Msh2	True	False	False	False	False	False	C
P35582	Q920Q6	Foxa1	Msi2	True	False	False	False	False	False	B
P35582	Q9D6Y7	Foxa1	Msra	True	False	False	False	False	False	C
P35582	Q8VE11	Foxa1	Mtmr6	True	False	False	False	False	False	C
P35582	A0A0R4J0N9	Foxa1	A0A0R4J0N9	True	False	False	False	False	False	B
P35582	A0A7N9VSW1	Foxa1	A0A7N9VSW1	True	False	False	False	False	False	A
P35582	Q7TPH6	Foxa1	Mycbp2	True	False	False	False	False	False	B
P35582	Q3UIZ8	Foxa1	Mylk3	True	False	False	False	False	False	C
P35582	D3YV80	Foxa1	D3YV80	True	False	False	False	False	False	B
P35582	G5E8G6	Foxa1	G5E8G6	True	False	False	False	False	False	C
P35582	Q8K3I4	Foxa1	Myrip	True	False	False	False	False	False	B
P35582	A0A0N4SUJ3	Foxa1	A0A0N4SUJ3	True	False	False	False	False	False	B
P35582	V9GXT3	Foxa1	V9GXT3	True	False	False	False	False	False	B
P35582	A0A668KM70	Foxa1	A0A668KM70	True	False	False	False	False	False	B
P35582	E9Q411	Foxa1	E9Q411	True	False	False	False	False	False	B
P35582	Q9EPN1	Foxa1	Nbea	True	False	False	False	False	False	B
P35582	Q91X97	Foxa1	Ncald	True	False	False	False	False	False	B
P35582	O35136	Foxa1	Ncam2	True	False	False	False	False	False	B
P35582	Q3UYV9	Foxa1	Ncbp1	True	False	False	False	False	False	C
P35582	Q61026	Foxa1	Ncoa2	True	False	False	False	False	False	B
P35582	E0CYX5	Foxa1	E0CYX5	True	False	False	False	False	False	C
P35582	A2AIL4	Foxa1	Ndufaf6	True	False	False	False	False	False	B
P35582	Q8BG18	Foxa1	Necab1	True	False	False	False	False	False	C
P35582	P46935	Foxa1	Nedd4	True	False	False	False	False	False	C
P35582	A0A286YDV4	Foxa1	A0A286YDV4	True	False	False	False	False	False	B
P35582	A0A0R4J212	Foxa1	A0A0R4J212	True	False	False	False	False	False	B
P35582	K3W4R8	Foxa1	K3W4R8	True	False	False	False	False	False	B
P35582	Q9ES74	Foxa1	Nek7	True	False	False	False	False	False	B
P35582	Q02780	Foxa1	Nfia	True	False	False	False	False	False	B
P35582	Q3UW53	Foxa1	Niban1	True	False	False	False	False	False	B
P35582	A0A0R4J0G3	Foxa1	A0A0R4J0G3	True	False	False	False	False	False	C
P35582	Q6KCD5	Foxa1	Nipbl	True	False	False	False	False	False	B
P35582	Q99K10	Foxa1	Nlgn1	True	False	False	False	False	False	B
P35582	Q99L48	Foxa1	Nmd3	True	False	False	False	False	False	C
P35582	Q11011	Foxa1	Npepps	True	False	False	False	False	False	C
P35582	A3KN90	Foxa1	A3KN90	True	False	False	False	False	False	B
P35582	Q810U4	Foxa1	Nrcam	True	False	False	False	False	False	B
P35582	O35181	Foxa1	Nrg3	True	False	False	False	False	False	B
P35582	Q9WTX4	Foxa1	Nrg4	True	False	False	False	False	False	B
P35582	P97333	Foxa1	Nrp1	True	False	False	False	False	False	B
P35582	P0DI97	Foxa1	Nrxn1	True	False	False	False	False	False	B
P35582	Q9CS84	Foxa1	Nrxn1	True	False	False	False	False	False	B
P35582	Q8C5P5	Foxa1	Nt5dc1	True	False	False	False	False	False	C
P35582	P81117	Foxa1	Nucb2	True	False	False	False	False	False	C
P35582	Q9QZS3	Foxa1	Numb	True	False	False	False	False	False	B
P35582	Q9D2F7	Foxa1	Nup210l	True	False	False	False	False	False	C
P35582	Q61200	Foxa1	Nxph1	True	False	False	False	False	False	B
P35582	Q9WUK7	Foxa1	Opn3	True	False	False	False	False	False	C
P35582	Q8VEZ1	Foxa1	Q8VEZ1	True	False	False	False	False	False	C
P35582	Q7TQZ1	Foxa1	Q7TQZ1	True	False	False	False	False	False	C
P35582	A0A0N4SVD5	Foxa1	A0A0N4SVD5	True	False	False	False	False	False	C
P35582	S4R1M9	Foxa1	Osbpl10	True	False	False	False	False	False	B
P35582	A0A0R4J150	Foxa1	A0A0R4J150	True	False	False	False	False	False	B
P35582	E9PXZ2	Foxa1	E9PXZ2	True	False	False	False	False	False	B
P35582	E9PYR6	Foxa1	E9PYR6	True	False	False	False	False	False	C
P35582	D3Z4G2	Foxa1	D3Z4G2	True	False	False	False	False	False	C
P35582	Q8CG71	Foxa1	P3h2	True	False	False	False	False	False	B
P35582	D6RFD3	Foxa1	D6RFD3	True	False	False	False	False	False	C
P35582	Q8K212	Foxa1	Pacs1	True	False	False	False	False	False	B
P35582	Q3U1F9	Foxa1	Pag1	True	False	False	False	False	False	B
P35582	Q91W45	Foxa1	Paip2b	True	False	False	False	False	False	C
P35582	A2API8	Foxa1	A2API8	True	False	False	False	False	False	C
P35582	P97467	Foxa1	Pam	True	False	False	False	False	False	B
P35582	Q8R4K8	Foxa1	Pappa	True	False	False	False	False	False	C
P35582	E9PZ87	Foxa1	E9PZ87	True	False	False	False	False	False	B
P35582	Q60967	Foxa1	Papss1	True	False	False	False	False	False	B
P35582	G3XA13	Foxa1	G3XA13	True	False	False	False	False	False	B
P35582	Q9CSB4	Foxa1	Pard3b	True	False	False	False	False	False	B
P35582	G5E856	Foxa1	G5E856	True	False	False	False	False	False	C
P35582	Q925B0	Foxa1	Pawr	True	False	False	False	False	False	B
P35582	P41778	Foxa1	Pbx1	True	False	False	False	False	False	B
P35582	P61458	Foxa1	Pcbd1	True	False	False	False	False	False	C
P35582	E9PXF0	Foxa1	E9PXF0	True	False	False	False	False	False	C
P35582	Q9QYX7	Foxa1	Pclo	True	False	False	False	False	False	B
P35582	P59913	Foxa1	Pcmtd1	True	False	False	False	False	False	C
P35582	Q9QYC1	Foxa1	Pcnx1	True	False	False	False	False	False	B
P35582	Q8VBU5	Foxa1	Q8VBU5	True	False	False	False	False	False	B
P35582	Q01063	Foxa1	Pde4d	True	False	False	False	False	False	B
P35582	E9Q4S1	Foxa1	Pde8b	True	False	False	False	False	False	B
P35582	Q8CI51	Foxa1	Pdlim5	True	False	False	False	False	False	B
P35582	Q4VA53	Foxa1	Pds5b	True	False	False	False	False	False	B
P35582	Q99K01	Foxa1	Pdxdc1	True	False	False	False	False	False	C
P35582	Q69ZS0	Foxa1	Pdzrn3	True	False	False	False	False	False	B
P35582	E9QPQ6	Foxa1	E9QPQ6	True	False	False	False	False	False	C
P35582	A0A0R4J0U3	Foxa1	A0A0R4J0U3	True	False	False	False	False	False	C
P35582	Q5SUR0	Foxa1	Pfas	True	False	False	False	False	False	C
P35582	Q2M3X8	Foxa1	Phactr1	True	False	False	False	False	False	B
P35582	B1AVP0	Foxa1	B1AVP0	True	False	False	False	False	False	B
P35582	Q9QWH1	Foxa1	Phc2	True	False	False	False	False	False	C
P35582	Q5SPL2	Foxa1	Phf12	True	False	False	False	False	False	C
P35582	A0A087WNQ9	Foxa1	A0A087WNQ9	True	False	False	False	False	False	C
P35582	Q62392	Foxa1	Phlda1	True	False	False	False	False	False	C
P35582	Q8K1N2	Foxa1	Phldb2	True	False	False	False	False	False	B
P35582	Q8CHE4	Foxa1	Phlpp1	True	False	False	False	False	False	B
P35582	A0A0R4J1Q1	Foxa1	A0A0R4J1Q1	True	False	False	False	False	False	C
P35582	O88907	Foxa1	Pias1	True	False	False	False	False	False	B
P35582	Q7M6Y3	Foxa1	Picalm	True	False	False	False	False	False	C
P35582	O70172	Foxa1	Pip4k2a	True	False	False	False	False	False	B
P35582	P53811	Foxa1	Pitpnb	True	False	False	False	False	False	C
P35582	P97474	Foxa1	Pitx2	True	False	False	False	False	False	C
P35582	O55176	Foxa1	Pja1	True	False	False	False	False	False	C
P35582	Q3TZU5	Foxa1	Q3TZU5	True	False	False	False	False	False	B
P35582	Q68FH0	Foxa1	Pkp4	True	False	False	False	False	False	B
P35582	Q9Z0Y2	Foxa1	Pla2g1b	True	False	False	False	False	False	C
P35582	Q9Z1B3	Foxa1	Plcb1	True	False	False	False	False	False	B
P35582	Q91UZ1	Foxa1	Q91UZ1	True	False	False	False	False	False	B
P35582	S4R168	Foxa1	S4R168	True	False	False	False	False	False	C
P35582	D3Z2V2	Foxa1	D3Z2V2	True	False	False	False	False	False	B
P35582	Q80W71	Foxa1	Plekha8	True	False	False	False	False	False	C
P35582	Q8R0J1	Foxa1	Plekhg6	True	False	False	False	False	False	C
P35582	P70207	Foxa1	Plxna2	True	False	False	False	False	False	B
P35582	O54956	Foxa1	Pole2	True	False	False	False	False	False	C
P35582	A0A0R4J0E3	Foxa1	A0A0R4J0E3	True	False	False	False	False	False	C
P35582	Q64693	Foxa1	Pou2af1	True	False	False	False	False	False	C
P35582	A0A0R4J1Z4	Foxa1	A0A0R4J1Z4	True	False	False	False	False	False	B
P35582	B8QI34	Foxa1	B8QI34	True	False	False	False	False	False	B
P35582	A0A140LIN3	Foxa1	A0A140LIN3	True	False	False	False	False	False	B
P35582	G3X959	Foxa1	G3X959	True	False	False	False	False	False	C
P35582	Q9DBR7	Foxa1	Ppp1r12a	True	False	False	False	False	False	B
P35582	P63328	Foxa1	Ppp3ca	True	False	False	False	False	False	B
P35582	A0A2I3BRV0	Foxa1	A0A2I3BRV0	True	False	False	False	False	False	C
P35582	Q69ZK0	Foxa1	Prex1	True	False	False	False	False	False	B
P35582	Q80Y24	Foxa1	Prickle2	True	False	False	False	False	False	B
P35582	Q91WG5	Foxa1	Prkag2	True	False	False	False	False	False	B
P35582	P16054	Foxa1	Prkce	True	False	False	False	False	False	B
P35582	P23298	Foxa1	Prkch	True	False	False	False	False	False	B
P35582	Q02111	Foxa1	Prkcq	True	False	False	False	False	False	C
P35582	Q62101	Foxa1	Prkd1	True	False	False	False	False	False	B
P35582	Q9CWV6	Foxa1	Prkrip1	True	False	False	False	False	False	C
P35582	Q08501	Foxa1	Prlr	True	False	False	False	False	False	B
P35582	Q3UID4	Foxa1	Q3UID4	True	False	False	False	False	False	C
P35582	Q8JZM2	Foxa1	Prr15l	True	False	False	False	False	False	B
P35582	Q52KR3	Foxa1	Prune2	True	False	False	False	False	False	B
P35582	Q9R1P3	Foxa1	Psmb2	True	False	False	False	False	False	C
P35582	Q8BJY1	Foxa1	Psmd5	True	False	False	False	False	False	C
P35582	P26516	Foxa1	Psmd7	True	False	False	False	False	False	C
P35582	Q8R326	Foxa1	Pspc1	True	False	False	False	False	False	C
P35582	Q61115	Foxa1	Ptch1	True	False	False	False	False	False	C
P35582	Q8BWM0	Foxa1	Ptges2	True	False	False	False	False	False	C
P35582	P34152	Foxa1	Ptk2	True	False	False	False	False	False	B
P35582	P63089	Foxa1	Ptn	True	False	False	False	False	False	C
P35582	Q9WU22	Foxa1	Ptpn4	True	False	False	False	False	False	B
P35582	Q62132	Foxa1	Ptprr	True	False	False	False	False	False	B
P35582	A6H6A9	Foxa1	Rabgap1l	True	False	False	False	False	False	B
P35582	O35719	Foxa1	Rad51b	True	False	False	False	False	False	B
P35582	Q8C779	Foxa1	Radx	True	False	False	False	False	False	C
P35582	A0A1W2P712	Foxa1	A0A1W2P712	True	False	False	False	False	False	B
P35582	A0A0A0MQD7	Foxa1	A0A0A0MQD7	True	False	False	False	False	False	B
P35582	Q99NF8	Foxa1	Ranbp17	True	False	False	False	False	False	C
P35582	P46061	Foxa1	Rangap1	True	False	False	False	False	False	C
P35582	Q9EQZ6	Foxa1	Rapgef4	True	False	False	False	False	False	B
P35582	E9PW37	Foxa1	E9PW37	True	False	False	False	False	False	B
P35582	A0A1Y7VIT3	Foxa1	A0A1Y7VIT3	True	False	False	False	False	False	B
P35582	Q91WT8	Foxa1	Rbm47	True	False	False	False	False	False	B
P35582	Q91W59	Foxa1	Rbms1	True	False	False	False	False	False	B
P35582	Q8BWL5	Foxa1	Rbms3	True	False	False	False	False	False	B
P35582	P31266	Foxa1	Rbpj	True	False	False	False	False	False	B
P35582	Q9WVB0	Foxa1	Rbpms	True	False	False	False	False	False	B
P35582	P26043	Foxa1	Rdx	True	False	False	False	False	False	C
P35582	Q60841	Foxa1	Reln	True	False	False	False	False	False	B
P35582	Q80TZ9	Foxa1	Rere	True	False	False	False	False	False	B
P35582	Q7TS73	Foxa1	Rflna	True	False	False	False	False	False	C
P35582	P48381	Foxa1	Rfx3	True	False	False	False	False	False	B
P35582	Q9JL25	Foxa1	Rgs1	True	False	False	False	False	False	C
P35582	V9GXQ3	Foxa1	V9GXQ3	True	False	False	False	False	False	C
P35582	A0A087WNZ9	Foxa1	A0A087WNZ9	True	False	False	False	False	False	B
P35582	A0A0A6YW36	Foxa1	A0A0A6YW36	True	False	False	False	False	False	C
P35582	Q9D3G9	Foxa1	Rhoh	True	False	False	False	False	False	C
P35582	F6VBV0	Foxa1	F6VBV0	True	False	False	False	False	False	B
P35582	Q9DBU3	Foxa1	Riok3	True	False	False	False	False	False	C
P35582	O54965	Foxa1	Rnf13	True	False	False	False	False	False	C
P35582	P50636	Foxa1	Rnf19a	True	False	False	False	False	False	C
P35582	G5E843	Foxa1	G5E843	True	False	False	False	False	False	B
P35582	Q7TND5	Foxa1	Rpf1	True	False	False	False	False	False	C
P35582	Q9EPQ2	Foxa1	Rpgrip1	True	False	False	False	False	False	C
P35582	E9QMX4	Foxa1	E9QMX4	True	False	False	False	False	False	B
P35582	A0A0G2JFT8	Foxa1	A0A0G2JFT8	True	False	False	False	False	False	C
P35582	A0A087WR05	Foxa1	A0A087WR05	True	False	False	False	False	False	B
P35582	E9Q3G4	Foxa1	E9Q3G4	True	False	False	False	False	False	C
P35582	Q8CBY1	Foxa1	Samd4a	True	False	False	False	False	False	B
P35582	F8VQK5	Foxa1	F8VQK5	True	False	False	False	False	False	B
P35582	P0C5K1	Foxa1	Sbk2	True	False	False	False	False	False	C
P35582	Q9JKD3	Foxa1	Scamp5	True	False	False	False	False	False	C
P35582	F8VQ70	Foxa1	F8VQ70	True	False	False	False	False	False	B
P35582	A0A0R4J069	Foxa1	A0A0R4J069	True	False	False	False	False	False	C
P35582	Q99JZ0	Foxa1	Sdcbp2	True	False	False	False	False	False	C
P35582	O08665	Foxa1	Sema3a	True	False	False	False	False	False	B
P35582	Q62181	Foxa1	Sema3c	True	False	False	False	False	False	B
P35582	O35464	Foxa1	Sema6a	True	False	False	False	False	False	C
P35582	Q06770	Foxa1	Serpina6	True	False	False	False	False	False	C
P35582	Q9D7D2	Foxa1	Serpina9	True	False	False	False	False	False	C
P35582	Q60854	Foxa1	Serpinb6	True	False	False	False	False	False	C
P35582	P49182	Foxa1	Serpind1	True	False	False	False	False	False	C
P35582	Q9WUZ7	Foxa1	Sh3bgr	True	False	False	False	False	False	C
P35582	Q62419	Foxa1	Sh3gl1	True	False	False	False	False	False	C
P35582	A0A1B0GSY0	Foxa1	A0A1B0GSY0	True	False	False	False	False	False	B
P35582	D3Z5K8	Foxa1	D3Z5K8	True	False	False	False	False	False	B
P35582	E9QMY5	Foxa1	E9QMY5	True	False	False	False	False	False	B
P35582	Q6P4S6	Foxa1	Sik3	True	False	False	False	False	False	B
P35582	Q9EPK6	Foxa1	Sil1	True	False	False	False	False	False	B
P35582	Q62141	Foxa1	Sin3b	True	False	False	False	False	False	C
P35582	Q8C0T5	Foxa1	Sipa1l1	True	False	False	False	False	False	B
P35582	Q80TE4	Foxa1	Sipa1l2	True	False	False	False	False	False	B
P35582	Q3UND0	Foxa1	Skap2	True	False	False	False	False	False	B
P35582	Q3UHH2	Foxa1	Slc22a23	True	False	False	False	False	False	B
P35582	Q8BUN9	Foxa1	Slc24a2	True	False	False	False	False	False	C
P35582	Q9DAM5	Foxa1	Slc25a19	True	False	False	False	False	False	C
P35582	Q8VCX2	Foxa1	Slc35c2	True	False	False	False	False	False	C
P35582	Q8K2P7	Foxa1	Slc38a1	True	False	False	False	False	False	B
P35582	Q8CFE6	Foxa1	Slc38a2	True	False	False	False	False	False	C
P35582	Q8BGD6	Foxa1	Slc38a9	True	False	False	False	False	False	B
P35582	Q6X893	Foxa1	Slc44a1	True	False	False	False	False	False	B
P35582	Q5U4D8	Foxa1	Slc5a6	True	False	False	False	False	False	C
P35582	P18581	Foxa1	Slc7a2	True	False	False	False	False	False	C
P35582	A0A3Q4L326	Foxa1	A0A3Q4L326	True	False	False	False	False	False	B
P35582	Q9D7Y9	Foxa1	Slx4ip	True	False	False	False	False	False	B
P35582	Q920F6	Foxa1	Smc1b	True	False	False	False	False	False	C
P35582	Q6P5D8	Foxa1	Smchd1	True	False	False	False	False	False	B
P35582	Q9CWR2	Foxa1	Smyd3	True	False	False	False	False	False	B
P35582	O55042	Foxa1	Snca	True	False	False	False	False	False	C
P35582	Q78PY7	Foxa1	Snd1	True	False	False	False	False	False	B
P35582	Q6PE01	Foxa1	Snrnp40	True	False	False	False	False	False	C
P35582	A0A5F8MPJ2	Foxa1	A0A5F8MPJ2	True	False	False	False	False	False	B
P35582	Q9CQN4	Foxa1	Sostdc1	True	False	False	False	False	False	C
P35582	B2KFM7	Foxa1	B2KFM7	True	False	False	False	False	False	B
P35582	P40645	Foxa1	Sox6	True	False	False	False	False	False	B
P35582	Q04887	Foxa1	Sox9	True	False	False	False	False	False	B
P35582	A2AE20	Foxa1	Spaca5	True	False	False	False	False	False	C
P35582	Q5S003	Foxa1	Spag17	True	False	False	False	False	False	B
P35582	Q58A65	Foxa1	Spag9	True	False	False	False	False	False	C
P35582	Q8R1X6	Foxa1	Spart	True	False	False	False	False	False	C
P35582	Q80VP2	Foxa1	Spata7	True	False	False	False	False	False	C
P35582	Q91WJ7	Foxa1	Spats2l	True	False	False	False	False	False	B
P35582	Q8BGX7	Foxa1	Spidr	True	False	False	False	False	False	B
P35582	Q3UTS8	Foxa1	Spink13	True	False	False	False	False	False	C
P35582	Q8BKQ3	Foxa1	Q8BKQ3	True	False	False	False	False	False	B
P35582	Q924S7	Foxa1	Spred2	True	False	False	False	False	False	B
P35582	Q9CYZ8	Foxa1	Ssbp2	True	False	False	False	False	False	B
P35582	Q80TY4	Foxa1	St18	True	False	False	False	False	False	B
P35582	Q99M96	Foxa1	St7	True	False	False	False	False	False	B
P35582	Q9D3E6	Foxa1	Stag1	True	False	False	False	False	False	B
P35582	A0A0J9YTR8	Foxa1	A0A0J9YTR8	True	False	False	False	False	False	B
P35582	Q9JI10	Foxa1	Stk3	True	False	False	False	False	False	B
P35582	B8JJ84	Foxa1	B8JJ84	True	False	False	False	False	False	B
P35582	Q8K4L3	Foxa1	Svil	True	False	False	False	False	False	B
P35582	Q8BHS8	Foxa1	Sybu	True	False	False	False	False	False	B
P35582	Q6ZWQ0	Foxa1	Syne2	True	False	False	False	False	False	B
P35582	A0A0G2JDM5	Foxa1	A0A0G2JDM5	True	False	False	False	False	False	C
P35582	P46096	Foxa1	Syt1	True	False	False	False	False	False	B
P35582	Q99K90	Foxa1	Tab2	True	False	False	False	False	False	C
P35582	E9Q8T1	Foxa1	E9Q8T1	True	False	False	False	False	False	B
P35582	P97358	Foxa1	Taf1b	True	False	False	False	False	False	C
P35582	P70347	Foxa1	Tank	True	False	False	False	False	False	B
P35582	Q8BYC6	Foxa1	Taok3	True	False	False	False	False	False	B
P35582	E9QL22	Foxa1	E9QL22	True	False	False	False	False	False	C
P35582	Q60949	Foxa1	Tbc1d1	True	False	False	False	False	False	B
P35582	A2ABG4	Foxa1	A2ABG4	True	False	False	False	False	False	C
P35582	Q80XQ2	Foxa1	Tbc1d5	True	False	False	False	False	False	B
P35582	Q8BHJ5	Foxa1	Tbl1xr1	True	False	False	False	False	False	B
P35582	Q61286	Foxa1	Tcf12	True	False	False	False	False	False	B
P35582	Q8BTG3	Foxa1	Tcp11l1	True	False	False	False	False	False	C
P35582	O08523	Foxa1	Tecta	True	False	False	False	False	False	C
P35582	Q3UHK6	Foxa1	Tenm4	True	False	False	False	False	False	B
P35582	A0A0G2JF55	Foxa1	A0A0G2JF55	True	False	False	False	False	False	C
P35582	Q3TUU5	Foxa1	Tex30	True	False	False	False	False	False	C
P35582	Q91ZK0	Foxa1	Tfap2d	True	False	False	False	False	False	C
P35582	O54819	Foxa1	Tfpi	True	False	False	False	False	False	B
P35582	A0A0R4J097	Foxa1	A0A0R4J097	True	False	False	False	False	False	B
P35582	P70284	Foxa1	Tgif1	True	False	False	False	False	False	C
P35582	A8C756	Foxa1	Thada	True	False	False	False	False	False	B
P35582	Q3UTY6	Foxa1	Thsd4	True	False	False	False	False	False	B
P35582	E9PWD2	Foxa1	E9PWD2	True	False	False	False	False	False	B
P35582	P52912	Foxa1	Tia1	True	False	False	False	False	False	C
P35582	G3UWG2	Foxa1	G3UWG2	True	False	False	False	False	False	B
P35582	Q6ZPF3	Foxa1	Tiam2	True	False	False	False	False	False	B
P35582	Q62440	Foxa1	Tle1	True	False	False	False	False	False	B
P35582	Q08122	Foxa1	Tle3	True	False	False	False	False	False	B
P35582	Q8C0V0	Foxa1	Tlk1	True	False	False	False	False	False	B
P35582	A0A1L1SQ51	Foxa1	A0A1L1SQ51	True	False	False	False	False	False	B
P35582	Q9ET30	Foxa1	Tm9sf3	True	False	False	False	False	False	C
P35582	Q8R4P5	Foxa1	Tmc1	True	False	False	False	False	False	B
P35582	Q9CZ16	Foxa1	Tmem178a	True	False	False	False	False	False	C
P35582	Q91XE8	Foxa1	Tmem205	True	False	False	False	False	False	C
P35582	Q810L4	Foxa1	Tmem39b	True	False	False	False	False	False	C
P35582	Q91X86	Foxa1	Tmem98	True	False	False	False	False	False	C
P35582	Q56A06	Foxa1	Tmtc2	True	False	False	False	False	False	B
P35582	Q5SSZ5	Foxa1	Tns3	True	False	False	False	False	False	B
P35582	Q64511	Foxa1	Top2b	True	False	False	False	False	False	C
P35582	Q8CFU8	Foxa1	Tp53inp2	True	False	False	False	False	False	C
P35582	O88898	Foxa1	Tp63	True	False	False	False	False	False	B
P35582	D3Z2U2	Foxa1	D3Z2U2	True	False	False	False	False	False	B
P35582	Q9R0M5	Foxa1	Tpk1	True	False	False	False	False	False	B
P35582	F6ZDS4	Foxa1	Tpr	True	False	False	False	False	False	C
P35582	Q8CB49	Foxa1	Tprg1	True	False	False	False	False	False	B
P35582	Q9DBS2	Foxa1	Tprg1l	True	False	False	False	False	False	C
P35582	Q3U0M1	Foxa1	Trappc9	True	False	False	False	False	False	B
P35582	Q8K4K4	Foxa1	Trib1	True	False	False	False	False	False	C
P35582	Q0KL02	Foxa1	Trio	True	False	False	False	False	False	B
P35582	B2B9E1	Foxa1	Triqk	True	False	False	False	False	False	C
P35582	Q9JLV2	Foxa1	Trpc4ap	True	False	False	False	False	False	C
P35582	G3UW90	Foxa1	G3UW90	True	False	False	False	False	False	B
P35582	E9Q7M2	Foxa1	Tsc22d2	True	False	False	False	False	False	B
P35582	Q9DCK3	Foxa1	Tspan4	True	False	False	False	False	False	C
P35582	Q8R3G9	Foxa1	Tspan8	True	False	False	False	False	False	B
P35582	Q0HA38	Foxa1	Ttc21b	True	False	False	False	False	False	C
P35582	E9Q6P5	Foxa1	Ttc7b	True	False	False	False	False	False	C
P35582	A0A7N9VR83	Foxa1	A0A7N9VR83	True	False	False	False	False	False	B
P35582	P07147	Foxa1	Tyrp1	True	False	False	False	False	False	C
P35582	Q3UHZ7	Foxa1	Q3UHZ7	True	False	False	False	False	False	C
P35582	A0A2I3BQS6	Foxa1	A0A2I3BQS6	True	False	False	False	False	False	B
P35582	Q5DID3	Foxa1	Umodl1	True	False	False	False	False	False	C
P35582	Q8K0T7	Foxa1	Unc13c	True	False	False	False	False	False	C
P35582	O08747	Foxa1	Unc5c	True	False	False	False	False	False	B
P35582	P52479	Foxa1	Usp10	True	False	False	False	False	False	B
P35582	P57080	Foxa1	Usp25	True	False	False	False	False	False	B
P35582	Q8BUB6	Foxa1	Ust	True	False	False	False	False	False	B
P35582	A0A1W2P8G5	Foxa1	A0A1W2P8G5	True	False	False	False	False	False	B
P35582	Q8K245	Foxa1	Uvrag	True	False	False	False	False	False	B
P35582	Q9R0C8	Foxa1	Vav3	True	False	False	False	False	False	B
P35582	Q99KU0	Foxa1	Vmp1	True	False	False	False	False	False	B
P35582	Q80TY5	Foxa1	Vps13b	True	False	False	False	False	False	B
P35582	B1ART2	Foxa1	B1ART2	True	False	False	False	False	False	B
P35582	Q8VEJ9	Foxa1	Vps4a	True	False	False	False	False	False	C
P35582	Q8CCB4	Foxa1	Vps53	True	False	False	False	False	False	C
P35582	Q8BGW2	Foxa1	Wbp1l	True	False	False	False	False	False	C
P35582	Q6VNB8	Foxa1	Wdfy3	True	False	False	False	False	False	B
P35582	P47810	Foxa1	Wee1	True	False	False	False	False	False	C
P35582	Q5SXA9	Foxa1	Wwc1	True	False	False	False	False	False	B
P35582	Q6NXJ0	Foxa1	Wwc2	True	False	False	False	False	False	B
P35582	Q9DBH0	Foxa1	Wwp2	True	False	False	False	False	False	C
P35582	Q9CS38	Foxa1	Q9CS38	True	False	False	False	False	False	C
P35582	B2RR83	Foxa1	Ythdc2	True	False	False	False	False	False	C
P35582	Q08376	Foxa1	Zbtb14	True	False	False	False	False	False	C
P35582	Q3UQ17	Foxa1	Q3UQ17	True	False	False	False	False	False	B
P35582	Q3V3W4	Foxa1	Q3V3W4	True	False	False	False	False	False	C
P35582	Q8K0L9	Foxa1	Zbtb20	True	False	False	False	False	False	B
P35582	Q5DTV4	Foxa1	Zc3h12c	True	False	False	False	False	False	C
P35582	Q497H0	Foxa1	Zfand3	True	False	False	False	False	False	B
P35582	Q8CCH7	Foxa1	Zfpm2	True	False	False	False	False	False	B
P35582	Q8C0Q2	Foxa1	Zhx3	True	False	False	False	False	False	C
P35582	Q6P1E1	Foxa1	Zmiz1	True	False	False	False	False	False	B
P35582	Q9CU65	Foxa1	Zmym2	True	False	False	False	False	False	C
P35582	A2A484	Foxa1	A2A484	True	False	False	False	False	False	B
P35582	Q8BXJ8	Foxa1	Znf385b	True	False	False	False	False	False	B
P35582	G3UVV3	Foxa1	G3UVV3	True	False	False	False	False	False	B
P35582	B1AWL2	Foxa1	Znf462	True	False	False	False	False	False	C
P35582	Q56A10	Foxa1	Znf608	True	False	False	False	False	False	B
P35582	Q9CZP3	Foxa1	Znf655	True	False	False	False	False	False	C
P35582	Q8BGZ8	Foxa1	Zpld1	True	False	False	False	False	False	B
P35582	Q8C7B8	Foxa1	Zswim4	True	False	False	False	False	False	C
P35583	A0A0G2JGM8	Foxa2	A0A0G2JGM8	True	False	False	False	False	False	C
P35583	P51125	Foxa2	Cast	True	False	False	False	False	False	C
P35583	Q64505	Foxa2	Cyp7a1	True	False	False	False	False	False	A
P35583	Q8BPM0	Foxa2	Daam1	True	False	False	False	False	False	C
P35583	E9QKB1	Foxa2	E9QKB1	True	False	False	False	False	False	C
P35583	P59764	Foxa2	Dock4	True	False	False	False	False	False	C
P35583	Q01279	Foxa2	Egfr	True	False	False	False	False	False	C
P35583	A2AFS3	Foxa2	Elapor1	True	False	False	False	False	False	C
P35583	P97481	Foxa2	Epas1	True	False	False	False	False	False	C
P35583	Q8BGI4	Foxa2	Fam13a	True	False	False	False	False	False	C
P35583	A0A0R4J0H8	Foxa2	A0A0R4J0H8	True	False	False	False	False	False	C
P35583	H3BJ24	Foxa2	H3BJ24	True	False	False	False	False	False	C
P35583	P58463	Foxa2	Foxp2	True	False	False	False	False	False	C
P35583	P35576	Foxa2	G6pc1	True	False	False	False	False	False	A
P35583	Q6P9S7	Foxa2	Galnt10	True	False	False	False	False	False	C
P35583	G5E8D5	Foxa2	G5E8D5	True	False	False	False	False	False	C
P35583	A0A1B0GSQ5	Foxa2	A0A1B0GSQ5	True	False	False	False	False	False	C
P35583	B1AY49	Foxa2	B1AY49	True	False	False	False	False	False	C
P35583	D4QGC2	Foxa2	D4QGC2	True	False	False	False	False	False	C
P35583	D3YVY2	Foxa2	D3YVY2	True	False	False	False	False	False	C
P35583	Q08874	Foxa2	Mitf	True	False	False	False	False	False	C
P35583	A0A7N9VSW1	Foxa2	A0A7N9VSW1	True	False	False	False	False	False	A
P35583	V9GXT3	Foxa2	V9GXT3	True	False	False	False	False	False	C
P35583	A0A286YDV4	Foxa2	A0A286YDV4	True	False	False	False	False	False	C
P35583	P0DI97	Foxa2	Nrxn1	True	False	False	False	False	False	C
P35583	Q9CS84	Foxa2	Nrxn1	True	False	False	False	False	False	C
P35583	Q64338	Foxa2	Pde1c	True	False	False	False	False	False	C
P35583	Q9R0B9	Foxa2	Plod2	True	False	False	False	False	False	C
P35583	A0A140LIN3	Foxa2	A0A140LIN3	True	False	False	False	False	False	C
P35583	P34152	Foxa2	Ptk2	True	False	False	False	False	False	C
P35583	Q9EQZ6	Foxa2	Rapgef4	True	False	False	False	False	False	C
P35583	Q91WT8	Foxa2	Rbm47	True	False	False	False	False	False	C
P35583	Q8K4L3	Foxa2	Svil	True	False	False	False	False	False	C
P35583	Q6ZWQ0	Foxa2	Syne2	True	False	False	False	False	False	C
P35583	Q60949	Foxa2	Tbc1d1	True	False	False	False	False	False	C
P35583	Q8C0V0	Foxa2	Tlk1	True	False	False	False	False	False	C
P35583	A0A1L1SQ51	Foxa2	A0A1L1SQ51	True	False	False	False	False	False	C
P35583	G3UW90	Foxa2	G3UW90	True	False	False	False	False	False	C
P35583	Q5SXA9	Foxa2	Wwc1	True	False	False	False	False	False	B
P35583	Q9DBH0	Foxa2	Wwp2	True	False	False	False	False	False	C
P35583	P23949	Foxa2	Zfp36l2	True	False	False	False	False	False	C
P35584	Q148B1	Foxa3	Q148B1	True	False	False	False	False	False	A
P35584	Q5GLZ0	Foxa3	Q5GLZ0	True	False	False	False	False	False	A
P35584	P56655	Foxa3	Cyp2c38	True	False	False	False	False	False	A
P35584	Q91X77	Foxa3	Cyp2c50	True	False	False	False	False	False	A
P35584	P56654	Foxa3	Cyp2c37	True	False	False	False	False	False	A
Q9ES18	Q6DFX2	Foxj2	Antxr2	True	False	False	False	False	False	C
Q9ES18	F8VPQ2	Foxj2	Arid4a	True	False	False	False	False	False	C
Q9ES18	Q9QYP6	Foxj2	Azi2	True	False	False	False	False	False	C
Q9ES18	A2AMT1	Foxj2	Bfsp1	True	False	False	False	False	False	C
Q9ES18	Q8CFW7	Foxj2	Cc2d2a	True	False	False	False	False	False	C
Q9ES18	Q8BH53	Foxj2	Cfap69	True	False	False	False	False	False	C
Q9ES18	Q8VHS2	Foxj2	Crb1	True	False	False	False	False	False	C
Q9ES18	Q3TKY6	Foxj2	Cwc27	True	False	False	False	False	False	C
Q9ES18	Q80TN4	Foxj2	Dnajc16	True	False	False	False	False	False	C
Q9ES18	Q5EBJ4	Foxj2	Ermn	True	False	False	False	False	False	C
Q9ES18	Q8BGI4	Foxj2	Fam13a	True	False	False	False	False	False	C
Q9ES18	A0A140LI28	Foxj2	A0A140LI28	True	False	False	False	False	False	C
Q9ES18	P97447	Foxj2	Fhl1	True	False	False	False	False	False	C
Q9ES18	H3BJ24	Foxj2	H3BJ24	True	False	False	False	False	False	C
Q9ES18	E9Q1A8	Foxj2	E9Q1A8	True	False	False	False	False	False	C
Q9ES18	Q99L13	Foxj2	Hibadh	True	False	False	False	False	False	C
Q9ES18	B1ASP2	Foxj2	B1ASP2	True	False	False	False	False	False	C
Q9ES18	Q04859	Foxj2	Mak	True	False	False	False	False	False	C
Q9ES18	Q91ZD1	Foxj2	Osr2	True	False	False	False	False	False	C
Q9ES18	Q3U2S4	Foxj2	Otud5	True	False	False	False	False	False	C
Q9ES18	Q3UK78	Foxj2	Pcgf5	True	False	False	False	False	False	C
Q9ES18	O35973	Foxj2	Per1	True	False	False	False	False	False	C
Q9ES18	P42337	Foxj2	Pik3ca	True	False	False	False	False	False	C
Q9ES18	Q99PV0	Foxj2	Prpf8	True	False	False	False	False	False	C
Q9ES18	B8ZXI1	Foxj2	Qtrt2	True	False	False	False	False	False	C
Q9ES18	Q9DAK3	Foxj2	Rhobtb1	True	False	False	False	False	False	C
Q9ES18	P57725	Foxj2	Samsn1	True	False	False	False	False	False	C
Q9ES18	P70274	Foxj2	Selenop	True	False	False	False	False	False	C
Q9ES18	O35638	Foxj2	Stag2	True	False	False	False	False	False	C
Q9ES18	E9QP00	Foxj2	E9QP00	True	False	False	False	False	False	C
Q9ES18	P47810	Foxj2	Wee1	True	False	False	False	False	False	C
Q9ES18	Q8K0L9	Foxj2	Zbtb20	True	False	False	False	False	False	C
P42128	P97450	Foxk1	Atp5pf	True	False	False	False	False	False	C
P42128	E9QA15	Foxk1	E9QA15	True	False	False	False	False	False	C
P42128	Q91W50	Foxk1	Csde1	True	False	False	False	False	False	C
P42128	O08789	Foxk1	Mnt	True	False	False	False	False	False	C
P42128	O35638	Foxk1	Stag2	True	False	False	False	False	False	C
P42128	Q9WTK7	Foxk1	Stk11	True	False	False	False	False	False	C
P42128	A0A2R8W6R9	Foxk1	A0A2R8W6R9	True	False	False	False	False	False	C
P42128	Q91WA1	Foxk1	Tipin	True	False	False	False	False	False	C
Q3UCQ1	E9Q4F7	Foxk2	Ankrd11	True	False	False	False	False	False	C
Q3UCQ1	Q8BM75	Foxk2	Arid5b	True	False	False	False	False	False	C
Q3UCQ1	Q80U30	Foxk2	Clec16a	True	False	False	False	False	False	C
Q3UCQ1	Q8R1G2	Foxk2	Cmbl	True	False	False	False	False	False	C
Q3UCQ1	Q60598	Foxk2	Cttn	True	False	False	False	False	False	C
Q3UCQ1	Q80Y83	Foxk2	Dixdc1	True	False	False	False	False	False	C
Q3UCQ1	O54946	Foxk2	Dnajb6	True	False	False	False	False	False	C
Q3UCQ1	Q8BVG4	Foxk2	Dpp9	True	False	False	False	False	False	C
Q3UCQ1	P53798	Foxk2	Fdft1	True	False	False	False	False	False	C
Q3UCQ1	P42128	Foxk2	Foxk1	True	False	False	False	False	False	C
Q3UCQ1	A0A1D5RM07	Foxk2	A0A1D5RM07	True	False	False	False	False	False	C
Q3UCQ1	Q9Z2X1	Foxk2	Hnrnpf	True	False	False	False	False	False	C
Q3UCQ1	P11881	Foxk2	Itpr1	True	False	False	False	False	False	C
Q3UCQ1	Q5NCY0	Foxk2	Kdm6b	True	False	False	False	False	False	C
Q3UCQ1	P35951	Foxk2	Ldlr	True	False	False	False	False	False	C
Q3UCQ1	F8WJC4	Foxk2	F8WJC4	True	False	False	False	False	False	C
Q3UCQ1	E9PZ55	Foxk2	E9PZ55	True	False	False	False	False	False	C
Q3UCQ1	Q924H2	Foxk2	Med15	True	False	False	False	False	False	C
Q3UCQ1	Q9D074	Foxk2	Mgrn1	True	False	False	False	False	False	C
O08789	Q3UCQ1	Mnt	Foxk2	True	False	False	False	False	False	C
Q3UCQ1	O08789	Foxk2	Mnt	True	False	False	False	False	False	C
Q3UCQ1	Q9WU20	Foxk2	Mthfr	True	False	False	False	False	False	C
Q3UCQ1	A0A286YDV4	Foxk2	A0A286YDV4	True	False	False	False	False	False	C
Q3UCQ1	E9PXZ2	Foxk2	E9PXZ2	True	False	False	False	False	False	C
Q3UCQ1	P60335	Foxk2	Pcbp1	True	False	False	False	False	False	C
Q3UCQ1	Q5SPL2	Foxk2	Phf12	True	False	False	False	False	False	C
Q3UCQ1	A0A140T8I9	Foxk2	A0A140T8I9	True	False	False	False	False	False	C
Q3UCQ1	Q7M6Y3	Foxk2	Picalm	True	False	False	False	False	False	C
Q3UCQ1	P37040	Foxk2	Por	True	False	False	False	False	False	C
Q3UCQ1	O70274	Foxk2	Ptp4a2	True	False	False	False	False	False	C
Q3UCQ1	Q62179	Foxk2	Sema4b	True	False	False	False	False	False	C
Q3UCQ1	E9PYU8	Foxk2	E9PYU8	True	False	False	False	False	False	C
Q3UCQ1	O09044	Foxk2	Snap23	True	False	False	False	False	False	C
Q3UCQ1	Q99M96	Foxk2	St7	True	False	False	False	False	False	C
Q3UCQ1	Q08122	Foxk2	Tle3	True	False	False	False	False	False	C
Q3UCQ1	Q8C0V0	Foxk2	Tlk1	True	False	False	False	False	False	C
Q3UCQ1	A0A0R4J1P2	Foxk2	A0A0R4J1P2	True	False	False	False	False	False	C
Q3UCQ1	Q3TLI0	Foxk2	Trappc10	True	False	False	False	False	False	C
Q3UCQ1	E9Q7M2	Foxk2	Tsc22d2	True	False	False	False	False	False	C
Q3UCQ1	Q8BG60	Foxk2	Txnip	True	False	False	False	False	False	C
Q3UCQ1	A0A0G2JE32	Foxk2	A0A0G2JE32	True	False	False	False	False	False	C
Q3UCQ1	B2RQC2	Foxk2	Usp42	True	False	False	False	False	False	C
Q3UCQ1	B1ART2	Foxk2	B1ART2	True	False	False	False	False	False	C
Q3UCQ1	P47810	Foxk2	Wee1	True	False	False	False	False	False	C
Q3UCQ1	Q9EPK7	Foxk2	Xpo7	True	False	False	False	False	False	C
Q3UCQ1	Q3U4G3	Foxk2	Xxylt1	True	False	False	False	False	False	C
Q3UCQ1	Q8K3J5	Foxk2	Znf131	True	False	False	False	False	False	C
O88470	A0A8Q0P8A2	Foxl2	A0A8Q0P8A2	True	False	False	False	False	False	A
O88470	Q60765	Foxl2	Atf3	True	False	False	False	False	False	A
O88470	O55179	Foxl2	O55179	True	False	False	False	False	False	A
O88470	Q07440	Foxl2	Bcl2a1	True	False	False	False	False	False	A
O88470	Q497M6	Foxl2	Q497M6	True	False	False	False	False	False	A
O88470	O89093	Foxl2	Ccl20	True	False	False	False	False	False	A
O88470	P10855	Foxl2	Ccl3	True	False	False	False	False	False	A
O88470	Q9Z0F5	Foxl2	Ch25h	True	False	False	False	False	False	A
O88470	P10889	Foxl2	Cxcl2	True	False	False	False	False	False	A
O88470	P12850	Foxl2	Cxcl1	True	False	False	False	False	False	A
O88470	P01101	Foxl2	Fos	True	False	False	False	False	False	A
O88470	P46694	Foxl2	Ier3	True	False	False	False	False	False	A
O88470	Q4VK74	Foxl2	Ifnl2	True	False	False	False	False	False	A
O88470	Q8CGK6	Foxl2	Ifnl3	True	False	False	False	False	False	A
O88470	P47873	Foxl2	Il11	True	False	False	False	False	False	A
O88470	A0A0A6YWQ4	Foxl2	A0A0A6YWQ4	True	False	False	False	False	False	A
O88470	O70343	Foxl2	Ppargc1a	True	False	False	False	False	False	A
O88470	Q60769	Foxl2	Tnfaip3	True	False	False	False	False	False	A
Q6P1H7	A0A571BEJ4	Q6P1H7	A0A571BEJ4	True	False	False	False	False	False	C
Q6P1H7	P51827	Q6P1H7	Aff3	True	False	False	False	False	False	C
Q6P1H7	O08739	Q6P1H7	Ampd3	True	False	False	False	False	False	C
Q6P1H7	Q8K298	Q6P1H7	Anln	True	False	False	False	False	False	C
Q6P1H7	Q6P9J9	Q6P1H7	Ano6	True	False	False	False	False	False	C
Q6P1H7	Q8CJ27	Q6P1H7	Aspm	True	False	False	False	False	False	C
Q6P1H7	Q7TT18	Q6P1H7	Atf7ip	True	False	False	False	False	False	C
Q6P1H7	P51125	Q6P1H7	Cast	True	False	False	False	False	False	C
Q6P1H7	Q6VGS5	Q6P1H7	Ccdc88c	True	False	False	False	False	False	C
Q6P1H7	P30280	Q6P1H7	Ccnd2	True	False	False	False	False	False	A
Q6P1H7	P11440	Q6P1H7	Cdk1	True	False	False	False	False	False	A
Q6P1H7	P43241	Q6P1H7	Cdx2	True	False	False	False	False	False	A
Q6P1H7	O35216	Q6P1H7	Cenpa	True	False	False	False	False	False	A
Q6P1H7	P27790	Q6P1H7	Cenpb	True	False	False	False	False	False	A
Q6P1H7	E9Q3P4	Q6P1H7	E9Q3P4	True	False	False	False	False	False	A
Q6P1H7	Q8C4M7	Q6P1H7	Cenpu	True	False	False	False	False	False	C
Q6P1H7	P61025	Q6P1H7	Cks1b	True	False	False	False	False	False	A
Q6P1H7	Q8BPM0	Q6P1H7	Daam1	True	False	False	False	False	False	C
Q6P1H7	G3UXH9	Q6P1H7	G3UXH9	True	False	False	False	False	False	C
Q6P1H7	Q07139	Q6P1H7	Ect2	True	False	False	False	False	False	C
Q6P1H7	Q8R184	Q6P1H7	Fam110a	True	False	False	False	False	False	C
Q6P1H7	Q9D7I8	Q6P1H7	Fam83d	True	False	False	False	False	False	B
Q6P1H7	P01101	Q6P1H7	Fos	True	False	False	False	False	False	A
Q6P1H7	P13020	Q6P1H7	Gsn	True	False	False	False	False	False	C
Q6P1H7	Q8BFU2	Q6P1H7	H2ac25	True	False	False	False	False	False	C;D
Q6P1H7	Q8CGP6	Q6P1H7	H2ac12	True	False	False	False	False	False	C;D
Q6P1H7	Q8CGP5	Q6P1H7	Hist1h2af	True	False	False	False	False	False	C;D
Q6P1H7	Q64523	Q6P1H7	H2ac20	True	False	False	False	False	False	C;D
Q6P1H7	C0HKE1	Q6P1H7	H2ac4	True	False	False	False	False	False	C;D
Q6P1H7	P27661	Q6P1H7	H2ax	True	False	False	False	False	False	C;D
Q6P1H7	Q8R1M2	Q6P1H7	H2aj	True	False	False	False	False	False	C;D
Q6P1H7	Q6GSS7	Q6P1H7	Hist2h2aa1; Hist2h2aa2	True	False	False	False	False	False	C;D
Q6P1H7	Q8CGP4	Q6P1H7	Q8CGP4	True	False	False	False	False	False	C;D
Q6P1H7	Q64522	Q6P1H7	H2ac21	True	False	False	False	False	False	C;D
Q6P1H7	A0A1B0GSQ5	Q6P1H7	A0A1B0GSQ5	True	False	False	False	False	False	C
Q6P1H7	E9QKG8	Q6P1H7	E9QKG8	True	False	False	False	False	False	C
Q6P1H7	P30681	Q6P1H7	Hmgb2	True	False	False	False	False	False	C
Q6P1H7	Q00547	Q6P1H7	Hmmr	True	False	False	False	False	False	C
Q6P1H7	P09055	Q6P1H7	Itgb1	True	False	False	False	False	False	A
Q6P1H7	Q62315	Q6P1H7	Jarid2	True	False	False	False	False	False	C
Q6P1H7	Q6P9P6	Q6P1H7	Kif11	True	False	False	False	False	False	C
Q6P1H7	L0N7N1	Q6P1H7	Kif14	True	False	False	False	False	False	C
Q6P1H7	P52293	Q6P1H7	Kpna2	True	False	False	False	False	False	C
Q6P1H7	Q60675	Q6P1H7	Lama2	True	False	False	False	False	False	A
Q6P1H7	P14733	Q6P1H7	Lmnb1	True	False	False	False	False	False	C
Q6P1H7	P04370	Q6P1H7	Mbp	True	False	False	False	False	False	B
Q6P1H7	A0A087WPA7	Q6P1H7	A0A087WPA7	True	False	False	False	False	False	C
Q6P1H7	A0A087WNQ1	Q6P1H7	A0A087WNQ1	True	False	False	False	False	False	C
Q6P1H7	Q8C156	Q6P1H7	Ncaph	True	False	False	False	False	False	C
Q6P1H7	A0A0R4J212	Q6P1H7	A0A0R4J212	True	False	False	False	False	False	C
Q6P1H7	O08755	Q6P1H7	Onecut1	True	False	False	False	False	False	A
Q6P1H7	Q8BTW9	Q6P1H7	Pak4	True	False	False	False	False	False	C
Q6P1H7	Q08481	Q6P1H7	Pecam1	True	False	False	False	False	False	A
Q6P1H7	A0A140LIN3	Q6P1H7	A0A140LIN3	True	False	False	False	False	False	B
Q6P1H7	Q8BHE0	Q6P1H7	Prr11	True	False	False	False	False	False	C
Q6P1H7	P34152	Q6P1H7	Ptk2	True	False	False	False	False	False	C
Q6P1H7	Q923S9	Q6P1H7	Rab30	True	False	False	False	False	False	C
Q6P1H7	Q91WT8	Q6P1H7	Rbm47	True	False	False	False	False	False	C
Q6P1H7	Q9Z0Z3	Q6P1H7	Skp2	True	False	False	False	False	False	A
Q6P1H7	P70284	Q6P1H7	Tgif1	True	False	False	False	False	False	C
Q6P1H7	Q61029	Q6P1H7	Tmpo	True	False	False	False	False	False	C
Q6P1H7	Q61033	Q6P1H7	Tmpo	True	False	False	False	False	False	C
Q6P1H7	Q9ESN6	Q6P1H7	Trim2	True	False	False	False	False	False	C
Q6P1H7	G3UW90	Q6P1H7	G3UW90	True	False	False	False	False	False	C
Q6P1H7	A0A0U1RQ75	Q6P1H7	A0A0U1RQ75	True	False	False	False	False	False	C
Q6P1H7	Q921J4	Q6P1H7	Ube2s	True	False	False	False	False	False	C
Q6P1H7	Q9CQ37	Q6P1H7	Ube2t	True	False	False	False	False	False	C
Q6P1H7	Q8VDF2	Q6P1H7	Uhrf1	True	False	False	False	False	False	C
Q6P1H7	Q5SXA9	Q6P1H7	Wwc1	True	False	False	False	False	False	C
Q9R1E0	B1AVP1	Foxo1	B1AVP1	True	False	False	False	False	False	C
Q9R1E0	E9Q394	Foxo1	Akap13	True	False	False	False	False	False	C
Q9R1E0	Q505D1	Foxo1	Ankrd28	True	False	False	False	False	False	C
Q9R1E0	Q6DFX2	Foxo1	Antxr2	True	False	False	False	False	False	C
Q9R1E0	Q6Y5D8	Foxo1	Arhgap10	True	False	False	False	False	False	B
Q9R1E0	Q8BL80	Foxo1	Arhgap22	True	False	False	False	False	False	C
Q9R1E0	Q6ZQ82	Foxo1	Arhgap26	True	False	False	False	False	False	C
Q9R1E0	Q91X46	Foxo1	Arhgef3	True	False	False	False	False	False	C
Q9R1E0	Q8BM75	Foxo1	Arid5b	True	False	False	False	False	False	C
Q9R1E0	E9QA15	Foxo1	E9QA15	True	False	False	False	False	False	C
Q9R1E0	Q9WTK2	Foxo1	Cdyl	True	False	False	False	False	False	C
Q9R1E0	Q9JLL0	Foxo1	Crim1	True	False	False	False	False	False	C
Q9R1E0	Q8BJQ9	Foxo1	Csgalnact1	True	False	False	False	False	False	C
Q9R1E0	E9Q1U6	Foxo1	E9Q1U6	True	False	False	False	False	False	C
Q9R1E0	Q8C4S8	Foxo1	Dennd2a	True	False	False	False	False	False	C
Q9R1E0	Q01279	Foxo1	Egfr	True	False	False	False	False	False	C
Q9R1E0	Q5DW34	Foxo1	Ehmt1	True	False	False	False	False	False	C
Q9R1E0	Q60876	Foxo1	Eif4ebp1	True	False	False	False	False	False	A
Q9R1E0	Q08509	Foxo1	Eps8	True	False	False	False	False	False	C
Q9R1E0	A6H5Z3	Foxo1	Exoc6b	True	False	False	False	False	False	C
Q9R1E0	Q8BGI4	Foxo1	Fam13a	True	False	False	False	False	False	C
Q9R1E0	Q499D0	Foxo1	Foxn3	True	False	False	False	False	False	C
H3BJ24	Q9R1E0	H3BJ24	Foxo1	True	False	False	False	False	False	C
Q9R1E0	Q8BIE6	Foxo1	Frmd4a	True	False	False	False	False	False	C
Q9R1E0	P39688	Foxo1	Fyn	True	False	False	False	False	False	B
Q9R1E0	Q9D6Y9	Foxo1	Gbe1	True	False	False	False	False	False	C
Q9R1E0	A0A1B0GSQ5	Foxo1	A0A1B0GSQ5	True	False	False	False	False	False	C
Q9R1E0	O54824	Foxo1	Il16	True	False	False	False	False	False	C
Q9R1E0	P13504	Foxo1	Il1r1	True	False	False	False	False	False	C
Q9R1E0	Q9Z329	Foxo1	Itpr2	True	False	False	False	False	False	C
Q9R1E0	Q9Z0R4	Foxo1	Itsn1	True	False	False	False	False	False	C
Q9R1E0	Q9CZM9	Foxo1	Kcnmb2	True	False	False	False	False	False	C
Q9R1E0	Q8CEC4	Foxo1	Q8CEC4	True	False	False	False	False	False	C
Q9R1E0	F8VQJ3	Foxo1	F8VQJ3	True	False	False	False	False	False	C
Q9R1E0	P70193	Foxo1	Lrig1	True	False	False	False	False	False	C
Q9R1E0	O35099	Foxo1	Map3k5	True	False	False	False	False	False	C
Q9R1E0	A0A0G2JEM8	Foxo1	A0A0G2JEM8	True	False	False	False	False	False	C
Q9R1E0	D3YVY2	Foxo1	D3YVY2	True	False	False	False	False	False	C
Q9R1E0	A6H611	Foxo1	Mipep	True	False	False	False	False	False	C
Q9R1E0	G3X9H7	Foxo1	G3X9H7	True	False	False	False	False	False	C
Q9R1E0	Q7TPH6	Foxo1	Mycbp2	True	False	False	False	False	False	C
Q9R1E0	Q91X97	Foxo1	Ncald	True	False	False	False	False	False	C
Q9R1E0	E9PY55	Foxo1	E9PY55	True	False	False	False	False	False	C
Q9R1E0	A0A0R4J212	Foxo1	A0A0R4J212	True	False	False	False	False	False	C
Q9R1E0	Q80Z24	Foxo1	Negr1	True	False	False	False	False	False	C
Q9R1E0	A0A140LIG9	Foxo1	A0A140LIG9	True	False	False	False	False	False	C
Q9R1E0	E9PXZ2	Foxo1	E9PXZ2	True	False	False	False	False	False	B
Q9R1E0	Q9ET54	Foxo1	Palld	True	False	False	False	False	False	C
Q9R1E0	G3XA13	Foxo1	G3XA13	True	False	False	False	False	False	C
Q9R1E0	Q01063	Foxo1	Pde4d	True	False	False	False	False	False	C
Q9R1E0	O88907	Foxo1	Pias1	True	False	False	False	False	False	C
Q9R1E0	O70172	Foxo1	Pip4k2a	True	False	False	False	False	False	B
Q9R1E0	E9Q6H8	Foxo1	E9Q6H8	True	False	False	False	False	False	C
Q9R1E0	Q91WG5	Foxo1	Prkag2	True	False	False	False	False	False	C
Q9R1E0	P16054	Foxo1	Prkce	True	False	False	False	False	False	C
Q9R1E0	A6H6A9	Foxo1	Rabgap1l	True	False	False	False	False	False	C
Q9R1E0	Q9EQZ6	Foxo1	Rapgef4	True	False	False	False	False	False	C
Q9R1E0	Q8BWL5	Foxo1	Rbms3	True	False	False	False	False	False	C
Q9R1E0	F8VQK5	Foxo1	F8VQK5	True	False	False	False	False	False	C
Q9R1E0	P32020	Foxo1	Scp2	True	False	False	False	False	False	A
Q9R1E0	Q8C0T5	Foxo1	Sipa1l1	True	False	False	False	False	False	C
Q9R1E0	Q8VI23	Foxo1	Slc12a8	True	False	False	False	False	False	C
Q9R1E0	Q6X893	Foxo1	Slc44a1	True	False	False	False	False	False	C
Q9R1E0	A0A140LIK7	Foxo1	A0A140LIK7	True	False	False	False	False	False	C
Q9R1E0	Q8BKQ3	Foxo1	Q8BKQ3	True	False	False	False	False	False	C
Q9R1E0	Q9D5L7	Foxo1	Spsb1	True	False	False	False	False	False	C
Q9R1E0	F8VQ95	Foxo1	F8VQ95	True	False	False	False	False	False	C
Q9R1E0	D3YWM7	Foxo1	D3YWM7	True	False	False	False	False	False	C
Q9R1E0	Q6ZPJ0	Foxo1	Tex2	True	False	False	False	False	False	C
Q9R1E0	A0A0R4J097	Foxo1	A0A0R4J097	True	False	False	False	False	False	C
Q9R1E0	Q8K245	Foxo1	Uvrag	True	False	False	False	False	False	C
Q9R1E0	F8VPK6	Foxo1	F8VPK6	True	False	False	False	False	False	C
Q9R1E0	Q3UQ17	Foxo1	Q3UQ17	True	False	False	False	False	False	C
Q9WVH4	Q1HL35	Foxo3	Q1HL35	True	False	False	False	False	False	A
Q9WVH4	Q9DBB1	Foxo3	Dusp6	True	False	False	False	False	False	A
Q9WVH4	P35576	Foxo3	G6pc1	True	False	False	False	False	False	A
Q9WVH3	P39689	Foxo4	Cdkn1a	True	False	False	False	False	False	A
Q9WVH3	Q9D2Y6	Foxo4	Fbxo25	True	False	False	False	False	False	C
Q9WVH3	P35576	Foxo4	G6pc1	True	False	False	False	False	False	A
Q9WVH3	Q8BH04	Foxo4	Pck2	True	False	False	False	False	False	A
Q9WVH3	P32020	Foxo4	Scp2	True	False	False	False	False	False	A
Q9WVH3	Q9QXV8	Foxo4	Spry2	True	False	False	False	False	False	A
Q70KY4	Q9D2Y6	Foxo6	Fbxo25	True	False	False	False	False	False	C
H3BJ24	Q9JKX4	H3BJ24	Aatf	True	False	False	False	False	False	C
H3BJ24	E9Q236	H3BJ24	Abcc4	True	False	False	False	False	False	C
H3BJ24	A0A571BG95	H3BJ24	A0A571BG95	True	False	False	False	False	False	C
H3BJ24	Q91V12	H3BJ24	Acot7	True	False	False	False	False	False	C
H3BJ24	Q9CZW4	H3BJ24	Acsl3	True	False	False	False	False	False	B
H3BJ24	Q99JY9	H3BJ24	Actr3	True	False	False	False	False	False	B
H3BJ24	Q8CGM1	H3BJ24	Adgrb2	True	False	False	False	False	False	C
H3BJ24	A0A0G2JGM8	H3BJ24	A0A0G2JGM8	True	False	False	False	False	False	B
H3BJ24	A0A1L1SSF2	H3BJ24	A0A1L1SSF2	True	False	False	False	False	False	C
H3BJ24	B1AVP1	H3BJ24	B1AVP1	True	False	False	False	False	False	B
H3BJ24	P51827	H3BJ24	Aff3	True	False	False	False	False	False	B
H3BJ24	Q8BXK8	H3BJ24	Agap1	True	False	False	False	False	False	B
H3BJ24	E9Q394	H3BJ24	Akap13	True	False	False	False	False	False	C
H3BJ24	A0A1Y7VL02	H3BJ24	A0A1Y7VL02	True	False	False	False	False	False	C
H3BJ24	A0A087WRL8	H3BJ24	A0A087WRL8	True	False	False	False	False	False	C
H3BJ24	O08739	H3BJ24	Ampd3	True	False	False	False	False	False	B
H3BJ24	O08538	H3BJ24	Angpt1	True	False	False	False	False	False	B
H3BJ24	Q505D1	H3BJ24	Ankrd28	True	False	False	False	False	False	B
H3BJ24	Q9Z1T1	H3BJ24	Ap3b1	True	False	False	False	False	False	B
H3BJ24	G3X9K3	H3BJ24	Arfgef1	True	False	False	False	False	False	C
H3BJ24	Q811P8	H3BJ24	Arhgap32	True	False	False	False	False	False	B
H3BJ24	A2BH40	H3BJ24	Arid1a	True	False	False	False	False	False	B
H3BJ24	Q8BM75	H3BJ24	Arid5b	True	False	False	False	False	False	B
H3BJ24	Q9Z1K5	H3BJ24	Arih1	True	False	False	False	False	False	C
H3BJ24	Q8BIX3	H3BJ24	Arl14ep	True	False	False	False	False	False	C
H3BJ24	Q61324	H3BJ24	Arnt2	True	False	False	False	False	False	C
H3BJ24	P34927	H3BJ24	Asgr1	True	False	False	False	False	False	C
H3BJ24	A2ANX2	H3BJ24	A2ANX2	True	False	False	False	False	False	C
H3BJ24	A0A7N9VSJ5	H3BJ24	A0A7N9VSJ5	True	False	False	False	False	False	B
H3BJ24	O88566	H3BJ24	Axin2	True	False	False	False	False	False	C
H3BJ24	O35484	H3BJ24	Azin1	True	False	False	False	False	False	B
H3BJ24	Q6L8S8	H3BJ24	B4galnt3	True	False	False	False	False	False	C
H3BJ24	Q8VBW5	H3BJ24	Bbx	True	False	False	False	False	False	C
H3BJ24	B1AR74	H3BJ24	B1AR74	True	False	False	False	False	False	B
H3BJ24	Q99MQ1	H3BJ24	Bicc1	True	False	False	False	False	False	C
H3BJ24	O88738	H3BJ24	Birc6	True	False	False	False	False	False	B
H3BJ24	Q8BMQ3	H3BJ24	Bnc2	True	False	False	False	False	False	B
H3BJ24	Q920P3	H3BJ24	Brinp1	True	False	False	False	False	False	C
H3BJ24	D3YUB6	H3BJ24	Btbd8	True	False	False	False	False	False	C
H3BJ24	Q8CB14	H3BJ24	Las2	True	False	False	False	False	False	C
H3BJ24	Q8BVD7	H3BJ24	C1qtnf7	True	False	False	False	False	False	C
H3BJ24	Q06138	H3BJ24	Cab39	True	False	False	False	False	False	B
H3BJ24	Q3U148	H3BJ24	Q3U148	True	False	False	False	False	False	C
H3BJ24	Q9Z1L5	H3BJ24	Cacna2d3	True	False	False	False	False	False	B
H3BJ24	Q8R5M8	H3BJ24	Cadm1	True	False	False	False	False	False	B
H3BJ24	E9QA15	H3BJ24	E9QA15	True	False	False	False	False	False	C
H3BJ24	Q3UW68	H3BJ24	Capn13	True	False	False	False	False	False	C
H3BJ24	Q9CWL2	H3BJ24	Casz1	True	False	False	False	False	False	B
H3BJ24	Q3TTA7	H3BJ24	Cblb	True	False	False	False	False	False	C
H3BJ24	Q91VT4	H3BJ24	Cbr4	True	False	False	False	False	False	C
H3BJ24	Q5SNZ0	H3BJ24	Ccdc88a	True	False	False	False	False	False	C
H3BJ24	Q9QWK4	H3BJ24	Cd5l	True	False	False	False	False	False	C
H3BJ24	Q64261	H3BJ24	Cdk6	True	False	False	False	False	False	B
H3BJ24	P39689	H3BJ24	Cdkn1a	True	False	False	False	False	False	A
H3BJ24	Q5PR68	H3BJ24	Cep112	True	False	False	False	False	False	B
H3BJ24	Q6P5D4	H3BJ24	Cep135	True	False	False	False	False	False	C
H3BJ24	E9Q4Y4	H3BJ24	E9Q4Y4	True	False	False	False	False	False	C
H3BJ24	E9Q9M0	H3BJ24	E9Q9M0	True	False	False	False	False	False	C
H3BJ24	E9PZM4	H3BJ24	Chd2	True	False	False	False	False	False	B
H3BJ24	Q8BYH8	H3BJ24	Chd9	True	False	False	False	False	False	B
H3BJ24	Q810L3	H3BJ24	Chfr	True	False	False	False	False	False	C
H3BJ24	Q3V2R3	H3BJ24	Q3V2R3	True	False	False	False	False	False	B
H3BJ24	K3W4R5	H3BJ24	K3W4R5	True	False	False	False	False	False	C
H3BJ24	Q8R3P7	H3BJ24	Cluap1	True	False	False	False	False	False	C
H3BJ24	Q8BWQ4	H3BJ24	Cmtr2	True	False	False	False	False	False	C
H3BJ24	Q8C7D2	H3BJ24	Crbn	True	False	False	False	False	False	C
H3BJ24	A0A0N4SV71	H3BJ24	A0A0N4SV71	True	False	False	False	False	False	B
H3BJ24	A0A0G2JG52	H3BJ24	A0A0G2JG52	True	False	False	False	False	False	B
H3BJ24	Q9JLV5	H3BJ24	Cul3	True	False	False	False	False	False	B
H3BJ24	Q8BPM0	H3BJ24	Daam1	True	False	False	False	False	False	C
H3BJ24	A2A4P0	H3BJ24	Dhx8	True	False	False	False	False	False	C
H3BJ24	Q3UH60	H3BJ24	Dip2b	True	False	False	False	False	False	B
H3BJ24	Q9D415	H3BJ24	Dlgap1	True	False	False	False	False	False	B
H3BJ24	E9PYU5	H3BJ24	E9PYU5	True	False	False	False	False	False	C
H3BJ24	Q8R368	H3BJ24	Dnaaf4	True	False	False	False	False	False	C
H3BJ24	Q9QYI5	H3BJ24	Dnajb2	True	False	False	False	False	False	C
H3BJ24	Q8K1M6	H3BJ24	Dnm1l	True	False	False	False	False	False	C
H3BJ24	P59764	H3BJ24	Dock4	True	False	False	False	False	False	B
H3BJ24	P32233	H3BJ24	Drg1	True	False	False	False	False	False	C
H3BJ24	Q6NXK5	H3BJ24	Dusp11	True	False	False	False	False	False	C
H3BJ24	Q5BU09	H3BJ24	Eapp	True	False	False	False	False	False	C
H3BJ24	O08543	H3BJ24	Efna5	True	False	False	False	False	False	B
H3BJ24	A0A0R4J0H9	H3BJ24	A0A0R4J0H9	True	False	False	False	False	False	B
H3BJ24	Q61211	H3BJ24	Eif2d	True	False	False	False	False	False	C
H3BJ24	Q91WK2	H3BJ24	Eif3h	True	False	False	False	False	False	B
H3BJ24	Q66JS6	H3BJ24	Eif3j2	True	False	False	False	False	False	C
H3BJ24	Q3UGC7	H3BJ24	Eif3j1	True	False	False	False	False	False	C
H3BJ24	Q9JHC9	H3BJ24	Elf2	True	False	False	False	False	False	B
H3BJ24	Q8BPU7	H3BJ24	Elmo1	True	False	False	False	False	False	C
H3BJ24	Q8BQM8	H3BJ24	Eml5	True	False	False	False	False	False	C
H3BJ24	P47801	H3BJ24	Emp1	True	False	False	False	False	False	C
H3BJ24	O70318	H3BJ24	Epb41l2	True	False	False	False	False	False	B
H3BJ24	Q9WV92	H3BJ24	Epb41l3	True	False	False	False	False	False	C
H3BJ24	Q8CGC7	H3BJ24	Eprs1	True	False	False	False	False	False	B
H3BJ24	Q6PH08	H3BJ24	Erc2	True	False	False	False	False	False	B
H3BJ24	Q8K0G8	H3BJ24	Esrp2	True	False	False	False	False	False	C
H3BJ24	O08575	H3BJ24	Eya2	True	False	False	False	False	False	C
H3BJ24	Q06194	H3BJ24	F8	True	False	False	False	False	False	C
H3BJ24	Q8BGI4	H3BJ24	Fam13a	True	False	False	False	False	False	B
H3BJ24	Q9QZM9	H3BJ24	Fbxo16	True	False	False	False	False	False	C
H3BJ24	Q8BMI0	H3BJ24	Fbxo38	True	False	False	False	False	False	C
H3BJ24	E9QKY4	H3BJ24	E9QKY4	True	False	False	False	False	False	C
H3BJ24	A6PWD2	H3BJ24	Fhad1	True	False	False	False	False	False	C
H3BJ24	Q3UEW6	H3BJ24	Q3UEW6	True	False	False	False	False	False	C
H3BJ24	Q80TY0	H3BJ24	Fnbp1	True	False	False	False	False	False	C
H3BJ24	A0A6I8MWX0	H3BJ24	A0A6I8MWX0	True	False	False	False	False	False	C
H3BJ24	A0A0R4J0H8	H3BJ24	A0A0R4J0H8	True	False	False	False	False	False	B
H3BJ24	A2AKG8	H3BJ24	Focad	True	False	False	False	False	False	B
H3BJ24	Q8BUR3	H3BJ24	Foxj3	True	False	False	False	False	False	C
H3BJ24	Q499D0	H3BJ24	Foxn3	True	False	False	False	False	False	B
H3BJ24	Q8BGW1	H3BJ24	Fto	True	False	False	False	False	False	C
H3BJ24	P39688	H3BJ24	Fyn	True	False	False	False	False	False	C
H3BJ24	A0A1B0GS41	H3BJ24	A0A1B0GS41	True	False	False	False	False	False	C
P23772	H3BJ24	Gata3	H3BJ24	True	False	False	False	False	False	B
H3BJ24	Q9D6Y9	H3BJ24	Gbe1	True	False	False	False	False	False	B
H3BJ24	E0CX93	H3BJ24	E0CX93	True	False	False	False	False	False	B
H3BJ24	Q99JX3	H3BJ24	Gorasp2	True	False	False	False	False	False	C
H3BJ24	Q6NZP2	H3BJ24	Gpbp1l1	True	False	False	False	False	False	B
H3BJ24	Q8C0L9	H3BJ24	Gpcpd1	True	False	False	False	False	False	C
H3BJ24	Q61121	H3BJ24	Gpr19	True	False	False	False	False	False	C
H3BJ24	Q3U3C9	H3BJ24	Gse1	True	False	False	False	False	False	B
H3BJ24	P46425	H3BJ24	Gstp2	True	False	False	False	False	False	C
H3BJ24	P19157	H3BJ24	Gstp1	True	False	False	False	False	False	C
H3BJ24	Q8BW56	H3BJ24	Gtdc1	True	False	False	False	False	False	B
H3BJ24	A0A1B0GSQ5	H3BJ24	A0A1B0GSQ5	True	False	False	False	False	False	C
H3BJ24	F8WIE5	H3BJ24	F8WIE5	True	False	False	False	False	False	B
H3BJ24	Q3UHF7	H3BJ24	Hivep2	True	False	False	False	False	False	B
H3BJ24	E9QNX9	H3BJ24	E9QNX9	True	False	False	False	False	False	B
H3BJ24	P81183	H3BJ24	Ikzf2	True	False	False	False	False	False	C
H3BJ24	Q6P1C1	H3BJ24	Ippk	True	False	False	False	False	False	C
H3BJ24	Q792F9	H3BJ24	Q792F9	True	False	False	False	False	False	B
H3BJ24	P11881	H3BJ24	Itpr1	True	False	False	False	False	False	B
H3BJ24	P97414	H3BJ24	Kcnq1	True	False	False	False	False	False	C
H3BJ24	Q8K0E1	H3BJ24	Kctd15	True	False	False	False	False	False	C
H3BJ24	Q8VCD7	H3BJ24	Kdm4c	True	False	False	False	False	False	B
H3BJ24	B1AY49	H3BJ24	B1AY49	True	False	False	False	False	False	B
H3BJ24	E9PX57	H3BJ24	E9PX57	True	False	False	False	False	False	C
P55200	H3BJ24	Kmt2a	H3BJ24	True	False	False	False	False	False	C
H3BJ24	F8VQJ3	H3BJ24	F8VQJ3	True	False	False	False	False	False	B
H3BJ24	Q9Z1M7	H3BJ24	Large1	True	False	False	False	False	False	B
H3BJ24	Q61233	H3BJ24	Lcp1	True	False	False	False	False	False	C
H3BJ24	A0A0R4J005	H3BJ24	A0A0R4J005	True	False	False	False	False	False	B
H3BJ24	O70263	H3BJ24	Lnx1	True	False	False	False	False	False	B
H3BJ24	Q8BFW7	H3BJ24	Lpp	True	False	False	False	False	False	C
H3BJ24	P62046	H3BJ24	Lrch1	True	False	False	False	False	False	C
H3BJ24	P70193	H3BJ24	Lrig1	True	False	False	False	False	False	B
H3BJ24	Q6P1C6	H3BJ24	Lrig3	True	False	False	False	False	False	C
H3BJ24	O35125	H3BJ24	Lrrc23	True	False	False	False	False	False	C
H3BJ24	Q3UZ39	H3BJ24	Lrrfip1	True	False	False	False	False	False	C
H3BJ24	Q3TYE5	H3BJ24	Q3TYE5	True	False	False	False	False	False	B
H3BJ24	A0A3Q4EGK3	H3BJ24	A0A3Q4EGK3	True	False	False	False	False	False	B
H3BJ24	Q9WTX8	H3BJ24	Mad1l1	True	False	False	False	False	False	B
H3BJ24	O54791	H3BJ24	Maff	True	False	False	False	False	False	C
H3BJ24	Q6RHR9	H3BJ24	Magi1	True	False	False	False	False	False	B
H3BJ24	D4QGC2	H3BJ24	D4QGC2	True	False	False	False	False	False	B
H3BJ24	B1AST7	H3BJ24	B1AST7	True	False	False	False	False	False	C
H3BJ24	E9PW38	H3BJ24	E9PW38	True	False	False	False	False	False	B
H3BJ24	Q5RJH2	H3BJ24	Mctp2	True	False	False	False	False	False	B
H3BJ24	G3UZT5	H3BJ24	G3UZT5	True	False	False	False	False	False	B
A0A0G2JEM8	H3BJ24	A0A0G2JEM8	H3BJ24	True	False	False	False	False	False	C
H3BJ24	A0A0G2JEM8	H3BJ24	A0A0G2JEM8	True	False	False	False	False	False	C
P97367	H3BJ24	Meis2	H3BJ24	True	False	False	False	False	False	C
H3BJ24	A0A0R4J041	H3BJ24	A0A0R4J041	True	False	False	False	False	False	C
H3BJ24	Q6PEB6	H3BJ24	Mob4	True	False	False	False	False	False	C
H3BJ24	Q3TEW6	H3BJ24	Mpzl1	True	False	False	False	False	False	B
H3BJ24	Q9CQL4	H3BJ24	Mrpl20	True	False	False	False	False	False	C
H3BJ24	Q9CQ40	H3BJ24	Mrpl49	True	False	False	False	False	False	C
H3BJ24	Q8BK72	H3BJ24	Mrps27	True	False	False	False	False	False	C
H3BJ24	Q920Q6	H3BJ24	Msi2	True	False	False	False	False	False	B
H3BJ24	Q924K8	H3BJ24	Mta3	True	False	False	False	False	False	B
H3BJ24	Q02395	H3BJ24	Mtf2	True	False	False	False	False	False	C
H3BJ24	P50540	H3BJ24	Mxi1	True	False	False	False	False	False	C
H3BJ24	Q6PDN3	H3BJ24	Mylk	True	False	False	False	False	False	C
H3BJ24	Q9JMH9	H3BJ24	Myo18a	True	False	False	False	False	False	C
H3BJ24	V9GXT3	H3BJ24	V9GXT3	True	False	False	False	False	False	B
H3BJ24	E9PY55	H3BJ24	E9PY55	True	False	False	False	False	False	B
H3BJ24	Q62433	H3BJ24	Ndrg1	True	False	False	False	False	False	C
H3BJ24	Q9CQY9	H3BJ24	Ndufc1	True	False	False	False	False	False	C
H3BJ24	A0A286YDV4	H3BJ24	A0A286YDV4	True	False	False	False	False	False	C
H3BJ24	A0A087WPX3	H3BJ24	A0A087WPX3	True	False	False	False	False	False	C
H3BJ24	Q02780	H3BJ24	Nfia	True	False	False	False	False	False	C
H3BJ24	E9PUH7	H3BJ24	E9PUH7	True	False	False	False	False	False	C
H3BJ24	P06537	H3BJ24	Nr3c1	True	False	False	False	False	False	C
H3BJ24	O35375	H3BJ24	Nrp2	True	False	False	False	False	False	B
H3BJ24	P0DI97	H3BJ24	Nrxn1	True	False	False	False	False	False	C
H3BJ24	Q9CS84	H3BJ24	Nrxn1	True	False	False	False	False	False	C
H3BJ24	Q9QZS3	H3BJ24	Numb	True	False	False	False	False	False	C
H3BJ24	A0A140T8J8	H3BJ24	A0A140T8J8	True	False	False	False	False	False	B
H3BJ24	Q61200	H3BJ24	Nxph1	True	False	False	False	False	False	C
H3BJ24	S4R1M9	H3BJ24	Osbpl10	True	False	False	False	False	False	C
H3BJ24	E9PXZ2	H3BJ24	E9PXZ2	True	False	False	False	False	False	C
H3BJ24	Q91ZD1	H3BJ24	Osr2	True	False	False	False	False	False	C
H3BJ24	Q8K212	H3BJ24	Pacs1	True	False	False	False	False	False	B
H3BJ24	A2API8	H3BJ24	A2API8	True	False	False	False	False	False	C
H3BJ24	A0A0A6YX03	H3BJ24	A0A0A6YX03	True	False	False	False	False	False	B
H3BJ24	Q9R0L6	H3BJ24	Pcm1	True	False	False	False	False	False	C
H3BJ24	Q8VBU5	H3BJ24	Q8VBU5	True	False	False	False	False	False	B
H3BJ24	Q01063	H3BJ24	Pde4d	True	False	False	False	False	False	C
H3BJ24	Q4VA53	H3BJ24	Pds5b	True	False	False	False	False	False	B
H3BJ24	Q9QWH1	H3BJ24	Phc2	True	False	False	False	False	False	C
H3BJ24	A0A1C7ZN08	H3BJ24	A0A1C7ZN08	True	False	False	False	False	False	C
H3BJ24	Q8K1N2	H3BJ24	Phldb2	True	False	False	False	False	False	C
H3BJ24	Q8CHE4	H3BJ24	Phlpp1	True	False	False	False	False	False	B
H3BJ24	A0A0R4J1Q1	H3BJ24	A0A0R4J1Q1	True	False	False	False	False	False	B
H3BJ24	P26450	H3BJ24	Pik3r1	True	False	False	False	False	False	B
H3BJ24	O70172	H3BJ24	Pip4k2a	True	False	False	False	False	False	B
H3BJ24	Q50L42	H3BJ24	Pla2g4e	True	False	False	False	False	False	C
H3BJ24	Q9Z1B3	H3BJ24	Plcb1	True	False	False	False	False	False	B
H3BJ24	Q91UZ1	H3BJ24	Q91UZ1	True	False	False	False	False	False	C
H3BJ24	Q8K394	H3BJ24	Plcl2	True	False	False	False	False	False	C
H3BJ24	Q9QZC2	H3BJ24	Plxnc1	True	False	False	False	False	False	C
H3BJ24	A0A0R4J1Z4	H3BJ24	A0A0R4J1Z4	True	False	False	False	False	False	B
H3BJ24	B8QI34	H3BJ24	B8QI34	True	False	False	False	False	False	C
H3BJ24	Q9DBR7	H3BJ24	Ppp1r12a	True	False	False	False	False	False	B
H3BJ24	Q69ZK0	H3BJ24	Prex1	True	False	False	False	False	False	B
H3BJ24	P68404	H3BJ24	Prkcb	True	False	False	False	False	False	B
H3BJ24	Q6PAK3	H3BJ24	Prmt8	True	False	False	False	False	False	C
H3BJ24	Q8BM39	H3BJ24	Prpf18	True	False	False	False	False	False	C
H3BJ24	Q8CCF0	H3BJ24	Prpf31	True	False	False	False	False	False	B
H3BJ24	Q99JI4	H3BJ24	Psmd6	True	False	False	False	False	False	C
H3BJ24	Q61115	H3BJ24	Ptch1	True	False	False	False	False	False	B
H3BJ24	Q8BWM0	H3BJ24	Ptges2	True	False	False	False	False	False	C
H3BJ24	P34152	H3BJ24	Ptk2	True	False	False	False	False	False	C
H3BJ24	P06800	H3BJ24	Ptprc	True	False	False	False	False	False	C
H3BJ24	Q8BQX0	H3BJ24	Q8BQX0	True	False	False	False	False	False	C
H3BJ24	A6H6A9	H3BJ24	Rabgap1l	True	False	False	False	False	False	B
H3BJ24	O35719	H3BJ24	Rad51b	True	False	False	False	False	False	B
H3BJ24	Q91ZZ2	H3BJ24	Q91ZZ2	True	False	False	False	False	False	B
H3BJ24	Q9EQZ6	H3BJ24	Rapgef4	True	False	False	False	False	False	B
H3BJ24	Q8BQC8	H3BJ24	Rbak	True	False	False	False	False	False	C
H3BJ24	Q91W59	H3BJ24	Rbms1	True	False	False	False	False	False	C
H3BJ24	P31266	H3BJ24	Rbpj	True	False	False	False	False	False	B
P31266	H3BJ24	Rbpj	H3BJ24	True	False	False	False	False	False	C
H3BJ24	Q9WVB0	H3BJ24	Rbpms	True	False	False	False	False	False	B
H3BJ24	Q9JKK0	H3BJ24	Rcan3	True	False	False	False	False	False	C
H3BJ24	Q80TZ9	H3BJ24	Rere	True	False	False	False	False	False	B
H3BJ24	Q6A0D4	H3BJ24	Rftn1	True	False	False	False	False	False	B
H3BJ24	Q6QI06	H3BJ24	Rictor	True	False	False	False	False	False	C
H3BJ24	F6VBV0	H3BJ24	F6VBV0	True	False	False	False	False	False	C
H3BJ24	F8WGD2	H3BJ24	F8WGD2	True	False	False	False	False	False	B
H3BJ24	P50636	H3BJ24	Rnf19a	True	False	False	False	False	False	C
H3BJ24	P70335	H3BJ24	Rock1	True	False	False	False	False	False	B
H3BJ24	Q9Z138	H3BJ24	Ror2	True	False	False	False	False	False	B
H3BJ24	A2ACM0	H3BJ24	A2ACM0	True	False	False	False	False	False	B
H3BJ24	Q3UC65	H3BJ24	Rsrp1	True	False	False	False	False	False	C
A0A087WR05	H3BJ24	A0A087WR05	H3BJ24	True	False	False	False	False	False	B
H3BJ24	A0A087WR05	H3BJ24	A0A087WR05	True	False	False	False	False	False	B
H3BJ24	E9Q401	H3BJ24	Ryr2	True	False	False	False	False	False	C
H3BJ24	E9PZM7	H3BJ24	E9PZM7	True	False	False	False	False	False	C
H3BJ24	Q6V4S5	H3BJ24	Sdk2	True	False	False	False	False	False	B
H3BJ24	O09039	H3BJ24	Sh2b3	True	False	False	False	False	False	C
H3BJ24	Q62419	H3BJ24	Sh3gl1	True	False	False	False	False	False	C
H3BJ24	Q8R550	H3BJ24	Sh3kbp1	True	False	False	False	False	False	C
H3BJ24	D3Z5K8	H3BJ24	D3Z5K8	True	False	False	False	False	False	B
H3BJ24	Q91Y63	H3BJ24	Slc13a3	True	False	False	False	False	False	C
H3BJ24	Q3UHH2	H3BJ24	Slc22a23	True	False	False	False	False	False	B
H3BJ24	Q9QZ03	H3BJ24	Slc39a1	True	False	False	False	False	False	C
H3BJ24	A0A140LIK7	H3BJ24	A0A140LIK7	True	False	False	False	False	False	C
H3BJ24	P97496	H3BJ24	Smarcc1	True	False	False	False	False	False	B
H3BJ24	Q78PY7	H3BJ24	Snd1	True	False	False	False	False	False	B
H3BJ24	E9Q1K0	H3BJ24	E9Q1K0	True	False	False	False	False	False	B
H3BJ24	O88307	H3BJ24	Sorl1	True	False	False	False	False	False	B
Q04891	H3BJ24	Sox13	H3BJ24	True	False	False	False	False	False	C
H3BJ24	Q58A65	H3BJ24	Spag9	True	False	False	False	False	False	B
H3BJ24	Q8BGX7	H3BJ24	Spidr	True	False	False	False	False	False	B
H3BJ24	Q924S7	H3BJ24	Spred2	True	False	False	False	False	False	C
H3BJ24	Q9CYZ8	H3BJ24	Ssbp2	True	False	False	False	False	False	B
H3BJ24	Q9D3E6	H3BJ24	Stag1	True	False	False	False	False	False	B
H3BJ24	O35638	H3BJ24	Stag2	True	False	False	False	False	False	B
A0A087WSP5	H3BJ24	A0A087WSP5	H3BJ24	True	False	False	False	False	False	B
H3BJ24	A0A087WSP5	H3BJ24	A0A087WSP5	True	False	False	False	False	False	C
H3BJ24	Q9JJX8	H3BJ24	Stk32b	True	False	False	False	False	False	C
H3BJ24	Q8K4L3	H3BJ24	Svil	True	False	False	False	False	False	B
H3BJ24	Q6ZWQ0	H3BJ24	Syne2	True	False	False	False	False	False	C
H3BJ24	Q8CF89	H3BJ24	Tab1	True	False	False	False	False	False	C
H3BJ24	Q3U0J8	H3BJ24	Tbc1d2b	True	False	False	False	False	False	B
H3BJ24	P36423	H3BJ24	Tbxas1	True	False	False	False	False	False	B
H3BJ24	Q61286	H3BJ24	Tcf12	True	False	False	False	False	False	B
Q61286	H3BJ24	Tcf12	H3BJ24	True	False	False	False	False	False	C
A0A0J9YTU7	H3BJ24	A0A0J9YTU7	H3BJ24	True	False	False	False	False	False	C
H3BJ24	A0A0J9YTU7	H3BJ24	A0A0J9YTU7	True	False	False	False	False	False	A
E9QQ91	H3BJ24	E9QQ91	H3BJ24	True	False	False	False	False	False	C
H3BJ24	Q3UHK6	H3BJ24	Tenm4	True	False	False	False	False	False	B
H3BJ24	A0A2R8W6R9	H3BJ24	A0A2R8W6R9	True	False	False	False	False	False	C
H3BJ24	A8C756	H3BJ24	Thada	True	False	False	False	False	False	B
H3BJ24	Q6ZPF3	H3BJ24	Tiam2	True	False	False	False	False	False	C
H3BJ24	P63002	H3BJ24	Tle5	True	False	False	False	False	False	C
H3BJ24	Q64511	H3BJ24	Top2b	True	False	False	False	False	False	C
H3BJ24	D3Z2U2	H3BJ24	D3Z2U2	True	False	False	False	False	False	B
H3BJ24	Q9DBS2	H3BJ24	Tprg1l	True	False	False	False	False	False	C
H3BJ24	Q3U0M1	H3BJ24	Trappc9	True	False	False	False	False	False	B
H3BJ24	Q8K4K3	H3BJ24	Trib2	True	False	False	False	False	False	C
H3BJ24	Q0KL02	H3BJ24	Trio	True	False	False	False	False	False	C
H3BJ24	Q9JLV2	H3BJ24	Trpc4ap	True	False	False	False	False	False	C
H3BJ24	Q0HA38	H3BJ24	Ttc21b	True	False	False	False	False	False	C
H3BJ24	A2ASS6	H3BJ24	Ttn	True	False	False	False	False	False	C
H3BJ24	Q6NV83	H3BJ24	U2surp	True	False	False	False	False	False	B
H3BJ24	Q80U95	H3BJ24	Ube3c	True	False	False	False	False	False	B
H3BJ24	Q6WKZ8	H3BJ24	Ubr2	True	False	False	False	False	False	C
H3BJ24	Q9JKB1	H3BJ24	Uchl3	True	False	False	False	False	False	C
H3BJ24	P57080	H3BJ24	Usp25	True	False	False	False	False	False	C
H3BJ24	Q8BUB6	H3BJ24	Ust	True	False	False	False	False	False	B
H3BJ24	A0A1W2P8G5	H3BJ24	A0A1W2P8G5	True	False	False	False	False	False	B
H3BJ24	Q3U2A8	H3BJ24	Vars2	True	False	False	False	False	False	C
H3BJ24	E0CZC0	H3BJ24	E0CZC0	True	False	False	False	False	False	C
H3BJ24	Q5H8C4	H3BJ24	Vps13a	True	False	False	False	False	False	B
H3BJ24	Q8BX70	H3BJ24	Vps13c	True	False	False	False	False	False	B
H3BJ24	B1ART2	H3BJ24	B1ART2	True	False	False	False	False	False	C
H3BJ24	I1E4X5	H3BJ24	I1E4X5	True	False	False	False	False	False	C
H3BJ24	Q5KU39	H3BJ24	Vps41	True	False	False	False	False	False	B
H3BJ24	Q8VEJ9	H3BJ24	Vps4a	True	False	False	False	False	False	C
H3BJ24	Q8BGW2	H3BJ24	Wbp1l	True	False	False	False	False	False	C
H3BJ24	P83741	H3BJ24	Wnk1	True	False	False	False	False	False	B
H3BJ24	Q9EPK7	H3BJ24	Xpo7	True	False	False	False	False	False	C
H3BJ24	Q3U4G3	H3BJ24	Xxylt1	True	False	False	False	False	False	B
H3BJ24	Q8C407	H3BJ24	Yipf4	True	False	False	False	False	False	C
H3BJ24	P61237	H3BJ24	Ypel3	True	False	False	False	False	False	B
H3BJ24	Q3UQ17	H3BJ24	Q3UQ17	True	False	False	False	False	False	B
H3BJ24	Q7TS63	H3BJ24	Zfat	True	False	False	False	False	False	B
H3BJ24	H3BLK8	H3BJ24	H3BLK8	True	False	False	False	False	False	C
H3BJ24	P23950	H3BJ24	Zfp36l1	True	False	False	False	False	False	B
H3BJ24	A2A8R0	H3BJ24	A2A8R0	True	False	False	False	False	False	C
H3BJ24	Q9CU65	H3BJ24	Zmym2	True	False	False	False	False	False	B
H3BJ24	Q6GQR8	H3BJ24	Znf329	True	False	False	False	False	False	C
E9Q1A5	H3BJ24	E9Q1A5	H3BJ24	True	False	False	False	False	False	C
H3BJ24	Q56A10	H3BJ24	Znf608	True	False	False	False	False	False	B
H3BJ24	A0A0N4SVM8	H3BJ24	A0A0N4SVM8	True	False	False	False	False	False	C
Q6NZQ6	H3BJ24	Znf740	H3BJ24	True	False	False	False	False	False	C
H3BJ24	Q91V17	H3BJ24	Znrf1	True	False	False	False	False	False	C
H3BJ24	Q8C7B8	H3BJ24	Zswim4	True	False	False	False	False	False	C
P58463	Q91V12	Foxp2	Acot7	True	False	False	False	False	False	C
P58463	P39689	Foxp2	Cdkn1a	True	False	False	False	False	False	C
P58463	B2RQ71	Foxp2	B2RQ71	True	False	False	False	False	False	C
P58463	Q9WVH4	Foxp2	Foxo3	True	False	False	False	False	False	C
P58463	H3BJ24	Foxp2	H3BJ24	True	False	False	False	False	False	C
P58463	P39688	Foxp2	Fyn	True	False	False	False	False	False	C
P58463	Q9Z0F1	Foxp2	Gnas	True	False	False	False	False	False	C
P58463	Q6R0H6	Foxp2	Gnas	True	False	False	False	False	False	C
P58463	P63094	Foxp2	Gnas	True	False	False	False	False	False	C
P58463	Q6R0H7	Foxp2	Gnas	True	False	False	False	False	False	C
P58463	A2A884	Foxp2	Hivep3	True	False	False	False	False	False	C
P58463	E9QNX9	Foxp2	E9QNX9	True	False	False	False	False	False	C
P58463	Q6GQU2	Foxp2	Klhl23	True	False	False	False	False	False	C
P58463	P97367	Foxp2	Meis2	True	False	False	False	False	False	C
P58463	P27808	Foxp2	Mgat1	True	False	False	False	False	False	C
P58463	P50540	Foxp2	Mxi1	True	False	False	False	False	False	C
P58463	P32507	Foxp2	Nectin2	True	False	False	False	False	False	C
P58463	Q8R4I7	Foxp2	Neto1	True	False	False	False	False	False	C
P58463	P06537	Foxp2	Nr3c1	True	False	False	False	False	False	C
P58463	P41778	Foxp2	Pbx1	True	False	False	False	False	False	C
P58463	E9Q6H8	Foxp2	E9Q6H8	True	False	False	False	False	False	C
P58463	Q61115	Foxp2	Ptch1	True	False	False	False	False	False	C
P58463	Q8BP71	Foxp2	Rbfox2	True	False	False	False	False	False	C
P58463	Q68FE6	Foxp2	Ripor1	True	False	False	False	False	False	C
P58463	P51448	Foxp2	Rora	True	False	False	False	False	False	C
P58463	A0A087WR05	Foxp2	A0A087WR05	True	False	False	False	False	False	C
P58463	Q9ESU7	Foxp2	Q9ESU7	True	False	False	False	False	False	C
P58463	Q8K596	Foxp2	Slc8a2	True	False	False	False	False	False	C
P58463	A0A087WSP5	Foxp2	A0A087WSP5	True	False	False	False	False	False	C
P58463	A0A0J9YTU7	Foxp2	A0A0J9YTU7	True	False	False	False	False	False	C
P58463	A0A2R8W6R9	Foxp2	A0A2R8W6R9	True	False	False	False	False	False	C
P58463	P70284	Foxp2	Tgif1	True	False	False	False	False	False	C
P58463	Q0KL02	Foxp2	Trio	True	False	False	False	False	False	C
P58463	Q5F293	Foxp2	Zbtb4	True	False	False	False	False	False	C
P58463	A0A286YDB9	Foxp2	A0A286YDB9	True	False	False	False	False	False	C
Q00422	Q3UHJ0	Gabpa	Aak1	True	False	False	False	False	False	C
Q00422	P60710	Gabpa	Actb	True	False	False	False	False	False	C
Q00422	Q9D898	Gabpa	Arpc5l	True	False	False	False	False	False	C
Q00422	Q8VBT9	Gabpa	Aspscr1	True	False	False	False	False	False	C
Q00422	Q8CHH5	Gabpa	Bicral	True	False	False	False	False	False	C
Q00422	P40124	Gabpa	Cap1	True	False	False	False	False	False	C
Q00422	Q9QXV1	Gabpa	Cbx8	True	False	False	False	False	False	C
Q00422	E9Q1U1	Gabpa	Ccdc171	True	False	False	False	False	False	C
Q00422	Q811D0	Gabpa	Dlg1	True	False	False	False	False	False	C
Q00422	P59764	Gabpa	Dock4	True	False	False	False	False	False	C
Q00422	Q8BG67	Gabpa	Efr3a	True	False	False	False	False	False	C
Q00422	Q920L5	Gabpa	Elovl6	True	False	False	False	False	False	C
Q00422	P07903	Gabpa	Ercc1	True	False	False	False	False	False	C
Q00422	Q3U9D6	Gabpa	Q3U9D6	True	False	False	False	False	False	C
Q00422	F8VQ05	Gabpa	F8VQ05	True	False	False	False	False	False	C
Q00422	Q8K2V6	Gabpa	Ipo11	True	False	False	False	False	False	C
Q00422	Q6A0A2	Gabpa	Larp4b	True	False	False	False	False	False	C
Q00422	A0A1B0GQZ9	Gabpa	A0A1B0GQZ9	True	False	False	False	False	False	C
Q00422	Q9DCX1	Gabpa	Mad2l1bp	True	False	False	False	False	False	C
Q00422	E9PZ55	Gabpa	E9PZ55	True	False	False	False	False	False	C
Q00422	A0A0A6YVV8	Gabpa	A0A0A6YVV8	True	False	False	False	False	False	C
Q00422	Q924H2	Gabpa	Med15	True	False	False	False	False	False	C
Q00422	Q61026	Gabpa	Ncoa2	True	False	False	False	False	False	C
Q00422	Q9ES74	Gabpa	Nek7	True	False	False	False	False	False	C
Q00422	Q6KCD5	Gabpa	Nipbl	True	False	False	False	False	False	C
Q00422	D3Z357	Gabpa	D3Z357	True	False	False	False	False	False	C
Q00422	Q4KMM3	Gabpa	Oxr1	True	False	False	False	False	False	C
Q00422	D3YZV7	Gabpa	D3YZV7	True	False	False	False	False	False	C
Q00422	Q9QVP9	Gabpa	Ptk2b	True	False	False	False	False	False	C
Q00422	P35831	Gabpa	Ptpn12	True	False	False	False	False	False	C
Q00422	Q8R143	Gabpa	Pttg1ip	True	False	False	False	False	False	C
Q00422	Q9JM13	Gabpa	Rabgef1	True	False	False	False	False	False	C
Q00422	Q8BI21	Gabpa	Rnf38	True	False	False	False	False	False	C
Q00422	Q3UPL0	Gabpa	Sec31a	True	False	False	False	False	False	C
Q00422	Q80XQ2	Gabpa	Tbc1d5	True	False	False	False	False	False	C
Q00422	Q61286	Gabpa	Tcf12	True	False	False	False	False	False	C
Q00422	Q9ET30	Gabpa	Tm9sf3	True	False	False	False	False	False	C
Q00422	Q3TLI0	Gabpa	Trappc10	True	False	False	False	False	False	C
Q00422	A2AN08	Gabpa	Ubr4	True	False	False	False	False	False	C
Q00422	Q80TY5	Gabpa	Vps13b	True	False	False	False	False	False	C
Q00422	Q8CCB4	Gabpa	Vps53	True	False	False	False	False	False	C
Q00422	Q8CBE3	Gabpa	Wdr37	True	False	False	False	False	False	C
Q00422	Q68FE8	Gabpa	Znf280d	True	False	False	False	False	False	C
P17679	A2AH22	Gata1	Ambra1	True	False	False	False	False	False	C
P17679	A0A1Y7VL02	Gata1	A0A1Y7VL02	True	False	False	False	False	False	C
P17679	G5E8J2	Gata1	G5E8J2	True	False	False	False	False	False	C
P17679	B7ZCJ0	Gata1	B7ZCJ0	True	False	False	False	False	False	C
P17679	A2BH40	Gata1	Arid1a	True	False	False	False	False	False	C
P17679	Q8BM75	Gata1	Arid5b	True	False	False	False	False	False	C
P17679	O35185	Gata1	Bhlhe40	True	False	False	False	False	False	C
P17679	P51125	Gata1	Cast	True	False	False	False	False	False	C
P17679	Q80U30	Gata1	Clec16a	True	False	False	False	False	False	C
P17679	P61460	Gata1	Depdc5	True	False	False	False	False	False	C
P17679	Q61214	Gata1	Dyrk1a	True	False	False	False	False	False	C
P17679	Q60775	Gata1	Elf1	True	False	False	False	False	False	C
P17679	Q8BPU7	Gata1	Elmo1	True	False	False	False	False	False	C
P17679	O70433	Gata1	Fhl2	True	False	False	False	False	False	C
P17679	Q80X90	Gata1	Flnb	True	False	False	False	False	False	C
P17679	H3BJ24	Gata1	H3BJ24	True	False	False	False	False	False	C
P17679	P39688	Gata1	Fyn	True	False	False	False	False	False	C
P17679	Q6PB93	Gata1	Galnt2	True	False	False	False	False	False	C
P17679	P97494	Gata1	Gclc	True	False	False	False	False	False	C
P17679	P27600	Gata1	Gna12	True	False	False	False	False	False	C
P17679	O89100	Gata1	Grap2	True	False	False	False	False	False	B
P17679	E9PZP8	Gata1	E9PZP8	True	False	False	False	False	False	C
P17679	Q9ES52	Gata1	Inpp5d	True	False	False	False	False	False	C
P17679	G3X9H7	Gata1	G3X9H7	True	False	False	False	False	False	C
P17679	P50540	Gata1	Mxi1	True	False	False	False	False	False	C
P17679	Q9WVE8	Gata1	Pacsin2	True	False	False	False	False	False	C
P17679	A6H6A9	Gata1	Rabgap1l	True	False	False	False	False	False	C
P17679	Q8K214	Gata1	Scmh1	True	False	False	False	False	False	C
P17679	O09126	Gata1	Sema4d	True	False	False	False	False	False	C
P17679	Q3UUV5	Gata1	Skap1	True	False	False	False	False	False	C
P17679	Q9JHI9	Gata1	Slc40a1	True	False	False	False	False	False	C
P17679	Q8BZ60	Gata1	Ston2	True	False	False	False	False	False	C
P17679	A2A690	Gata1	Tanc2	True	False	False	False	False	False	C
P17679	Q8BYI9	Gata1	Tnr	True	False	False	False	False	False	C
P17679	G3UW90	Gata1	G3UW90	True	False	False	False	False	False	C
P17679	Q5U430	Gata1	Ubr3	True	False	False	False	False	False	C
P17679	Q80XC3	Gata1	Usp6nl	True	False	False	False	False	False	C
P17679	Q8K245	Gata1	Uvrag	True	False	False	False	False	False	C
P17679	Q9EPK7	Gata1	Xpo7	True	False	False	False	False	False	C
O09100	Q8K440	Gata2	Abca8b	True	False	False	False	False	False	C
O09100	O35379	Gata2	Abcc1	True	False	False	False	False	False	C
O09100	E9Q236	Gata2	Abcc4	True	False	False	False	False	False	B
O09100	Q9R1X5	Gata2	Abcc5	True	False	False	False	False	False	C
O09100	Q8VD66	Gata2	Abhd4	True	False	False	False	False	False	C
O09100	Q9D099	Gata2	Acer3	True	False	False	False	False	False	B
O09100	A0A0R4J0J4	Gata2	A0A0R4J0J4	True	False	False	False	False	False	A
O09100	Q3V140	Gata2	Acrbp	True	False	False	False	False	False	C
O09100	Q9QXG4	Gata2	Acss2	True	False	False	False	False	False	C
O09100	Q4VC17	Gata2	Adamts18	True	False	False	False	False	False	C
O09100	E9PWW5	Gata2	E9PWW5	True	False	False	False	False	False	B
O09100	Q9QYB5	Gata2	Add3	True	False	False	False	False	False	B
O09100	A0A571BEJ4	Gata2	A0A571BEJ4	True	False	False	False	False	False	B
O09100	A0A0G2JGM8	Gata2	A0A0G2JGM8	True	False	False	False	False	False	B
O09100	B8JJE0	Gata2	B8JJE0	True	False	False	False	False	False	B
O09100	Q60612	Gata2	Adora1	True	False	False	False	False	False	C
O09100	B1AVP1	Gata2	B1AVP1	True	False	False	False	False	False	B
O09100	P51827	Gata2	Aff3	True	False	False	False	False	False	B
O09100	Q8BXK8	Gata2	Agap1	True	False	False	False	False	False	B
O09100	Q68FL4	Gata2	Ahcyl2	True	False	False	False	False	False	C
O09100	E9Q552	Gata2	E9Q552	True	False	False	False	False	False	B
O09100	Q9WVE0	Gata2	Aicda	True	False	False	False	False	False	C
O09100	E9Q394	Gata2	Akap13	True	False	False	False	False	False	B
O09100	E9Q9K8	Gata2	E9Q9K8	True	False	False	False	False	False	B
O09100	Q61490	Gata2	Alcam	True	False	False	False	False	False	B
O09100	Q62148	Gata2	Aldh1a2	True	False	False	False	False	False	B
O09100	Q8R0Y6	Gata2	Aldh1l1	True	False	False	False	False	False	C
O09100	A2AH22	Gata2	Ambra1	True	False	False	False	False	False	B
O09100	Q80ZD9	Gata2	Amigo2	True	False	False	False	False	False	C
O09100	O08739	Gata2	Ampd3	True	False	False	False	False	False	B
O09100	O08538	Gata2	Angpt1	True	False	False	False	False	False	B
O09100	Q505D1	Gata2	Ankrd28	True	False	False	False	False	False	B
O09100	Q6P9J9	Gata2	Ano6	True	False	False	False	False	False	B
O09100	Q9DBG3	Gata2	Ap2b1	True	False	False	False	False	False	C
O09100	Q80V94	Gata2	Ap4e1	True	False	False	False	False	False	C
O09100	P28352	Gata2	Apex1	True	False	True	True	False	True	A
O09100	P12023	Gata2	App	True	False	False	False	False	False	B
O09100	Q6Y5D8	Gata2	Arhgap10	True	False	False	False	False	False	B
O09100	Q811M1	Gata2	Arhgap15	True	False	False	False	False	False	B
O09100	Q8C4V1	Gata2	Arhgap24	True	False	False	False	False	False	B
O09100	Q8BYW1	Gata2	Arhgap25	True	False	False	False	False	False	C
O09100	Q6ZQ82	Gata2	Arhgap26	True	False	False	False	False	False	B
O09100	Q811P8	Gata2	Arhgap32	True	False	False	False	False	False	B
O09100	B1AUC7	Gata2	Arhgap36	True	False	False	False	False	False	C
O09100	B2RQE8	Gata2	Arhgap42	True	False	False	False	False	False	B
O09100	O54834	Gata2	Arhgap6	True	False	False	False	False	False	B
O09100	Q91X46	Gata2	Arhgef3	True	False	False	False	False	False	B
O09100	A2BH40	Gata2	Arid1a	True	False	False	False	False	False	C
O09100	A0A338P6U8	Gata2	A0A338P6U8	True	False	False	False	False	False	B
O09100	Q8BM75	Gata2	Arid5b	True	False	False	False	False	False	B
O09100	Q9QWY8	Gata2	Asap1	True	False	False	False	False	False	B
O09100	Q60765	Gata2	Atf3	True	False	False	False	False	False	C
O09100	Q9QZW0	Gata2	Atp11c	True	False	False	False	False	False	C
O09100	Q80XR2	Gata2	Atp2c1	True	False	False	False	False	False	C
O09100	D3YXQ5	Gata2	D3YXQ5	True	False	False	False	False	False	C
O09100	A2ANX2	Gata2	A2ANX2	True	False	False	False	False	False	B
O09100	A0A7N9VSJ5	Gata2	A0A7N9VSJ5	True	False	False	False	False	False	B
O09100	Q8VHV1	Gata2	Baalc	True	False	False	False	False	False	C
O09100	Q8K3W0	Gata2	Babam2	True	False	False	False	False	False	C
O09100	Q811G0	Gata2	Bbs9	True	False	False	False	False	False	C
O09100	Q61140	Gata2	Bcar1	True	False	False	False	False	False	C
O09100	Q9QZK2	Gata2	Bcar3	True	False	False	False	False	False	B
O09100	B1AR74	Gata2	B1AR74	True	False	False	False	False	False	B
O09100	Q8CGN4	Gata2	Bcor	True	False	False	False	False	False	B
O09100	O35185	Gata2	Bhlhe40	True	False	False	False	False	False	C
O09100	Q8R1Y2	Gata2	Bmerb1	True	False	False	False	False	False	C
O09100	Q9R229	Gata2	Bmp10	True	False	False	False	False	False	C
O09100	P20722	Gata2	Bmp6	True	False	False	False	False	False	C
O09100	P36898	Gata2	Bmpr1b	True	False	False	False	False	False	B
O09100	Q8BMQ3	Gata2	Bnc2	True	False	False	False	False	False	B
O09100	P15327	Gata2	Bpgm	True	False	False	False	False	False	C
O09100	P58545	Gata2	Btbd3	True	False	False	False	False	False	C
O09100	Q8R149	Gata2	Bud13	True	False	False	False	False	False	C
O09100	Q3TQQ9	Gata2	Firrm	True	False	False	False	False	False	C
O09100	Q9D4G1	Gata2	Epcip	True	False	False	False	False	False	C
O09100	A0A286YDB2	Gata2	A0A286YDB2	True	False	False	False	False	False	C
O09100	Q6PDJ1	Gata2	Cachd1	True	False	False	False	False	False	B
O09100	Q8BLQ9	Gata2	Cadm2	True	False	False	False	False	False	C
O09100	E9QA15	Gata2	E9QA15	True	False	False	False	False	False	B
O09100	Q9D6P8	Gata2	Calml3	True	False	False	False	False	False	C
O09100	O35350	Gata2	Capn1	True	False	False	False	False	False	C
O09100	P51125	Gata2	Cast	True	False	False	False	False	False	B
O09100	Q9CWL2	Gata2	Casz1	True	False	False	False	False	False	C
O09100	Q3TTA7	Gata2	Cblb	True	False	False	False	False	False	B
O09100	Q32MG2	Gata2	Cby2	True	False	False	False	False	False	C
O09100	Q8R2G6	Gata2	Ccdc80	True	False	False	False	False	False	C
O09100	Q9D8L5	Gata2	Ccdc91	True	False	False	False	False	False	B
O09100	Q8CDE2	Gata2	Ccin	True	False	False	False	False	False	C
O09100	P56481	Gata2	Cckbr	True	False	False	False	False	False	C
O09100	P10146	Gata2	Ccl1	True	False	False	False	False	False	C
O09100	Q8K2Y9	Gata2	Ccm2	True	False	True	True	False	True	A
O09100	Q8BGU5	Gata2	Ccny	True	False	False	False	False	False	B
O09100	Q8C0C4	Gata2	Ccser1	True	False	False	False	False	False	B
O09100	Q64314	Gata2	Cd34	True	False	False	False	False	False	B
O09100	A0A1D5RLQ9	Gata2	A0A1D5RLQ9	True	False	False	False	False	False	B
O09100	E9Q9Q6	Gata2	E9Q9Q6	True	False	False	False	False	False	B
O09100	O35495	Gata2	Cdk14	True	False	False	False	False	False	B
O09100	Q91WE6	Gata2	Cdkal1	True	False	False	False	False	False	B
O09100	Q9WTK2	Gata2	Cdyl	True	False	False	False	False	False	B
O09100	Q9Z0H4	Gata2	Celf2	True	False	False	False	False	False	C
O09100	Q5FWI3	Gata2	Cemip2	True	False	False	False	False	False	B
O09100	Q8BI22	Gata2	Cep128	True	False	False	False	False	False	B
O09100	Q9R1K9	Gata2	Cetn2	True	False	False	False	False	False	C
O09100	O35732	Gata2	Cflar	True	False	False	False	False	False	C
O09100	Q3V2R3	Gata2	Q3V2R3	True	False	False	False	False	False	B
O09100	Q6ZQ11	Gata2	Chsy1	True	False	False	False	False	False	C
O09100	Q9Z0S3	Gata2	Cldn14	True	False	False	False	False	False	C
O09100	Q80U30	Gata2	Clec16a	True	False	False	False	False	False	B
O09100	Q8CI96	Gata2	Clip4	True	False	False	False	False	False	C
O09100	Q3U5Q7	Gata2	Cmpk2	True	False	False	False	False	False	C
O09100	A0A0R4J0V0	Gata2	A0A0R4J0V0	True	False	False	False	False	False	C
O09100	Q6ZWS4	Gata2	Cnih3	True	False	False	False	False	False	B
O09100	Q07409	Gata2	Cntn3	True	False	False	False	False	False	B
O09100	Q80X19	Gata2	Col14a1	True	False	False	False	False	False	B
O09100	Q7TN98	Gata2	Cpeb4	True	False	False	False	False	False	B
O09100	P36552	Gata2	Cpox	True	False	False	False	False	False	C
O09100	O88843	Gata2	Cradd	True	False	False	False	False	False	B
O09100	A0A0N4SV71	Gata2	A0A0N4SV71	True	False	False	False	False	False	B
O09100	P63254	Gata2	Crip1	True	False	False	False	False	False	C
O09100	Q8BJQ9	Gata2	Csgalnact1	True	False	False	False	False	False	B
O09100	P59055	Gata2	Csrnp3	True	False	False	False	False	False	C
O09100	Q8R242	Gata2	Ctbs	True	False	False	False	False	False	B
O09100	P26231	Gata2	Ctnna1	True	False	False	False	False	False	B
O09100	Q9JLB4	Gata2	Cubn	True	False	False	False	False	False	B
O09100	Q60720	Gata2	Cyb561	True	False	False	False	False	False	C
O09100	A1E5L0	Gata2	A1E5L0	True	False	False	False	False	False	C
O09100	Q8BPM0	Gata2	Daam1	True	False	False	False	False	False	B
O09100	Q9JJY4	Gata2	Ddx20	True	False	False	False	False	False	C
O09100	Q8K382	Gata2	Dennd1a	True	False	False	False	False	False	B
O09100	Q3U1T9	Gata2	Dennd1b	True	False	False	False	False	False	B
O09100	P61460	Gata2	Depdc5	True	False	False	False	False	False	C
O09100	D3Z7D3	Gata2	D3Z7D3	True	False	False	False	False	False	C
O09100	Q8C3I9	Gata2	Dipk2b	True	False	False	False	False	False	B
O09100	Q8CI75	Gata2	Dis3l2	True	False	False	False	False	False	B
O09100	E9QKB1	Gata2	E9QKB1	True	False	False	False	False	False	B
O09100	Q811D0	Gata2	Dlg1	True	False	False	False	False	False	B
O09100	A0A571BEZ4	Gata2	A0A571BEZ4	True	False	False	False	False	False	B
O09100	E9Q7N9	Gata2	E9Q7N9	True	False	False	False	False	False	B
O09100	Q91WN1	Gata2	Dnajc9	True	False	False	False	False	False	C
O09100	A0A8Z1SZM7	Gata2	A0A8Z1SZM7	True	False	False	False	False	False	C
O09100	Q8BZN6	Gata2	Dock10	True	False	False	False	False	False	B
O09100	P59764	Gata2	Dock4	True	False	False	False	False	False	B
O09100	B2RY04	Gata2	Dock5	True	False	False	False	False	False	B
O09100	Q8CHR6	Gata2	Dpyd	True	False	False	False	False	False	B
O09100	A0A1Y7VK79	Gata2	A0A1Y7VK79	True	False	False	False	False	False	B
O09100	G3UXH9	Gata2	G3UXH9	True	False	False	False	False	False	B
O09100	Q91WZ8	Gata2	Dtnbp1	True	False	False	False	False	False	B
O09100	Q9D7B1	Gata2	Dus2	True	False	False	False	False	False	C
O09100	Q9ESS0	Gata2	Dusp10	True	False	False	False	False	False	B
O09100	Q45VK7	Gata2	Dync2h1	True	False	False	False	False	False	B
O09100	Q61214	Gata2	Dyrk1a	True	False	False	False	False	False	B
O09100	Q9CQ46	Gata2	Efcab2	True	False	True	True	False	True	A
O09100	B2CKC6	Gata2	B2CKC6	True	False	False	False	False	False	B
O09100	O08543	Gata2	Efna5	True	False	False	False	False	False	B
O09100	Q01279	Gata2	Egfr	True	False	False	False	False	False	B
O09100	A0A0R4J0H9	Gata2	A0A0R4J0H9	True	False	False	False	False	False	B
O09100	O70273	Gata2	Ehf	True	False	False	False	False	False	B
O09100	Q91WK2	Gata2	Eif3h	True	False	False	False	False	False	B
O09100	Q3UZV7	Gata2	Elapor2	True	False	False	False	False	False	B
O09100	Q60775	Gata2	Elf1	True	False	False	False	False	False	C
O09100	Q8BPU7	Gata2	Elmo1	True	False	False	False	False	False	A
O09100	Q05BC3	Gata2	Eml1	True	False	False	False	False	False	C
O09100	O70318	Gata2	Epb41l2	True	False	False	False	False	False	B
O09100	Q80TA9	Gata2	Epg5	True	False	False	False	False	False	C
O09100	Q08509	Gata2	Eps8	True	False	False	False	False	False	B
O09100	Q61527	Gata2	Erbb4	True	False	False	False	False	False	B
O09100	Q6PH08	Gata2	Erc2	True	False	False	False	False	False	B
O09100	P41164	Gata2	Etv1	True	False	False	False	False	False	C
O09100	P97360	Gata2	Etv6	True	False	False	False	False	False	B
O09100	P70429	Gata2	Evl	True	False	False	False	False	False	B
O09100	O35382	Gata2	Exoc4	True	False	False	False	False	False	B
O09100	Q3U9D6	Gata2	Q3U9D6	True	False	False	False	False	False	B
O09100	P97464	Gata2	Ext1	True	False	False	False	False	False	B
O09100	P70428	Gata2	Ext2	True	False	False	False	False	False	C
O09100	P54731	Gata2	Faf1	True	False	False	False	False	False	B
O09100	Q8VE88	Gata2	Fam114a2	True	False	False	False	False	False	C
O09100	Q8BGI4	Gata2	Fam13a	True	False	False	False	False	False	B
O09100	Q6NSV7	Gata2	Fam149b1	True	False	False	False	False	False	C
O09100	A2ATK9	Gata2	A2ATK9	True	False	False	False	False	False	B
O09100	E9QMA2	Gata2	E9QMA2	True	False	False	False	False	False	B
O09100	Q9QZN1	Gata2	Fbxl17	True	False	False	False	False	False	B
O09100	Q5SRY7	Gata2	Fbxw11	True	False	False	False	False	False	B
O09100	P53798	Gata2	Fdft1	True	False	False	False	False	False	C
O09100	Q7TMA4	Gata2	Ffar4	True	False	False	False	False	False	C
O09100	A2AJL3	Gata2	Fggy	True	False	False	False	False	False	B
O09100	O89106	Gata2	Fhit	True	False	False	False	False	False	B
O09100	O70433	Gata2	Fhl2	True	False	False	False	False	False	C
O09100	Q76LL6	Gata2	Fhod3	True	False	False	False	False	False	B
O09100	Q8BPY9	Gata2	Fignl1	True	False	False	False	False	False	C
O09100	E0CYH7	Gata2	E0CYH7	True	False	False	False	False	False	B
O09100	Q80X90	Gata2	Flnb	True	False	False	False	False	False	B
O09100	A0A0R4J0A4	Gata2	A0A0R4J0A4	True	False	False	False	False	False	B
O09100	A0A0R4J0H8	Gata2	A0A0R4J0H8	True	False	False	False	False	False	B
O09100	D3YUC5	Gata2	D3YUC5	True	False	False	False	False	False	B
O09100	A2AKG8	Gata2	Focad	True	False	False	False	False	False	B
O09100	Q8BUR3	Gata2	Foxj3	True	False	False	False	False	False	B
O09100	Q499D0	Gata2	Foxn3	True	False	False	False	False	False	B
O09100	H3BJ24	Gata2	H3BJ24	True	False	False	False	False	False	B
O09100	Q8BHD4	Gata2	Frmd3	True	False	False	False	False	False	B
O09100	Q920B0	Gata2	Frmd4b	True	False	False	False	False	False	B
O09100	Q6P5H6	Gata2	Frmd5	True	False	False	False	False	False	C
O09100	F8VQ05	Gata2	F8VQ05	True	False	False	False	False	False	B
O09100	Q5STE3	Gata2	Fstl4	True	False	False	False	False	False	C
O09100	Q8BFR2	Gata2	Fstl5	True	False	False	False	False	False	B
O09100	Q8BGW1	Gata2	Fto	True	False	False	False	False	False	B
O09100	P39688	Gata2	Fyn	True	False	False	False	False	False	B
O09100	A0A1B0GS41	Gata2	A0A1B0GS41	True	False	False	False	False	False	C
O09100	Q80T41	Gata2	Gabbr2	True	False	False	False	False	False	B
O09100	A0A8Q0QWL6	Gata2	A0A8Q0QWL6	True	False	False	False	False	False	C
O09100	Q6P9S7	Gata2	Galnt10	True	False	False	False	False	False	B
O09100	Q6PB93	Gata2	Galnt2	True	False	False	False	False	False	B
O09100	Q6PAR5	Gata2	Gapvd1	True	False	False	False	False	False	C
O09100	Q3UPI1	Gata2	Gask1b	True	False	False	False	False	False	C
O09100	Q6T5E4	Gata2	Q6T5E4	True	False	False	False	False	False	C
O09100	Q61602	Gata2	Gli3	True	False	False	False	False	False	B
O09100	E0CX93	Gata2	E0CX93	True	False	False	False	False	False	B
O09100	Q8K0C9	Gata2	Gmds	True	False	False	False	False	False	B
O09100	P27600	Gata2	Gna12	True	False	False	False	False	False	C
O09100	P21279	Gata2	Gnaq	True	False	False	False	False	False	B
O09100	Q7TQC7	Gata2	Gpatch2	True	False	False	False	False	False	B
O09100	Q80ZU9	Gata2	Gpr137	True	False	False	False	False	False	C
O09100	Q8CI52	Gata2	Gramd1c	True	False	False	False	False	False	C
O09100	Q60760	Gata2	Grb10	True	False	False	False	False	False	B
O09100	Q9JLM9	Gata2	Grb14	True	False	False	False	False	False	C
O09100	P39087	Gata2	Grik2	True	False	False	False	False	False	B
O09100	G5E8D5	Gata2	G5E8D5	True	False	False	False	False	False	B
O09100	D3YZK8	Gata2	D3YZK8	True	False	False	False	False	False	C
O09100	Q3U3C9	Gata2	Gse1	True	False	False	False	False	False	B
O09100	P47791	Gata2	Gsr	True	False	False	False	False	False	C
O09100	Q8BW56	Gata2	Gtdc1	True	False	False	False	False	False	B
O09100	Q8K2A1	Gata2	Gulp1	True	False	True	True	False	True	A
O09100	Q6NZM9	Gata2	Hdac4	True	False	False	False	False	False	B
O09100	A0A1B0GSQ5	Gata2	A0A1B0GSQ5	True	False	False	False	False	False	B
O09100	E9PZP8	Gata2	E9PZP8	True	False	False	False	False	False	B
O09100	Q8BMT9	Gata2	Hhat	True	False	False	False	False	False	C
O09100	P70349	Gata2	Hint1	True	False	False	False	False	False	C
O09100	A0A1Y7VJI1	Gata2	A0A1Y7VJI1	True	False	False	False	False	False	B
O09100	Q3UHF7	Gata2	Hivep2	True	False	False	False	False	False	B
O09100	A2A884	Gata2	Hivep3	True	False	False	False	False	False	B
O09100	Q91W97	Gata2	Hkdc1	True	False	False	False	False	False	C
O09100	D3YXG0	Gata2	Hmcn1	True	False	False	False	False	False	B
O09100	D3Z3N4	Gata2	D3Z3N4	True	False	False	False	False	False	C
O09100	Q8R081	Gata2	Hnrnpl	True	False	False	False	False	False	C
O09100	Q80UW0	Gata2	Hs6st2	True	False	False	False	False	False	C
O09100	E9Q286	Gata2	Ice1	True	False	False	False	False	False	C
O09100	Q9WVS0	Gata2	Icos	True	False	False	False	False	False	C
O09100	Q08890	Gata2	Ids	True	False	False	False	False	False	C
O09100	E9QNX9	Gata2	E9QNX9	True	False	False	False	False	False	B
O09100	O54824	Gata2	Il16	True	False	False	False	False	False	C
O09100	P13504	Gata2	Il1r1	True	False	False	False	False	False	B
O09100	Q8BPT6	Gata2	Immp2l	True	False	False	False	False	False	B
O09100	Q5DU31	Gata2	Ipcef1	True	False	False	False	False	False	C
O09100	Q3UQ44	Gata2	Iqgap2	True	False	False	False	False	False	B
O09100	Q3V3R4	Gata2	Itga1	True	False	False	False	False	False	C
O09100	A2ARA8	Gata2	Itga8	True	False	False	False	False	False	B
O09100	Q9Z0T9	Gata2	Itgb6	True	False	False	False	False	False	C
O09100	P11881	Gata2	Itpr1	True	False	False	False	False	False	B
O09100	Q9Z329	Gata2	Itpr2	True	False	False	False	False	False	B
O09100	Q9Z0R4	Gata2	Itsn1	True	False	False	False	False	False	B
O09100	Q62315	Gata2	Jarid2	True	False	False	False	False	False	B
O09100	Q69ZK6	Gata2	Jmjd1c	True	False	False	False	False	False	B
O09100	A2CG49	Gata2	Kalrn	True	False	False	False	False	False	B
O09100	A0A5F8MQ39	Gata2	A0A5F8MQ39	True	False	False	False	False	False	B
O09100	Q3UFC0	Gata2	Q3UFC0	True	False	False	False	False	False	C
O09100	O08581	Gata2	Kcnk1	True	False	False	False	False	False	B
O09100	A0A087WQN5	Gata2	A0A087WQN5	True	False	False	False	False	False	B
O09100	Q9CZM9	Gata2	Kcnmb2	True	False	False	False	False	False	B
O09100	A0A1B0GT12	Gata2	A0A1B0GT12	True	False	False	False	False	False	C
O09100	O35173	Gata2	Kcns1	True	False	False	False	False	False	C
O09100	Q8VCD7	Gata2	Kdm4c	True	False	False	False	False	False	B
O09100	B1AY49	Gata2	B1AY49	True	False	False	False	False	False	B
O09100	Q6NZK5	Gata2	Kiaa1328	True	False	False	False	False	False	C
O09100	A0A1B0GR85	Gata2	A0A1B0GR85	True	False	False	False	False	False	C
O09100	F8VQE2	Gata2	F8VQE2	True	False	False	False	False	False	C
O09100	P70188	Gata2	Kifap3	True	False	False	False	False	False	C
O09100	Q8BLM0	Gata2	Klf8	True	False	False	False	False	False	C
O09100	E0CZ16	Gata2	Klhl3	True	False	False	False	False	False	C
O09100	F8WI37	Gata2	F8WI37	True	False	False	False	False	False	C
O09100	A0A087WR91	Gata2	A0A087WR91	True	False	False	False	False	False	C
O09100	Q9Z1M7	Gata2	Large1	True	False	False	False	False	False	B
O09100	Q8BYR2	Gata2	Lats1	True	False	False	False	False	False	C
O09100	O55203	Gata2	Ldb2	True	False	False	False	False	False	B
O09100	Q8BGA2	Gata2	Lhfpl2	True	False	False	False	False	False	B
O09100	Q9JIT0	Gata2	Lmbr1	True	False	False	False	False	False	B
O09100	Q8BFW7	Gata2	Lpp	True	False	False	False	False	False	B
O09100	P62046	Gata2	Lrch1	True	False	False	False	False	False	B
O09100	P70193	Gata2	Lrig1	True	False	False	False	False	False	B
O09100	A0A0N4SVC8	Gata2	A0A0N4SVC8	True	False	False	False	False	False	B
O09100	G5E8R5	Gata2	G5E8R5	True	False	False	False	False	False	C
O09100	Q0P5X1	Gata2	Lrriq1	True	False	False	False	False	False	C
O09100	Q3TYE5	Gata2	Q3TYE5	True	False	False	False	False	False	B
O09100	A0A3Q4EGK3	Gata2	A0A3Q4EGK3	True	False	False	False	False	False	B
O09100	Q8BGY3	Gata2	Luzp2	True	False	False	False	False	False	B
O09100	Q9WTX8	Gata2	Mad1l1	True	False	False	False	False	False	B
O09100	Q6RHR9	Gata2	Magi1	True	False	False	False	False	False	B
O09100	D4QGC2	Gata2	D4QGC2	True	False	False	False	False	False	B
O09100	P70236	Gata2	Map2k6	True	False	False	False	False	False	C
O09100	A0A0A6YVZ8	Gata2	A0A0A6YVZ8	True	False	False	False	False	False	B
O09100	Q8BPM2	Gata2	Map4k5	True	False	False	False	False	False	C
O09100	Q8BKH7	Gata2	Mapkap1	True	False	False	False	False	False	B
O09100	F8WJC4	Gata2	F8WJC4	True	False	False	False	False	False	B
O09100	Q811L6	Gata2	Mast4	True	False	False	False	False	False	B
O09100	Q99LB6	Gata2	Mat2b	True	False	False	False	False	False	C
O09100	Q99LQ1	Gata2	Mbip	True	False	False	False	False	False	C
O09100	A0A0A6YVV8	Gata2	A0A0A6YVV8	True	False	False	False	False	False	B
O09100	Q8CHK3	Gata2	Mboat7	True	False	False	False	False	False	C
O09100	E9PWI3	Gata2	E9PWI3	True	False	False	False	False	False	B
O09100	Q8K5B2	Gata2	Mcfd2	True	False	False	False	False	False	C
O09100	A0A0G2JEM8	Gata2	A0A0G2JEM8	True	False	False	False	False	False	B
O09100	D3YVY2	Gata2	D3YVY2	True	False	False	False	False	False	B
O09100	Q9DCL4	Gata2	Mettl15	True	False	False	False	False	False	C
O09100	Q812G0	Gata2	Mgat4a	True	False	False	False	False	False	C
O09100	O70583	Gata2	Mid1	True	False	False	False	False	False	B
O09100	Q08874	Gata2	Mitf	True	False	False	False	False	False	B
O09100	O89050	Gata2	Mkln1	True	False	False	False	False	False	C
O09100	A2AM29	Gata2	Mllt3	True	False	False	False	False	False	B
O09100	B2RQR2	Gata2	B2RQR2	True	False	False	False	False	False	C
O09100	Q6P7F1	Gata2	Mpp4	True	False	False	False	False	False	C
O09100	Q8BK72	Gata2	Mrps27	True	False	False	False	False	False	B
O09100	Q920Q6	Gata2	Msi2	True	False	False	False	False	False	B
O09100	P26041	Gata2	Msn	True	False	False	False	False	False	C
O09100	Q3V3R1	Gata2	Mthfd1l	True	False	False	False	False	False	B
O09100	G3X9H7	Gata2	G3X9H7	True	False	False	False	False	False	B
O09100	P50540	Gata2	Mxi1	True	False	False	False	False	False	C
O09100	Q7TPH6	Gata2	Mycbp2	True	False	False	False	False	False	B
O09100	Q6PDN3	Gata2	Mylk	True	False	False	False	False	False	B
O09100	D3YV80	Gata2	D3YV80	True	False	False	False	False	False	B
O09100	Q8K3I4	Gata2	Myrip	True	False	False	False	False	False	B
O09100	A0A0N4SUJ3	Gata2	A0A0N4SUJ3	True	False	False	False	False	False	B
O09100	V9GXT3	Gata2	V9GXT3	True	False	False	False	False	False	B
O09100	A0A668KM70	Gata2	A0A668KM70	True	False	False	False	False	False	B
O09100	E9Q411	Gata2	E9Q411	True	False	False	False	False	False	B
O09100	P70365	Gata2	Ncoa1	True	False	False	False	False	False	B
O09100	A0A286YDV4	Gata2	A0A286YDV4	True	False	False	False	False	False	B
O09100	A0A0R4J212	Gata2	A0A0R4J212	True	False	False	False	False	False	B
O09100	Q9ES74	Gata2	Nek7	True	False	False	False	False	False	B
O09100	P97798	Gata2	Neo1	True	False	False	False	False	False	B
O09100	A0A087WPX3	Gata2	A0A087WPX3	True	False	False	False	False	False	B
O09100	Q60591	Gata2	Nfatc2	True	False	False	False	False	False	B
O09100	Q02780	Gata2	Nfia	True	False	False	False	False	False	B
O09100	P25799	Gata2	Nfkb1	True	False	False	False	False	False	B
O09100	B1AXH1	Gata2	Nhsl2	True	False	False	False	False	False	C
O09100	Q3UW53	Gata2	Niban1	True	False	False	False	False	False	B
O09100	Q99K10	Gata2	Nlgn1	True	False	False	False	False	False	B
O09100	Q9QXL8	Gata2	Nme7	True	False	False	False	False	False	B
O09100	Q9Z0Y9	Gata2	Nr1h3	True	False	False	False	False	False	C
O09100	A3KN90	Gata2	A3KN90	True	False	False	False	False	False	B
O09100	A0A0A6YWQ4	Gata2	A0A0A6YWQ4	True	False	False	False	False	False	C
O09100	Q810U4	Gata2	Nrcam	True	False	False	False	False	False	B
O09100	Q80XC6	Gata2	Nrde2	True	False	False	False	False	False	C
O09100	O35181	Gata2	Nrg3	True	False	False	False	False	False	B
O09100	O35242	Gata2	Nsmaf	True	False	False	False	False	False	B
O09100	P81117	Gata2	Nucb2	True	False	False	False	False	False	C
O09100	Q9JI46	Gata2	Nudt3	True	False	False	False	False	False	C
O09100	G3X8V5	Gata2	G3X8V5	True	False	False	False	False	False	C
O09100	S4R1M9	Gata2	Osbpl10	True	False	False	False	False	False	B
O09100	A0A0N4SV33	Gata2	A0A0N4SV33	True	False	False	False	False	False	B
O09100	A0A0R4J150	Gata2	A0A0R4J150	True	False	False	False	False	False	B
O09100	E9PXZ2	Gata2	E9PXZ2	True	False	False	False	False	False	B
O09100	A0A0R4J289	Gata2	A0A0R4J289	True	False	False	False	False	False	C
O09100	Q8CG71	Gata2	P3h2	True	False	False	False	False	False	B
O09100	Q9DAK2	Gata2	Pacrg	True	False	False	False	False	False	B
O09100	Q9WVE8	Gata2	Pacsin2	True	False	False	False	False	False	B
O09100	Q3U1F9	Gata2	Pag1	True	False	False	False	False	False	B
O09100	G3XA13	Gata2	G3XA13	True	False	False	False	False	False	B
O09100	Q9CSB4	Gata2	Pard3b	True	False	False	False	False	False	B
O09100	P41778	Gata2	Pbx1	True	False	False	False	False	False	B
O09100	A0A0A6YXB5	Gata2	A0A0A6YXB5	True	False	False	False	False	False	B
O09100	Q9QYX7	Gata2	Pclo	True	False	False	False	False	False	B
O09100	Q9QYC1	Gata2	Pcnx1	True	False	False	False	False	False	B
O09100	Q5DU28	Gata2	Pcnx2	True	False	False	False	False	False	B
O09100	Q8VBU5	Gata2	Q8VBU5	True	False	False	False	False	False	B
O09100	Q01063	Gata2	Pde4d	True	False	False	False	False	False	B
O09100	Q8CI51	Gata2	Pdlim5	True	False	False	False	False	False	B
O09100	Q69ZS0	Gata2	Pdzrn3	True	False	False	False	False	False	B
O09100	P97865	Gata2	Pex7	True	False	False	False	False	False	C
O09100	Q9CQF7	Gata2	Q9CQF7	True	False	False	False	False	False	C
O09100	Q3UUQ7	Gata2	Pgap1	True	False	False	False	False	False	C
O09100	Q2M3X8	Gata2	Phactr1	True	False	False	False	False	False	B
O09100	B1AVP0	Gata2	B1AVP0	True	False	False	False	False	False	B
O09100	Q8K1N2	Gata2	Phldb2	True	False	False	False	False	False	B
O09100	Q8CHE4	Gata2	Phlpp1	True	False	False	False	False	False	B
O09100	Q8BTI9	Gata2	Pik3cb	True	False	False	False	False	False	C
O09100	P26450	Gata2	Pik3r1	True	False	False	False	False	False	B
O09100	O70172	Gata2	Pip4k2a	True	False	False	False	False	False	B
O09100	D3Z0X7	Gata2	D3Z0X7	True	False	False	False	False	False	C
O09100	Q3TZU5	Gata2	Q3TZU5	True	False	False	False	False	False	C
O09100	Q8BG99	Gata2	Pknox2	True	False	False	False	False	False	C
O09100	Q9Z1B3	Gata2	Plcb1	True	False	False	False	False	False	B
O09100	Q91UZ1	Gata2	Q91UZ1	True	False	False	False	False	False	B
O09100	D3Z2V2	Gata2	D3Z2V2	True	False	False	False	False	False	B
O09100	E9Q6H8	Gata2	E9Q6H8	True	False	False	False	False	False	C
O09100	P70207	Gata2	Plxna2	True	False	False	False	False	False	B
O09100	Q8K1N1	Gata2	Pnpla8	True	False	True	True	False	True	A
O09100	Q91VM9	Gata2	Ppa2	True	False	False	False	False	False	C
O09100	B8QI34	Gata2	B8QI34	True	False	False	False	False	False	B
O09100	A0A140LIN3	Gata2	A0A140LIN3	True	False	False	False	False	False	B
O09100	Q3UYC0	Gata2	Ppm1h	True	False	False	False	False	False	B
O09100	Q8BHN0	Gata2	Ppm1l	True	False	False	False	False	False	C
O09100	Q99MR9	Gata2	Ppp1r3a	True	False	False	False	False	False	C
O09100	P63328	Gata2	Ppp3ca	True	False	False	False	False	False	B
O09100	A0A286YD27	Gata2	A0A286YD27	True	False	False	False	False	False	C
O09100	Q91WG5	Gata2	Prkag2	True	False	False	False	False	False	B
O09100	P31324	Gata2	Prkar2b	True	False	False	False	False	False	B
O09100	P16054	Gata2	Prkce	True	False	False	False	False	False	B
O09100	P23298	Gata2	Prkch	True	False	False	False	False	False	B
O09100	Q02111	Gata2	Prkcq	True	False	False	False	False	False	C
O09100	Q62101	Gata2	Prkd1	True	False	False	False	False	False	B
O09100	Q52KR3	Gata2	Prune2	True	False	False	False	False	False	B
O09100	P49769	Gata2	Psen1	True	False	False	False	False	False	C
O09100	P34152	Gata2	Ptk2	True	False	False	False	False	False	B
O09100	Q9QVP9	Gata2	Ptk2b	True	False	False	False	False	False	B
O09100	Q8BUM3	Gata2	Ptpn7	True	False	False	False	False	False	C
O09100	Q923S9	Gata2	Rab30	True	False	False	False	False	False	C
O09100	Q91WG2	Gata2	Rabep2	True	False	False	False	False	False	C
O09100	A6H6A9	Gata2	Rabgap1l	True	False	False	False	False	False	C
O09100	O35719	Gata2	Rad51b	True	False	False	False	False	False	B
O09100	A0A0A0MQD7	Gata2	A0A0A0MQD7	True	False	False	False	False	False	B
O09100	Q9EQZ6	Gata2	Rapgef4	True	False	False	False	False	False	B
O09100	E9PW37	Gata2	E9PW37	True	False	False	False	False	False	B
O09100	Q91W59	Gata2	Rbms1	True	False	False	False	False	False	B
O09100	Q8BWL5	Gata2	Rbms3	True	False	False	False	False	False	B
O09100	Q9WVB0	Gata2	Rbpms	True	False	False	False	False	False	B
O09100	Q60841	Gata2	Reln	True	False	False	False	False	False	B
O09100	Q80TZ9	Gata2	Rere	True	False	False	False	False	False	B
O09100	P48381	Gata2	Rfx3	True	False	False	False	False	False	B
O09100	Q9DAK3	Gata2	Rhobtb1	True	False	False	False	False	False	C
O09100	F6VBV0	Gata2	F6VBV0	True	False	False	False	False	False	B
O09100	P70425	Gata2	Rit2	True	False	False	False	False	False	B
O09100	Q5UCA9	Gata2	Q5UCA9	True	False	False	False	False	False	C
O09100	Q5DTZ6	Gata2	Rnf150	True	False	False	False	False	False	B
O09100	G5E843	Gata2	G5E843	True	False	False	False	False	False	B
O09100	P62983	Gata2	Rps27a	True	False	False	False	False	False	C
O09100	Q9WUT3	Gata2	Rps6ka2	True	False	False	False	False	False	B
O09100	Q99K70	Gata2	Rragc	True	False	False	False	False	False	C
O09100	Q6P5B0	Gata2	Rrp12	True	False	False	False	False	False	C
O09100	Q8K0T0	Gata2	Rtn1	True	False	False	False	False	False	C
O09100	Q99P72	Gata2	Rtn4	True	False	False	False	False	False	B
O09100	Q8R4Y8	Gata2	Rttn	True	False	False	False	False	False	B
O09100	A0A0R4J0B5	Gata2	A0A0R4J0B5	True	False	False	False	False	False	C
O09100	E9Q401	Gata2	Ryr2	True	False	False	False	False	False	B
O09100	F8VQK5	Gata2	F8VQK5	True	False	False	False	False	False	B
O09100	F8VQ70	Gata2	F8VQ70	True	False	False	False	False	False	B
O09100	Q8K214	Gata2	Scmh1	True	False	False	False	False	False	B
O09100	A0A0J9YTW4	Gata2	A0A0J9YTW4	True	False	False	False	False	False	C
O09100	Q62205	Gata2	Scn9a	True	False	False	False	False	False	C
O09100	A8Y5H7	Gata2	Sec14l1	True	False	False	False	False	False	B
O09100	Q6NXL1	Gata2	Q6NXL1	True	False	False	False	False	False	C
O09100	Q8BU14	Gata2	Sec62	True	False	False	False	False	False	C
O09100	Q62181	Gata2	Sema3c	True	False	False	False	False	False	B
O09100	Q8BH34	Gata2	Sema3d	True	False	False	False	False	False	C
O09100	O09126	Gata2	Sema4d	True	False	False	False	False	False	C
O09100	O35464	Gata2	Sema6a	True	False	False	False	False	False	B
O09100	Q07235	Gata2	Serpine2	True	False	False	False	False	False	C
O09100	Q9WVC6	Gata2	Sgk1	True	False	True	True	False	True	A
O09100	Q8VCQ6	Gata2	Sgms1	True	False	False	False	False	False	B
O09100	O89032	Gata2	Sh3pxd2a	True	False	False	False	False	False	C
O09100	A0A1B0GSY0	Gata2	A0A1B0GSY0	True	False	False	False	False	False	B
O09100	Q8BZT2	Gata2	Sh3rf2	True	False	False	False	False	False	C
O09100	D3Z5K8	Gata2	D3Z5K8	True	False	False	False	False	False	C
O09100	E9QMY5	Gata2	E9QMY5	True	False	False	False	False	False	B
O09100	Q6P4S6	Gata2	Sik3	True	False	False	False	False	False	B
O09100	Q9EPK6	Gata2	Sil1	True	False	False	False	False	False	B
O09100	Q8C0T5	Gata2	Sipa1l1	True	False	False	False	False	False	B
O09100	Q80TE4	Gata2	Sipa1l2	True	False	False	False	False	False	B
O09100	Q8VHL0	Gata2	Slc14a1	True	False	False	False	False	False	C
O09100	G5E849	Gata2	G5E849	True	False	False	False	False	False	C
O09100	Q3UHH2	Gata2	Slc22a23	True	False	False	False	False	False	B
O09100	Q9R155	Gata2	Slc26a4	True	False	False	False	False	False	C
O09100	Q9JHI9	Gata2	Slc40a1	True	False	False	False	False	False	C
O09100	Q8BYR8	Gata2	Slc41a2	True	False	False	False	False	False	C
O09100	Q9WVB4	Gata2	Slit3	True	False	False	False	False	False	B
O09100	Q9D7Y9	Gata2	Slx4ip	True	False	False	False	False	False	B
O09100	Q8BUN5	Gata2	Smad3	True	False	False	False	False	False	B
O09100	Q6P5D8	Gata2	Smchd1	True	False	False	False	False	False	C
O09100	Q9CWR2	Gata2	Smyd3	True	False	False	False	False	False	B
O09100	Q02085	Gata2	Snai1	True	False	False	False	False	False	C
O09100	Q78PY7	Gata2	Snd1	True	False	False	False	False	False	B
O09100	E9Q1K0	Gata2	E9Q1K0	True	False	False	False	False	False	B
O09100	Q9JLY0	Gata2	Socs6	True	False	False	False	False	False	C
O09100	Q6NZL0	Gata2	Mtcl3	True	False	False	False	False	False	C
O09100	A0A5F8MPJ2	Gata2	A0A5F8MPJ2	True	False	False	False	False	False	B
O09100	P40645	Gata2	Sox6	True	False	False	False	False	False	B
O09100	Q04887	Gata2	Sox9	True	False	False	False	False	False	B
O09100	Q91WJ7	Gata2	Spats2l	True	False	False	False	False	False	B
O09100	A0A0R4J0J8	Gata2	A0A0R4J0J8	True	False	False	False	False	False	B
O09100	Q8BGX7	Gata2	Spidr	True	False	False	False	False	False	C
O09100	Q52KF3	Gata2	Spire1	True	False	False	False	False	False	B
O09100	Q8BKQ3	Gata2	Q8BKQ3	True	False	False	False	False	False	B
O09100	Q3UGX2	Gata2	Q3UGX2	True	False	False	False	False	False	C
O09100	Q9CYZ8	Gata2	Ssbp2	True	False	False	False	False	False	B
O09100	Q9D032	Gata2	Ssbp3	True	False	False	False	False	False	B
O09100	Q64685	Gata2	St6gal1	True	False	False	False	False	False	B
O09100	Q99M96	Gata2	St7	True	False	False	False	False	False	B
O09100	A0A0J9YTR8	Gata2	A0A0J9YTR8	True	False	False	False	False	False	B
O09100	P70302	Gata2	Stim1	True	False	False	False	False	False	B
O09100	Q8QZV4	Gata2	Stk32c	True	False	False	False	False	False	C
O09100	Q9Z1W9	Gata2	Stk39	True	False	False	False	False	False	B
O09100	Q8BZ60	Gata2	Ston2	True	False	False	False	False	False	C
O09100	D3Z079	Gata2	D3Z079	True	False	False	False	False	False	B
O09100	B8JJ84	Gata2	B8JJ84	True	False	False	False	False	False	B
O09100	Q8K4L3	Gata2	Svil	True	False	False	False	False	False	B
O09100	Q6ZWQ0	Gata2	Syne2	True	False	False	False	False	False	C
O09100	V9GX40	Gata2	V9GX40	True	False	False	False	False	False	C
O09100	P46096	Gata2	Syt1	True	False	False	False	False	False	B
O09100	E9Q8T1	Gata2	E9Q8T1	True	False	False	False	False	False	B
O09100	Q0VGY8	Gata2	Tanc1	True	False	False	False	False	False	B
O09100	A2A690	Gata2	Tanc2	True	False	False	False	False	False	C
O09100	Q8BYC6	Gata2	Taok3	True	False	False	False	False	False	B
O09100	Q8R1G1	Gata2	Tasp1	True	False	False	False	False	False	C
O09100	Q8R5A6	Gata2	Tbc1d22a	True	False	False	False	False	False	C
O09100	Q80XQ2	Gata2	Tbc1d5	True	False	False	False	False	False	B
O09100	Q8BHJ5	Gata2	Tbl1xr1	True	False	False	False	False	False	B
O09100	Q61286	Gata2	Tcf12	True	False	False	False	False	False	B
O09100	A0A0J9YTU7	Gata2	A0A0J9YTU7	True	False	False	False	False	False	B
O09100	Q3UHK6	Gata2	Tenm4	True	False	False	False	False	False	B
O09100	P27090	Gata2	Tgfb2	True	False	True	True	False	True	A
O09100	A0A0R4J097	Gata2	A0A0R4J097	True	False	False	False	False	False	B
O09100	A8C756	Gata2	Thada	True	False	False	False	False	False	B
O09100	E9PWD2	Gata2	E9PWD2	True	False	False	False	False	False	B
O09100	G3UWG2	Gata2	G3UWG2	True	False	False	False	False	False	B
O09100	Q6ZPF3	Gata2	Tiam2	True	False	False	False	False	False	B
O09100	Q8C0V0	Gata2	Tlk1	True	False	False	False	False	False	B
O09100	A0A1L1SQ51	Gata2	A0A1L1SQ51	True	False	False	False	False	False	B
O09100	G3X8Y8	Gata2	G3X8Y8	True	False	False	False	False	False	C
O09100	D3Z0A5	Gata2	D3Z0A5	True	False	False	False	False	False	C
O09100	Q9D9D5	Gata2	Tmco5a	True	False	False	False	False	False	C
O09100	Q8BGY5	Gata2	Tmem140	True	False	False	False	False	False	C
O09100	Q7TQI0	Gata2	Tmem204	True	False	False	False	False	False	B
O09100	Q8BKU8	Gata2	Tmem87b	True	False	False	False	False	False	C
O09100	Q8C581	Gata2	Tmem91	True	False	False	False	False	False	C
O09100	Q9DBI0	Gata2	Tmprss6	True	False	False	False	False	False	C
O09100	Q56A06	Gata2	Tmtc2	True	False	False	False	False	False	B
O09100	D3YWJ5	Gata2	D3YWJ5	True	False	False	False	False	False	B
O09100	P50592	Gata2	Tnfsf10	True	False	False	False	False	False	C
O09100	P43488	Gata2	Tnfsf4	True	False	False	False	False	False	C
O09100	Q8BKI2	Gata2	Tnrc6b	True	False	False	False	False	False	B
O09100	Q5SSZ5	Gata2	Tns3	True	False	False	False	False	False	B
O09100	Q8BZ33	Gata2	Tns4	True	False	False	False	False	False	C
O09100	D3Z2U2	Gata2	D3Z2U2	True	False	False	False	False	False	B
O09100	Q6IRU2	Gata2	Tpm4	True	False	False	False	False	False	C
O09100	Q8CB49	Gata2	Tprg1	True	False	False	False	False	False	B
O09100	Q3U0M1	Gata2	Trappc9	True	False	False	False	False	False	B
O09100	Q0KL02	Gata2	Trio	True	False	False	False	False	False	B
O09100	B2B9E1	Gata2	Triqk	True	False	False	False	False	False	C
O09100	G3UW90	Gata2	G3UW90	True	False	False	False	False	False	B
O09100	Q9JIE6	Gata2	Tslp	True	False	False	False	False	False	C
O09100	Q9QZE7	Gata2	Tsnax	True	False	False	False	False	False	C
O09100	A2ASS6	Gata2	Ttn	True	False	False	False	False	False	C
O09100	Q8VCK3	Gata2	Tubg2	True	False	False	False	False	False	C
O09100	A0A7N9VR83	Gata2	A0A7N9VR83	True	False	False	False	False	False	B
O09100	H7BX21	Gata2	H7BX21	True	False	False	False	False	False	C
O09100	P62257	Gata2	Ube2h	True	False	False	False	False	False	B
O09100	Q5U430	Gata2	Ubr3	True	False	False	False	False	False	B
O09100	Q99PM9	Gata2	Uck2	True	False	False	False	False	False	C
O09100	A2RSJ4	Gata2	Bltp3b	True	False	False	False	False	False	C
O09100	O08747	Gata2	Unc5c	True	False	False	False	False	False	B
O09100	Q80XC3	Gata2	Usp6nl	True	False	False	False	False	False	C
O09100	Q8BUB6	Gata2	Ust	True	False	False	False	False	False	B
O09100	A0A0R4J114	Gata2	A0A0R4J114	True	False	False	False	False	False	C
O09100	A0A1W2P8G5	Gata2	A0A1W2P8G5	True	False	False	False	False	False	B
O09100	Q8K245	Gata2	Uvrag	True	False	False	False	False	False	B
O09100	O70480	Gata2	Vamp4	True	False	False	False	False	False	C
O09100	Q9R0C8	Gata2	Vav3	True	False	False	False	False	False	B
O09100	A1A535	Gata2	Veph1	True	False	False	False	False	False	B
O09100	Q5H8C4	Gata2	Vps13a	True	False	False	False	False	False	B
O09100	Q80TY5	Gata2	Vps13b	True	False	False	False	False	False	B
O09100	B1ART2	Gata2	B1ART2	True	False	False	False	False	False	B
O09100	Q0P5W1	Gata2	Vps8	True	False	False	False	False	False	B
O09100	Q6VNB8	Gata2	Wdfy3	True	False	False	False	False	False	B
O09100	Q80XH4	Gata2	Wscd1	True	False	False	False	False	False	C
O09100	Q3U4G3	Gata2	Xxylt1	True	False	False	False	False	False	B
O09100	Q3UQ17	Gata2	Q3UQ17	True	False	False	False	False	False	B
O09100	Q8K0L9	Gata2	Zbtb20	True	False	False	False	False	False	B
O09100	Q9R0G7	Gata2	Zeb2	True	False	False	False	False	False	B
O09100	Q8CCH7	Gata2	Zfpm2	True	False	False	False	False	False	B
O09100	Q6P1E1	Gata2	Zmiz1	True	False	False	False	False	False	B
O09100	A2A484	Gata2	A2A484	True	False	False	False	False	False	B
O09100	G3UVV3	Gata2	G3UVV3	True	False	False	False	False	False	B
O09100	Q56A10	Gata2	Znf608	True	False	False	False	False	False	B
O09100	Q91V17	Gata2	Znrf1	True	False	False	False	False	False	B
O09100	Q8BGZ8	Gata2	Zpld1	True	False	False	False	False	False	B
P23772	B1ASB3	Gata3	B1ASB3	True	False	False	False	False	False	C
P23772	A2A752	Gata3	A2A752	True	False	False	False	False	False	C
P23772	B1AVU6	Gata3	B1AVU6	True	False	False	False	False	False	C
P23772	B1AVU5	Gata3	B1AVU5	True	False	False	False	False	False	C
P23772	O35600	Gata3	Abca4	True	False	False	False	False	False	B
P23772	Q8K448	Gata3	Abca5	True	False	False	False	False	False	C
P23772	Q9R1X5	Gata3	Abcc5	True	False	False	False	False	False	C
P23772	E9Q4K0	Gata3	E9Q4K0	True	False	False	False	False	False	C
P23772	Q5SWU9	Gata3	Acaca	True	False	False	False	False	False	C
P23772	Q9JIX8	Gata3	Acin1	True	False	False	False	False	False	C
P23772	Q61824	Gata3	Adam12	True	False	False	False	False	False	B
P23772	E9PWW5	Gata3	E9PWW5	True	False	False	False	False	False	B
P23772	A0A571BEJ4	Gata3	A0A571BEJ4	True	False	False	False	False	False	B
P23772	A0A0G2JGM8	Gata3	A0A0G2JGM8	True	False	False	False	False	False	B
P23772	B8JJE0	Gata3	B8JJE0	True	False	False	False	False	False	B
P23772	Q80YS6	Gata3	Afap1	True	False	False	False	False	False	B
P23772	B1AVP1	Gata3	B1AVP1	True	False	False	False	False	False	B
P23772	P51827	Gata3	Aff3	True	False	False	False	False	False	B
P23772	Q8BXK8	Gata3	Agap1	True	False	False	False	False	False	B
P23772	Q8CJF9	Gata3	Ago3	True	False	False	False	False	False	C
P23772	P35374	Gata3	Agtr2	True	False	False	False	False	False	C
P23772	A0A494BBD5	Gata3	A0A494BBD5	True	False	False	False	False	False	B
P23772	E9Q9K8	Gata3	E9Q9K8	True	False	False	False	False	False	B
P23772	E9QQ10	Gata3	E9QQ10	True	False	False	False	False	False	C
P23772	Q9DCT1	Gata3	Akr1e2	True	False	False	False	False	False	C
P23772	Q61490	Gata3	Alcam	True	False	False	False	False	False	B
P23772	P97793	Gata3	Alk	True	False	False	False	False	False	B
P23772	Q9JHX6	Gata3	Allc	True	False	False	False	False	False	C
P23772	A0A1Y7VL02	Gata3	A0A1Y7VL02	True	False	False	False	False	False	B
P23772	Q99LW0	Gata3	Ankrd10	True	False	False	False	False	False	C
P23772	Q505D1	Gata3	Ankrd28	True	False	False	False	False	False	B
P23772	B2RXR6	Gata3	Ankrd44	True	False	False	False	False	False	B
P23772	Q6P9J9	Gata3	Ano6	True	False	False	False	False	False	B
P23772	P35585	Gata3	Ap1m1	True	False	False	False	False	False	C
P23772	Q80V94	Gata3	Ap4e1	True	False	False	False	False	False	C
P23772	Q9DBR4	Gata3	Apbb2	True	False	False	False	False	False	C
P23772	P12023	Gata3	App	True	False	False	False	False	False	B
P23772	G3X9K3	Gata3	Arfgef1	True	False	False	False	False	False	C
P23772	Q811M1	Gata3	Arhgap15	True	False	False	False	False	False	B
P23772	Q8C4V1	Gata3	Arhgap24	True	False	False	False	False	False	B
P23772	Q8BYW1	Gata3	Arhgap25	True	False	False	False	False	False	B
P23772	Q6ZQ82	Gata3	Arhgap26	True	False	False	False	False	False	B
P23772	Q811P8	Gata3	Arhgap32	True	False	False	False	False	False	B
P23772	Q91X46	Gata3	Arhgef3	True	False	False	False	False	False	B
P23772	A2BH40	Gata3	Arid1a	True	False	False	False	False	False	C
P23772	A0A338P6U8	Gata3	A0A338P6U8	True	False	False	False	False	False	B
P23772	Q9WTL8	Gata3	Bmal1	True	False	False	False	False	False	C
P23772	Q3TYD4	Gata3	Arsg	True	False	False	False	False	False	B
P23772	Q9QWY8	Gata3	Asap1	True	False	False	False	False	False	B
P23772	Q9CQ31	Gata3	Asb11	True	False	False	False	False	False	C
P23772	Q60765	Gata3	Atf3	True	False	False	False	False	False	C
P23772	Q9QZW0	Gata3	Atp11c	True	False	False	False	False	False	C
P23772	Q9Z1W8	Gata3	Atp12a	True	False	False	False	False	False	C
P23772	P98200	Gata3	Atp8a2	True	False	False	False	False	False	C
P23772	Q6A051	Gata3	Atrnl1	True	False	False	False	False	False	B
P23772	A0A286YDW9	Gata3	A0A286YDW9	True	False	False	False	False	False	B
P23772	A0A7N9VSJ5	Gata3	A0A7N9VSJ5	True	False	False	False	False	False	B
P23772	Q80U56	Gata3	Avl9	True	False	False	False	False	False	C
P23772	Q6L8S8	Gata3	B4galnt3	True	False	False	False	False	False	C
P23772	Q8K3W0	Gata3	Babam2	True	False	False	False	False	False	C
P23772	P97303	Gata3	Bach2	True	False	False	False	False	False	B
P23772	Q80VH0	Gata3	Bank1	True	False	False	False	False	False	B
P23772	O08686	Gata3	Barx2	True	False	False	False	False	False	C
P23772	G3UWZ0	Gata3	G3UWZ0	True	False	False	False	False	False	C
P23772	Q924Y0	Gata3	Bbox1	True	False	False	False	False	False	C
P23772	Q811G0	Gata3	Bbs9	True	False	False	False	False	False	C
P23772	Q9QZK2	Gata3	Bcar3	True	False	False	False	False	False	B
P23772	O08664	Gata3	Bcl7c	True	False	False	False	False	False	C
P23772	Q8CGN4	Gata3	Bcor	True	False	False	False	False	False	B
P23772	A2AMT1	Gata3	Bfsp1	True	False	False	False	False	False	C
P23772	Q91ZE9	Gata3	Bmf	True	False	False	False	False	False	C
P23772	Q8CJ69	Gata3	Bmper	True	False	False	False	False	False	B
P23772	P36898	Gata3	Bmpr1b	True	False	False	False	False	False	B
P23772	Q80X83	Gata3	Q80X83	True	False	False	False	False	False	C
P23772	A0A494BBD0	Gata3	A0A494BBD0	True	False	False	False	False	False	C
P23772	Q5SXJ3	Gata3	Brip1	True	False	False	False	False	False	B
P23772	Q8C726	Gata3	Btbd9	True	False	False	False	False	False	C
P23772	Q91VK1	Gata3	Bzw2	True	False	False	False	False	False	C
P23772	Q8BHR8	Gata3	Cstpp1	True	False	False	False	False	False	C
P23772	Q6IR41	Gata3	C1qtnf6	True	False	False	False	False	False	C
P23772	Q24JP4	Gata3	Q24JP4	True	False	False	False	False	False	C
P23772	O08532	Gata3	Cacna2d1	True	False	False	False	False	False	B
P23772	Q8R5M8	Gata3	Cadm1	True	False	False	False	False	False	B
P23772	Q9D6P8	Gata3	Calml3	True	False	False	False	False	False	C
P23772	Q3U2J5	Gata3	Camkmt	True	False	False	False	False	False	B
P23772	O08529	Gata3	Capn2	True	False	False	False	False	False	B
P23772	P47757	Gata3	Capzb	True	False	False	False	False	False	C
P23772	Q6EDY6	Gata3	Carmil1	True	False	False	False	False	False	C
P23772	P51125	Gata3	Cast	True	False	False	False	False	False	B
P23772	Q3TTA7	Gata3	Cblb	True	False	False	False	False	False	B
P23772	Q32MG2	Gata3	Cby2	True	False	False	False	False	False	C
P23772	Q8R344	Gata3	Ccdc12	True	False	False	False	False	False	B
P23772	Q9D516	Gata3	Yju2b	True	False	False	False	False	False	C
P23772	Q78PG9	Gata3	Ccdc25	True	False	False	False	False	False	C
P23772	Q8C4J0	Gata3	Ccdc60	True	False	False	False	False	False	C
P23772	Q6NS45	Gata3	Ccdc66	True	False	False	False	False	False	C
P23772	Q6VGS5	Gata3	Ccdc88c	True	False	False	False	False	False	B
P23772	Q9D8L5	Gata3	Ccdc91	True	False	False	False	False	False	B
P23772	A0A571BDK9	Gata3	A0A571BDK9	True	False	False	False	False	False	C
P23772	Q8C0C4	Gata3	Ccser1	True	False	False	False	False	False	B
P23772	P60766	Gata3	Cdc42	True	False	False	False	False	False	C
P23772	Q9CQC5	Gata3	Cdc42ep3	True	False	False	False	False	False	B
P23772	E9Q9Q6	Gata3	E9Q9Q6	True	False	False	False	False	False	B
P23772	F8WHU6	Gata3	F8WHU6	True	False	False	False	False	False	C
P23772	Q64261	Gata3	Cdk6	True	False	False	False	False	False	B
P23772	Q91WE6	Gata3	Cdkal1	True	False	False	False	False	False	B
P23772	Q9WTK2	Gata3	Cdyl	True	False	False	False	False	False	B
P23772	Q5FWI3	Gata3	Cemip2	True	False	False	False	False	False	B
P23772	Q9CZ92	Gata3	Cenpp	True	False	False	False	False	False	C
P23772	Q5PR68	Gata3	Cep112	True	False	False	False	False	False	B
P23772	Q8BI22	Gata3	Cep128	True	False	False	False	False	False	B
P23772	Q9CZX2	Gata3	Cep89	True	False	False	False	False	False	C
P23772	Q9D6J1	Gata3	Cers4	True	False	False	False	False	False	C
P23772	P70232	Gata3	Chl1	True	False	False	False	False	False	C
P23772	Q3V2R3	Gata3	Q3V2R3	True	False	False	False	False	False	B
P23772	P49582	Gata3	Chrna7	True	False	False	False	False	False	C
P23772	Q76EC5	Gata3	Chst9	True	False	False	False	False	False	B
P23772	Q8CFC7	Gata3	Clasrp	True	False	False	False	False	False	C
P23772	Q9Z0S3	Gata3	Cldn14	True	False	False	False	False	False	C
P23772	Q80U30	Gata3	Clec16a	True	False	False	False	False	False	B
P23772	Q8C5W0	Gata3	Clmn	True	False	False	False	False	False	B
P23772	Q99JH7	Gata3	Clstn3	True	False	False	False	False	False	C
P23772	B1AWD9	Gata3	B1AWD9	True	False	False	False	False	False	C
P23772	A0A0G2JE70	Gata3	A0A0G2JE70	True	False	False	False	False	False	B
P23772	O88207	Gata3	Col5a1	True	False	False	False	False	False	B
P23772	Q8BLR2	Gata3	Cpne4	True	False	False	False	False	False	B
P23772	O88843	Gata3	Cradd	True	False	False	False	False	False	B
P23772	Q6PG95	Gata3	Cramp1	True	False	False	False	False	False	C
P23772	A0A0N4SV71	Gata3	A0A0N4SV71	True	False	False	False	False	False	B
P23772	P27699	Gata3	Crem	True	False	False	False	False	False	C
P23772	Q9JLL0	Gata3	Crim1	True	False	False	False	False	False	B
P23772	Q921W4	Gata3	Cryzl1	True	False	False	False	False	False	C
P23772	Q8BJQ9	Gata3	Csgalnact1	True	False	False	False	False	False	B
P23772	P26231	Gata3	Ctnna1	True	False	False	False	False	False	B
P23772	Q9CWL8	Gata3	Ctnnbl1	True	False	False	False	False	False	C
P23772	A0A2I3BQV6	Gata3	A0A2I3BQV6	True	False	False	False	False	False	B
P23772	P70698	Gata3	Ctps1	True	False	False	False	False	False	C
P23772	Q8R3V6	Gata3	Cuedc1	True	False	False	False	False	False	B
P23772	Q64441	Gata3	Cyp24a1	True	False	False	False	False	False	B
P23772	Q148B1	Gata3	Q148B1	True	False	False	False	False	False	C
P23772	Q5GLZ0	Gata3	Q5GLZ0	True	False	False	False	False	False	C
P23772	P56655	Gata3	Cyp2c38	True	False	False	False	False	False	C
P23772	Q91X77	Gata3	Cyp2c50	True	False	False	False	False	False	C
P23772	P56654	Gata3	Cyp2c37	True	False	False	False	False	False	C
P23772	Q921M7	Gata3	Cyrib	True	False	False	False	False	False	B
P23772	Q8BPM0	Gata3	Daam1	True	False	False	False	False	False	B
P23772	A2AUX5	Gata3	A2AUX5	True	False	False	False	False	False	B
P23772	R4GML1	Gata3	R4GML1	True	False	False	False	False	False	C
P23772	Q8QZV0	Gata3	Dedd2	True	False	False	False	False	False	C
P23772	Q8K382	Gata3	Dennd1a	True	False	False	False	False	False	B
P23772	B2RQ71	Gata3	B2RQ71	True	False	False	False	False	False	B
P23772	E9QKB1	Gata3	E9QKB1	True	False	False	False	False	False	B
P23772	Q811D0	Gata3	Dlg1	True	False	False	False	False	False	B
P23772	A0A571BEZ4	Gata3	A0A571BEZ4	True	False	False	False	False	False	B
P23772	P11531	Gata3	Dmd	True	False	False	False	False	False	B
P23772	Q9CQ94	Gata3	Dnajc5b	True	False	False	False	False	False	B
P23772	Q8BZN6	Gata3	Dock10	True	False	False	False	False	False	B
P23772	P59764	Gata3	Dock4	True	False	False	False	False	False	B
P23772	B2RY04	Gata3	Dock5	True	False	False	False	False	False	B
P23772	Q8CHR6	Gata3	Dpyd	True	False	False	False	False	False	B
P23772	Q9EQF5	Gata3	Dpys	True	False	False	False	False	False	C
P23772	Q9ERC8	Gata3	Dscam	True	False	False	False	False	False	B
P23772	G3UXH9	Gata3	G3UXH9	True	False	False	False	False	False	B
P23772	Q9ESS0	Gata3	Dusp10	True	False	False	False	False	False	B
P23772	Q99N11	Gata3	Dusp22	True	False	False	False	False	False	C
P23772	O88487	Gata3	Dync1i2	True	False	False	False	False	False	C
P23772	Q61214	Gata3	Dyrk1a	True	False	False	False	False	False	C
P23772	Q4PZA2	Gata3	Ece1	True	False	False	False	False	False	B
P23772	B2CKC6	Gata3	B2CKC6	True	False	False	False	False	False	B
P23772	O08543	Gata3	Efna5	True	False	False	False	False	False	B
P23772	A0A0R4J0H9	Gata3	A0A0R4J0H9	True	False	False	False	False	False	B
P23772	O70273	Gata3	Ehf	True	False	False	False	False	False	B
P23772	Q80Y81	Gata3	Elac2	True	False	False	False	False	False	C
P23772	A2AFS3	Gata3	Elapor1	True	False	False	False	False	False	B
P23772	Q8BPU7	Gata3	Elmo1	True	False	False	False	False	False	B
P23772	Q7TT37	Gata3	Elp1	True	False	False	False	False	False	C
P23772	Q05BC3	Gata3	Eml1	True	False	False	False	False	False	C
P23772	A0A0R4J0H0	Gata3	A0A0R4J0H0	True	False	False	False	False	False	B
P23772	Q8BHR2	Gata3	Enox1	True	False	False	False	False	False	C
P23772	Q9R1E6	Gata3	Enpp2	True	False	False	False	False	False	B
P23772	Q8BTJ4	Gata3	Enpp4	True	False	False	False	False	False	C
P23772	P97481	Gata3	Epas1	True	False	False	False	False	False	B
P23772	P48193	Gata3	Epb41	True	False	False	False	False	False	C
P23772	Q61527	Gata3	Erbb4	True	False	False	False	False	False	B
P23772	Q6PH08	Gata3	Erc2	True	False	False	False	False	False	B
P23772	P62509	Gata3	Esrrg	True	False	False	False	False	False	B
P23772	A2A5C3	Gata3	A2A5C3	True	False	False	False	False	False	C
P23772	P97360	Gata3	Etv6	True	False	False	False	False	False	B
P23772	P70429	Gata3	Evl	True	False	False	False	False	False	B
P23772	O35382	Gata3	Exoc4	True	False	False	False	False	False	B
P23772	A6H5Z3	Gata3	Exoc6b	True	False	False	False	False	False	B
P23772	P97464	Gata3	Ext1	True	False	False	False	False	False	B
P23772	P70428	Gata3	Ext2	True	False	False	False	False	False	C
P23772	O08575	Gata3	Eya2	True	False	False	False	False	False	B
P23772	Q8VE88	Gata3	Fam114a2	True	False	False	False	False	False	C
P23772	Q8BGI4	Gata3	Fam13a	True	False	False	False	False	False	B
P23772	E9QMA2	Gata3	E9QMA2	True	False	False	False	False	False	B
P23772	Q9QZM9	Gata3	Fbxo16	True	False	False	False	False	False	C
P23772	A0A2I3BQX6	Gata3	A0A2I3BQX6	True	False	False	False	False	False	C
P23772	Q5SRY7	Gata3	Fbxw11	True	False	False	False	False	False	B
P23772	P53798	Gata3	Fdft1	True	False	False	False	False	False	C
P23772	Q8CIB5	Gata3	Fermt2	True	False	False	False	False	False	B
P23772	Q91ZT5	Gata3	Fgd4	True	False	False	False	False	False	C
P23772	E9QKY4	Gata3	E9QKY4	True	False	False	False	False	False	B
P23772	P70377	Gata3	Fgf13	True	False	False	False	False	False	C
P23772	A2AJL3	Gata3	Fggy	True	False	False	False	False	False	B
P23772	O70433	Gata3	Fhl2	True	False	False	False	False	False	B
P23772	Q76LL6	Gata3	Fhod3	True	False	False	False	False	False	B
P23772	Q9ERZ6	Gata3	Fign	True	False	False	False	False	False	B
P23772	E0CYH7	Gata3	E0CYH7	True	False	False	False	False	False	B
P23772	Q80X90	Gata3	Flnb	True	False	False	False	False	False	B
P23772	A0A0R4J0A4	Gata3	A0A0R4J0A4	True	False	False	False	False	False	C
P23772	Q9JL04	Gata3	Fmn2	True	False	False	False	False	False	B
P23772	P11276	Gata3	Fn1	True	False	False	False	False	False	A
P23772	D3YUC5	Gata3	D3YUC5	True	False	False	False	False	False	B
P23772	Q8BUR3	Gata3	Foxj3	True	False	False	False	False	False	B
P23772	Q9WVH4	Gata3	Foxo3	True	False	False	False	False	False	B
P23772	Q684R7	Gata3	Frem1	True	False	False	False	False	False	C
P23772	Q922K9	Gata3	Frk	True	False	False	False	False	False	C
P23772	Q8BHD4	Gata3	Frmd3	True	False	False	False	False	False	B
P23772	Q920B0	Gata3	Frmd4b	True	False	False	False	False	False	B
P23772	Q6P5H6	Gata3	Frmd5	True	False	False	False	False	False	C
P23772	E9QJV1	Gata3	E9QJV1	True	False	False	False	False	False	C
P23772	Q9D3V5	Gata3	Fsip1	True	False	False	False	False	False	B
P23772	Q8BGW1	Gata3	Fto	True	False	False	False	False	False	B
P23772	O35601	Gata3	Fyb1	True	False	False	False	False	False	B
P23772	P39688	Gata3	Fyn	True	False	False	False	False	False	B
P23772	Q80T41	Gata3	Gabbr2	True	False	False	False	False	False	B
P23772	Q6PB93	Gata3	Galnt2	True	False	False	False	False	False	C
P23772	Q9CY66	Gata3	Gar1	True	False	False	False	False	False	C
P23772	Q3UFT3	Gata3	Garem1	True	False	False	False	False	False	C
P23772	P11862	Gata3	Gas2	True	False	False	False	False	False	C
P23772	Q08369	Gata3	Gata4	True	False	False	False	False	False	C
P23772	E0CXS6	Gata3	E0CXS6	True	False	False	False	False	False	B
P23772	Q61602	Gata3	Gli3	True	False	False	False	False	False	B
P23772	E0CX93	Gata3	E0CX93	True	False	False	False	False	False	B
P23772	Q8K0C9	Gata3	Gmds	True	False	False	False	False	False	B
P23772	P21279	Gata3	Gnaq	True	False	False	False	False	False	B
P23772	Q99JX3	Gata3	Gorasp2	True	False	False	False	False	False	C
P23772	Q7TQC7	Gata3	Gpatch2	True	False	False	False	False	False	B
P23772	Q8VEJ1	Gata3	Gpn2	True	False	False	False	False	False	C
P23772	Q8BUV8	Gata3	Gpr107	True	False	False	False	False	False	C
P23772	Q8C419	Gata3	Gpr158	True	False	False	False	False	False	C
P23772	Q8VEF1	Gata3	Gramd1a	True	False	False	False	False	False	C
P23772	Q8CI52	Gata3	Gramd1c	True	False	False	False	False	False	C
P23772	Q9D2W5	Gata3	Q9D2W5	True	False	False	False	False	False	B
P23772	Q9JLM9	Gata3	Grb14	True	False	False	False	False	False	C
P23772	Q8K5C0	Gata3	Grhl2	True	False	False	False	False	False	B
P23772	Q3U3C9	Gata3	Gse1	True	False	False	False	False	False	B
P23772	Q8K2A1	Gata3	Gulp1	True	False	False	False	False	False	B
P23772	P62806	Gata3	H4c1; H4c2; H4c3; H4c4; H4c6; H4c8; H4c9; H4c11; H4c12; Hist1h4m; H4c14; H4c16	True	False	False	False	False	False	C
P23772	Q6NZM9	Gata3	Hdac4	True	False	False	False	False	False	B
P23772	A0A1B0GSQ5	Gata3	A0A1B0GSQ5	True	False	False	False	False	False	B
P23772	E9Q357	Gata3	E9Q357	True	False	False	False	False	False	C
P23772	Q6I6G8	Gata3	Hecw2	True	False	False	False	False	False	B
P23772	P70349	Gata3	Hint1	True	False	False	False	False	False	C
P23772	A0A1Y7VJI1	Gata3	A0A1Y7VJI1	True	False	False	False	False	False	B
P23772	Q3UHF7	Gata3	Hivep2	True	False	False	False	False	False	B
P23772	A2A884	Gata3	Hivep3	True	False	False	False	False	False	B
P23772	D3YXG0	Gata3	Hmcn1	True	False	False	False	False	False	B
P23772	P63158	Gata3	Hmgb1	True	False	False	False	False	False	C
P23772	Q8R081	Gata3	Hnrnpl	True	False	False	False	False	False	C
P23772	A2AW40	Gata3	A2AW40	True	False	False	False	False	False	C
P23772	G3UWE8	Gata3	G3UWE8	True	False	False	False	False	False	C
P23772	O89113	Gata3	Ier5	True	False	False	False	False	False	B
P23772	Q61371	Gata3	Ift88	True	False	False	False	False	False	C
P23772	Q9CQI4	Gata3	Iftap	True	False	False	False	False	False	C
P23772	E9QNX9	Gata3	E9QNX9	True	False	False	False	False	False	B
P23772	P13504	Gata3	Il1r1	True	False	False	False	False	False	B
P23772	P25085	Gata3	Il1rn	True	False	False	False	False	False	C
P23772	P01590	Gata3	Il2ra	True	False	False	False	False	False	A
P23772	P16382	Gata3	Il4r	True	False	False	False	False	False	A
P23772	P10168	Gata3	Il7	True	False	False	False	False	False	C
P23772	P15247	Gata3	Il9	True	False	False	False	False	False	C
P23772	Q8BPT6	Gata3	Immp2l	True	False	False	False	False	False	B
P23772	Q80XH2	Gata3	Impg2	True	False	False	False	False	False	C
P23772	Q6ZPV2	Gata3	Ino80	True	False	False	False	False	False	C
P23772	Q8BPW0	Gata3	Iqcj	True	False	False	False	False	False	B
P23772	Q64287	Gata3	Irf4	True	False	False	False	False	False	C
P23772	E9Q604	Gata3	E9Q604	True	False	False	False	False	False	C
P23772	Q3U1U4	Gata3	Q3U1U4	True	False	False	False	False	False	C
P23772	A0A338P795	Gata3	A0A338P795	True	False	False	False	False	False	B
P23772	Q9Z0T9	Gata3	Itgb6	True	False	False	False	False	False	B
P23772	P11881	Gata3	Itpr1	True	False	False	False	False	False	B
P23772	Q9Z329	Gata3	Itpr2	True	False	False	False	False	False	B
P23772	Q9Z0R4	Gata3	Itsn1	True	False	False	False	False	False	C
P23772	Q62315	Gata3	Jarid2	True	False	False	False	False	False	B
P23772	Q5DTX6	Gata3	Jcad	True	False	False	False	False	False	C
P05627	P23772	Jun	Gata3	True	False	False	False	False	False	C
P23772	A2CG49	Gata3	Kalrn	True	False	False	False	False	False	B
P23772	Q9JHD1	Gata3	Kat2b	True	False	False	False	False	False	B
P23772	Q0VB45	Gata3	Q0VB45	True	False	False	False	False	False	C
P23772	O08581	Gata3	Kcnk1	True	False	False	False	False	False	B
P23772	P97438	Gata3	Kcnk2	True	False	False	False	False	False	B
P23772	A0A087WQN5	Gata3	A0A087WQN5	True	False	False	False	False	False	B
P23772	O35173	Gata3	Kcns1	True	False	False	False	False	False	C
P23772	Q8BFX3	Gata3	Kctd3	True	False	False	False	False	False	B
P23772	Q8VCD7	Gata3	Kdm4c	True	False	False	False	False	False	B
P23772	Q3UPC7	Gata3	Q3UPC7	True	False	False	False	False	False	C
P23772	B1AY49	Gata3	B1AY49	True	False	False	False	False	False	B
P23772	Q9QXL2	Gata3	Kif21a	True	False	False	False	False	False	B
P23772	P70188	Gata3	Kifap3	True	False	False	False	False	False	C
P23772	A0A0U1RNY1	Gata3	A0A0U1RNY1	True	False	False	False	False	False	C
P23772	F8WI37	Gata3	F8WI37	True	False	False	False	False	False	C
P23772	Q60960	Gata3	Kpna1	True	False	False	False	False	False	C
P23772	A6BLY7	Gata3	Krt28	True	False	False	False	False	False	C
P23772	A0A087WR91	Gata3	A0A087WR91	True	False	False	False	False	False	C
P23772	F8VQJ3	Gata3	F8VQJ3	True	False	False	False	False	False	B
P23772	Q8BYR2	Gata3	Lats1	True	False	False	False	False	False	C
P23772	O55203	Gata3	Ldb2	True	False	False	False	False	False	C
P23772	Q8BGA2	Gata3	Lhfpl2	True	False	False	False	False	False	B
P23772	Q9ERG0	Gata3	Lima1	True	False	False	False	False	False	B
P23772	Q9Z0M5	Gata3	Lipa	True	False	False	False	False	False	C
P23772	Q9JIT0	Gata3	Lmbr1	True	False	False	False	False	False	B
P23772	Q9D4C1	Gata3	Lmntd1	True	False	False	False	False	False	C
P23772	E0CY33	Gata3	E0CY33	True	False	False	False	False	False	C
P23772	P58022	Gata3	Loxl2	True	False	False	False	False	False	C
P23772	Q8BFW7	Gata3	Lpp	True	False	False	False	False	False	B
P23772	P62046	Gata3	Lrch1	True	False	False	False	False	False	B
P23772	P70193	Gata3	Lrig1	True	False	False	False	False	False	B
P23772	A0A0N4SVC8	Gata3	A0A0N4SVC8	True	False	False	False	False	False	B
P23772	Q0P5X1	Gata3	Lrriq1	True	False	False	False	False	False	C
P23772	Q3TYE5	Gata3	Q3TYE5	True	False	False	False	False	False	B
P23772	A0A3Q4EGK3	Gata3	A0A3Q4EGK3	True	False	False	False	False	False	B
P23772	Q9D7F2	Gata3	Lypd6b	True	False	False	False	False	False	B
P23772	Q9CPX3	Gata3	Lyzl1	True	False	False	False	False	False	B;D
P23772	P54843	Gata3	Maf	True	False	False	False	False	False	A
P23772	Q6RHR9	Gata3	Magi1	True	False	False	False	False	False	B
P23772	A2AJX4	Gata3	Malrd1	True	False	False	False	False	False	B
P23772	F6U238	Gata3	F6U238	True	False	False	False	False	False	B
P23772	D4QGC2	Gata3	D4QGC2	True	False	False	False	False	False	B
P23772	A2AQW0	Gata3	Map3k15	True	False	False	False	False	False	C
P23772	A0A0A6YVZ8	Gata3	A0A0A6YVZ8	True	False	False	False	False	False	B
P23772	Q8BKH7	Gata3	Mapkap1	True	False	False	False	False	False	B
P23772	E9PX79	Gata3	E9PX79	True	False	False	False	False	False	B
P23772	Q811L6	Gata3	Mast4	True	False	False	False	False	False	B
P23772	D3Z742	Gata3	D3Z742	True	False	False	False	False	False	B
P23772	A0A0A6YVV8	Gata3	A0A0A6YVV8	True	False	False	False	False	False	B
P23772	Q8CHX6	Gata3	Mbtps2	True	False	False	False	False	False	C
P23772	Q64326	Gata3	Mc2r	True	False	False	False	False	False	C
P23772	E9PWI3	Gata3	E9PWI3	True	False	False	False	False	False	B
P23772	P23804	Gata3	Mdm2	True	False	False	False	False	False	A
P23772	Q8BMF3	Gata3	Me3	True	False	False	False	False	False	B
P23772	G3UZT5	Gata3	G3UZT5	True	False	False	False	False	False	B
P23772	Q91VH6	Gata3	Memo1	True	False	False	False	False	False	C
P23772	Q8CJ19	Gata3	Mical3	True	False	False	False	False	False	C
P23772	O70583	Gata3	Mid1	True	False	False	False	False	False	B
P23772	A0A1Y7VP67	Gata3	A0A1Y7VP67	True	False	False	False	False	False	B
P23772	Q8VE19	Gata3	Mios	True	False	False	False	False	False	C
P23772	Q08874	Gata3	Mitf	True	False	False	False	False	False	B
P23772	A2AM29	Gata3	Mllt3	True	False	False	False	False	False	B
P23772	Q61391	Gata3	Mme	True	False	False	False	False	False	B
P23772	B2RQR2	Gata3	B2RQR2	True	False	False	False	False	False	B
P23772	Q9CZJ0	Gata3	Mpped2	True	False	False	False	False	False	C
P23772	G3X8R8	Gata3	G3X8R8	True	False	False	False	False	False	C
P23772	Q920Q6	Gata3	Msi2	True	False	False	False	False	False	B
P23772	G3X9H7	Gata3	G3X9H7	True	False	False	False	False	False	B
P23772	A0A0R4J0N9	Gata3	A0A0R4J0N9	True	False	False	False	False	False	B
P23772	Q6PDN3	Gata3	Mylk	True	False	False	False	False	False	B
P23772	D3YV80	Gata3	D3YV80	True	False	False	False	False	False	B
P23772	Q69ZN7	Gata3	Myof	True	False	False	False	False	False	B
P23772	Q9DBU2	Gata3	Naa60	True	False	False	False	False	False	C
P23772	A0A0N4SUJ3	Gata3	A0A0N4SUJ3	True	False	False	False	False	False	B
P23772	Q8BJ48	Gata3	Nagpa	True	False	False	False	False	False	C
P23772	V9GXT3	Gata3	V9GXT3	True	False	False	False	False	False	B
P23772	A0A668KM70	Gata3	A0A668KM70	True	False	False	False	False	False	B
P23772	Q9EPN1	Gata3	Nbea	True	False	False	False	False	False	C
P23772	Q61477	Gata3	Nbl1	True	False	False	False	False	False	C
P23772	Q91X97	Gata3	Ncald	True	False	False	False	False	False	B
P23772	O35136	Gata3	Ncam2	True	False	False	False	False	False	B
P23772	P70365	Gata3	Ncoa1	True	False	False	False	False	False	C
P23772	E9PY55	Gata3	E9PY55	True	False	False	False	False	False	B
P23772	A2AIL4	Gata3	Ndufaf6	True	False	False	False	False	False	B
P23772	A0A286YDV4	Gata3	A0A286YDV4	True	False	False	False	False	False	B
P23772	A0A0R4J212	Gata3	A0A0R4J212	True	False	False	False	False	False	B
P23772	Q9ES74	Gata3	Nek7	True	False	False	False	False	False	B
P23772	Q02780	Gata3	Nfia	True	False	False	False	False	False	B
P23772	Q3UW53	Gata3	Niban1	True	False	False	False	False	False	B
P23772	A0A0A6YWQ4	Gata3	A0A0A6YWQ4	True	False	False	False	False	False	C
P23772	Q8BHG1	Gata3	Nrdc	True	False	False	False	False	False	C
P23772	Q80XC6	Gata3	Nrde2	True	False	False	False	False	False	C
P23772	P54846	Gata3	Nrl	True	False	False	False	False	False	C
P23772	P97333	Gata3	Nrp1	True	False	False	False	False	False	B
P23772	O35375	Gata3	Nrp2	True	False	False	False	False	False	B
P23772	D3Z357	Gata3	D3Z357	True	False	False	False	False	False	C
P23772	P81117	Gata3	Nucb2	True	False	False	False	False	False	C
P23772	Q99P30	Gata3	Nudt7	True	False	False	False	False	False	C
P23772	A2AEG2	Gata3	A2AEG2	True	False	False	False	False	False	C
P23772	P33534	Gata3	Oprk1	True	False	False	False	False	False	C
P23772	Q8VBW9	Gata3	Or10h28	True	False	False	False	False	False	C
P23772	S4R1M9	Gata3	Osbpl10	True	False	False	False	False	False	B
P23772	A0A0N4SV33	Gata3	A0A0N4SV33	True	False	False	False	False	False	B
P23772	E9PXZ2	Gata3	E9PXZ2	True	False	False	False	False	False	B
P23772	Q8R554	Gata3	Otud7a	True	False	False	False	False	False	C
P23772	Q8CG71	Gata3	P3h2	True	False	False	False	False	False	B
P23772	Q8K212	Gata3	Pacs1	True	False	False	False	False	False	B
P23772	Q9WVE8	Gata3	Pacsin2	True	False	False	False	False	False	B
P23772	Q9ET54	Gata3	Palld	True	False	False	False	False	False	B
P23772	P97467	Gata3	Pam	True	False	False	False	False	False	B
P23772	G3XA13	Gata3	G3XA13	True	False	False	False	False	False	B
P23772	Q9CSB4	Gata3	Pard3b	True	False	False	False	False	False	B
P23772	Q9JK83	Gata3	Pard6b	True	False	False	False	False	False	B
Q00288	P23772	Pax8	Gata3	True	False	False	False	False	False	A
P23772	Q6NZQ4	Gata3	Paxip1	True	False	False	False	False	False	C
P23772	P41778	Gata3	Pbx1	True	False	False	False	False	False	B
P23772	A0A0A6YWM0	Gata3	A0A0A6YWM0	True	False	False	False	False	False	B
P23772	Q9QYX7	Gata3	Pclo	True	False	False	False	False	False	C
P23772	Q5DU28	Gata3	Pcnx2	True	False	False	False	False	False	B
P23772	P21661	Gata3	Pcsk2	True	False	False	False	False	False	C
P23772	Q8VBU5	Gata3	Q8VBU5	True	False	False	False	False	False	B
P23772	Q01063	Gata3	Pde4d	True	False	False	False	False	False	B
P23772	Q8CI51	Gata3	Pdlim5	True	False	False	False	False	False	B
P23772	Q69ZS0	Gata3	Pdzrn3	True	False	False	False	False	False	B
P23772	Q2M3X8	Gata3	Phactr1	True	False	False	False	False	False	B
P23772	P70669	Gata3	Phex	True	False	False	False	False	False	C
P23772	Q8K1N2	Gata3	Phldb2	True	False	False	False	False	False	B
P23772	Q9ET66	Gata3	Pi16	True	False	False	False	False	False	C
P23772	Q8BTI9	Gata3	Pik3cb	True	False	False	False	False	False	C
P23772	P26450	Gata3	Pik3r1	True	False	False	False	False	False	B
P23772	O70172	Gata3	Pip4k2a	True	False	False	False	False	False	B
P23772	D3Z0X7	Gata3	D3Z0X7	True	False	False	False	False	False	C
P23772	O70139	Gata3	Pkig	True	False	False	False	False	False	C
P23772	Q8BG99	Gata3	Pknox2	True	False	False	False	False	False	C
P23772	P97819	Gata3	Pla2g6	True	False	False	False	False	False	C
P23772	Q9Z1B3	Gata3	Plcb1	True	False	False	False	False	False	B
P23772	Q91UZ1	Gata3	Q91UZ1	True	False	False	False	False	False	B
P23772	Q3USB7	Gata3	Plcl1	True	False	False	False	False	False	B
P23772	D3Z2V2	Gata3	D3Z2V2	True	False	False	False	False	False	B
P23772	E9Q6H8	Gata3	E9Q6H8	True	False	False	False	False	False	C
P23772	Q9JJ00	Gata3	Plscr1	True	False	False	False	False	False	C
P23772	P70207	Gata3	Plxna2	True	False	False	False	False	False	B
P23772	A2APF4	Gata3	A2APF4	True	False	False	False	False	False	B
P23772	O54956	Gata3	Pole2	True	False	False	False	False	False	C
P23772	Q8VHJ7	Gata3	Ppargc1b	True	False	False	False	False	False	C
P23772	B8QI34	Gata3	B8QI34	True	False	False	False	False	False	C
P23772	A0A140LIN3	Gata3	A0A140LIN3	True	False	False	False	False	False	B
P23772	G3X959	Gata3	G3X959	True	False	False	False	False	False	C
P23772	Q3UYC0	Gata3	Ppm1h	True	False	False	False	False	False	B
P23772	Q9DBR7	Gata3	Ppp1r12a	True	False	False	False	False	False	C
P23772	Q99MR9	Gata3	Ppp1r3a	True	False	False	False	False	False	C
P23772	P63328	Gata3	Ppp3ca	True	False	False	False	False	False	B
P23772	A0A286YD27	Gata3	A0A286YD27	True	False	False	False	False	False	C
P23772	O88531	Gata3	Ppt1	True	False	False	False	False	False	C
P23772	Q69ZK0	Gata3	Prex1	True	False	False	False	False	False	B
P23772	Q80Y24	Gata3	Prickle2	True	False	False	False	False	False	B
P23772	Q91WG5	Gata3	Prkag2	True	False	False	False	False	False	B
P23772	P16054	Gata3	Prkce	True	False	False	False	False	False	B
P23772	P23298	Gata3	Prkch	True	False	False	False	False	False	B
P23772	Q02111	Gata3	Prkcq	True	False	False	False	False	False	B
P23772	Q08501	Gata3	Prlr	True	False	False	False	False	False	B
P23772	A0A0G2JG30	Gata3	A0A0G2JG30	True	False	False	False	False	False	C
P23772	Q6PDF2	Gata3	Q6PDF2	True	False	False	False	False	False	C
P23772	Q91V95	Gata3	Pth2r	True	False	False	False	False	False	C
P23772	P34152	Gata3	Ptk2	True	False	False	False	False	False	B
P23772	Q9QVP9	Gata3	Ptk2b	True	False	False	False	False	False	B
P23772	Q9D0J8	Gata3	Ptms	True	False	False	False	False	False	C
P23772	Q8BUM3	Gata3	Ptpn7	True	False	False	False	False	False	B
P23772	A2A8L5	Gata3	Ptprf	True	False	False	False	False	False	C
P23772	E9Q4S7	Gata3	E9Q4S7	True	False	False	False	False	False	B
P23772	P35822	Gata3	Ptprk	True	False	False	False	False	False	B
P23772	E9Q8L9	Gata3	E9Q8L9	True	False	False	False	False	False	C
P23772	Q923S9	Gata3	Rab30	True	False	False	False	False	False	C
P23772	P54728	Gata3	Rad23b	True	False	False	False	False	False	B
P23772	O35719	Gata3	Rad51b	True	False	False	False	False	False	B
P23772	A0A0A0MQD7	Gata3	A0A0A0MQD7	True	False	False	False	False	False	C
P23772	A2APV5	Gata3	A2APV5	True	False	False	False	False	False	C
P23772	Q91ZZ2	Gata3	Q91ZZ2	True	False	False	False	False	False	B
P23772	Q9EQZ6	Gata3	Rapgef4	True	False	False	False	False	False	B
P23772	P11416	Gata3	Rara	True	False	False	False	False	False	B
P23772	E9PW37	Gata3	E9PW37	True	False	False	False	False	False	C
P23772	A0A1Y7VIT3	Gata3	A0A1Y7VIT3	True	False	False	False	False	False	B
P23772	Q8BP71	Gata3	Rbfox2	True	False	False	False	False	False	B
P23772	Q64700	Gata3	Rbl2	True	False	False	False	False	False	C
P23772	Q91WT8	Gata3	Rbm47	True	False	False	False	False	False	B
P23772	Q8BWL5	Gata3	Rbms3	True	False	False	False	False	False	B
P23772	Q9WVB0	Gata3	Rbpms	True	False	False	False	False	False	B
P23772	Q9JKK0	Gata3	Rcan3	True	False	False	False	False	False	B
P23772	Q9Z0J1	Gata3	Reck	True	False	False	False	False	False	C
P23772	Q80TZ9	Gata3	Rere	True	False	False	False	False	False	B
P23772	Q6A0D4	Gata3	Rftn1	True	False	False	False	False	False	B
P23772	P48381	Gata3	Rfx3	True	False	False	False	False	False	B
P23772	A0A087WNZ9	Gata3	A0A087WNZ9	True	False	False	False	False	False	B
P23772	Q9DAK3	Gata3	Rhobtb1	True	False	False	False	False	False	C
P23772	Q9CTN4	Gata3	Rhobtb3	True	False	False	False	False	False	B
P23772	Q8BSE0	Gata3	Rmdn2	True	False	False	False	False	False	C
P23772	Q8C6G3	Gata3	Q8C6G3	True	False	False	False	False	False	C
P23772	E9QPU5	Gata3	E9QPU5	True	False	False	False	False	False	C
P23772	P61588	Gata3	Rnd3	True	False	False	False	False	False	B
P23772	Q5DTZ6	Gata3	Rnf150	True	False	False	False	False	False	B
P23772	Q8C432	Gata3	Rnf182	True	False	False	False	False	False	C
P23772	G5E843	Gata3	G5E843	True	False	False	False	False	False	B
P23772	Q9CQ71	Gata3	Rpa3	True	False	False	False	False	False	C
P23772	P47708	Gata3	Rph3a	True	False	False	False	False	False	B
P23772	Q99LF4	Gata3	Rtcb	True	False	False	False	False	False	C
P23772	Q99P72	Gata3	Rtn4	True	False	False	False	False	False	B
P23772	P28700	Gata3	Rxra	True	False	False	False	False	False	B
P23772	Q8CBY1	Gata3	Samd4a	True	False	False	False	False	False	B
P23772	F8VQK5	Gata3	F8VQK5	True	False	False	False	False	False	B
P23772	Q8VI24	Gata3	Satb2	True	False	False	False	False	False	C
P23772	F8VQ70	Gata3	F8VQ70	True	False	False	False	False	False	B
P23772	Q91WD9	Gata3	Scgn	True	False	False	False	False	False	C
P23772	A0A0J9YTW4	Gata3	A0A0J9YTW4	True	False	False	False	False	False	C
P23772	Q6NXL1	Gata3	Q6NXL1	True	False	False	False	False	False	C
P23772	Q8BU14	Gata3	Sec62	True	False	False	False	False	False	C
P23772	O08665	Gata3	Sema3a	True	False	False	False	False	False	B
P23772	Q62181	Gata3	Sema3c	True	False	False	False	False	False	B
P23772	P70275	Gata3	Sema3e	True	False	False	False	False	False	C
P23772	O35464	Gata3	Sema6a	True	False	False	False	False	False	B
P23772	Q8BH69	Gata3	Sephs1	True	False	False	False	False	False	C
P23772	A0A2R8VJU7	Gata3	A0A2R8VJU7	True	False	False	False	False	False	C
P23772	Q8R0X7	Gata3	Sgpl1	True	False	False	False	False	False	B
P23772	Q8R550	Gata3	Sh3kbp1	True	False	False	False	False	False	A
P23772	A0A1B0GSY0	Gata3	A0A1B0GSY0	True	False	False	False	False	False	B
P23772	D3Z5K8	Gata3	D3Z5K8	True	False	False	False	False	False	B
P23772	E9QMY5	Gata3	E9QMY5	True	False	False	False	False	False	B
P23772	Q9EPK6	Gata3	Sil1	True	False	False	False	False	False	B
P23772	Q8C0T5	Gata3	Sipa1l1	True	False	False	False	False	False	B
P23772	Q80TE4	Gata3	Sipa1l2	True	False	False	False	False	False	B
P23772	Q6P6P5	Gata3	Q6P6P5	True	False	False	False	False	False	C
P23772	Q924N4	Gata3	Slc12a6	True	False	False	False	False	False	C
P23772	Q8VHL0	Gata3	Slc14a1	True	False	False	False	False	False	C
P23772	Q8BMD8	Gata3	Slc25a24	True	False	False	False	False	False	C
P23772	Q8VE96	Gata3	Slc35f6	True	False	False	False	False	False	C
P23772	Q8K2P7	Gata3	Slc38a1	True	False	False	False	False	False	B
P23772	Q8BYR8	Gata3	Slc41a2	True	False	False	False	False	False	C
P23772	Q6X893	Gata3	Slc44a1	True	False	False	False	False	False	B
P23772	Q9QXW9	Gata3	Slc7a8	True	False	False	False	False	False	C
P23772	A0A3Q4L326	Gata3	A0A3Q4L326	True	False	False	False	False	False	B
P23772	Q9WVB4	Gata3	Slit3	True	False	False	False	False	False	B
P23772	Q8BUN5	Gata3	Smad3	True	False	False	False	False	False	B
P23772	Q6P5D8	Gata3	Smchd1	True	False	False	False	False	False	C
P23772	Q91VT8	Gata3	Smim14	True	False	False	False	False	False	C
P23772	Q9CWR2	Gata3	Smyd3	True	False	False	False	False	False	B
P23772	P97469	Gata3	Snai2	True	False	False	False	False	False	C
P23772	Q78PY7	Gata3	Snd1	True	False	False	False	False	False	B
P23772	Q62241	Gata3	Snrpc	True	False	False	False	False	False	C
P23772	Q9JLY0	Gata3	Socs6	True	False	False	False	False	False	C
P23772	Q6NZL0	Gata3	Mtcl3	True	False	False	False	False	False	C
P23772	P40645	Gata3	Sox6	True	False	False	False	False	False	C
P23772	Q812F3	Gata3	Hyal5	True	False	False	False	False	False	C
P23772	Q91WJ7	Gata3	Spats2l	True	False	False	False	False	False	B
P23772	A0A0R4J0J8	Gata3	A0A0R4J0J8	True	False	False	False	False	False	B
P23772	Q8BGX7	Gata3	Spidr	True	False	False	False	False	False	C
P23772	O35679	Gata3	Spink4	True	False	False	False	False	False	C
P23772	A0A7N9T6T7	Gata3	A0A7N9T6T7	True	False	False	False	False	False	C
P23772	Q8BKQ3	Gata3	Q8BKQ3	True	False	False	False	False	False	B
P23772	Q924S7	Gata3	Spred2	True	False	False	False	False	False	B
P23772	Q9CYZ8	Gata3	Ssbp2	True	False	False	False	False	False	B
P23772	P54751	Gata3	St3gal1	True	False	False	False	False	False	B
P23772	Q64685	Gata3	St6gal1	True	False	False	False	False	False	B
P23772	A0A0J9YTR8	Gata3	A0A0J9YTR8	True	False	False	False	False	False	B
P23772	Q9JI10	Gata3	Stk3	True	False	False	False	False	False	B
P23772	Q9Z1W9	Gata3	Stk39	True	False	False	False	False	False	B
P23772	Q7TNL3	Gata3	Stk40	True	False	False	False	False	False	C
P23772	Q8K2X3	Gata3	Stn1	True	False	False	False	False	False	C
P23772	D3Z079	Gata3	D3Z079	True	False	False	False	False	False	B
P23772	Q8CFG0	Gata3	Sulf2	True	False	False	False	False	False	C
P23772	Q8BGE4	Gata3	Susd6	True	False	False	False	False	False	C
P23772	Q8BHS8	Gata3	Sybu	True	False	False	False	False	False	B
P23772	Q6ZWQ0	Gata3	Syne2	True	False	False	False	False	False	B
P23772	D3YWM9	Gata3	D3YWM9	True	False	False	False	False	False	B
P23772	P46096	Gata3	Syt1	True	False	False	False	False	False	B
P23772	Q9R0N4	Gata3	Syt10	True	False	False	False	False	False	C
P23772	A0A140LHC0	Gata3	A0A140LHC0	True	False	False	False	False	False	B
P23772	F8VQ95	Gata3	F8VQ95	True	False	False	False	False	False	B
P23772	Q0VGY8	Gata3	Tanc1	True	False	False	False	False	False	B
P23772	Q8BYC6	Gata3	Taok3	True	False	False	False	False	False	B
P23772	Q6P8M1	Gata3	Tatdn1	True	False	False	False	False	False	C
P23772	Q60949	Gata3	Tbc1d1	True	False	False	False	False	False	B
P23772	Q8BHJ5	Gata3	Tbl1xr1	True	False	False	False	False	False	B
P23772	Q61286	Gata3	Tcf12	True	False	False	False	False	False	B
P23772	A0A0J9YTU7	Gata3	A0A0J9YTU7	True	False	False	False	False	False	C
P23772	Q9D915	Gata3	Tcim	True	False	False	False	False	False	C
P23772	Q3UHK6	Gata3	Tenm4	True	False	False	False	False	False	B
P23772	Q9JMI7	Gata3	Tex101	True	False	False	False	False	False	C
P23772	Q0VB26	Gata3	Tex26	True	False	False	False	False	False	C
P23772	Q08423	Gata3	Tff1	True	False	False	False	False	False	A
P23772	P27090	Gata3	Tgfb2	True	False	False	False	False	False	B
P23772	P70284	Gata3	Tgif1	True	False	False	False	False	False	C
P23772	A8C756	Gata3	Thada	True	False	False	False	False	False	B
P23772	Q569Z6	Gata3	Thrap3	True	False	False	False	False	False	C
P23772	Q3UTY6	Gata3	Thsd4	True	False	False	False	False	False	B
P23772	Q6P4U0	Gata3	Thsd7b	True	False	False	False	False	False	B
P23772	G3UWG2	Gata3	G3UWG2	True	False	False	False	False	False	B
P23772	Q62440	Gata3	Tle1	True	False	False	False	False	False	B
P23772	Q08122	Gata3	Tle3	True	False	False	False	False	False	B
P23772	Q62441	Gata3	Tle4	True	False	False	False	False	False	B
P23772	Q8C0V0	Gata3	Tlk1	True	False	False	False	False	False	B
P23772	A0A1L1SQ51	Gata3	A0A1L1SQ51	True	False	False	False	False	False	B
P23772	Q69ZZ6	Gata3	Tmcc1	True	False	False	False	False	False	C
P23772	Q91WU4	Gata3	Tmco4	True	False	False	False	False	False	C
P23772	Q9D9D5	Gata3	Tmco5a	True	False	False	False	False	False	C
P23772	Q80X71	Gata3	Tmem106b	True	False	False	False	False	False	C
P23772	Q3TA38	Gata3	Tmem120b	True	False	False	False	False	False	C
P23772	Q99LG1	Gata3	Tmem51	True	False	False	False	False	False	C
P23772	Q9QY73	Gata3	Tmem59	True	False	False	False	False	False	C
P23772	Q56A06	Gata3	Tmtc2	True	False	False	False	False	False	B
P23772	Q9JLL3	Gata3	Tnfrsf19	True	False	False	False	False	False	C
P23772	Q60846	Gata3	Tnfrsf8	True	False	False	False	False	False	C
P23772	Q6PFX9	Gata3	Tnks	True	False	False	False	False	False	C
P23772	Q8BKI2	Gata3	Tnrc6b	True	False	False	False	False	False	C
P23772	Q5SSZ5	Gata3	Tns3	True	False	False	False	False	False	B
P23772	Q4QQM4	Gata3	Trp53i11	True	False	False	False	False	False	C
P23772	D3Z2U2	Gata3	D3Z2U2	True	False	False	False	False	False	B
P23772	Q8CB49	Gata3	Tprg1	True	False	False	False	False	False	B
P23772	Q3U0M1	Gata3	Trappc9	True	False	False	False	False	False	B
P23772	Q5SVT2	Gata3	Q5SVT2	True	False	False	False	False	False	C
P23772	Q6PCX9	Gata3	Trim37	True	False	False	False	False	False	B
P23772	Q0KL02	Gata3	Trio	True	False	False	False	False	False	B
P23772	Q562D6	Gata3	Trmo	True	False	False	False	False	False	C
P23772	G3UW90	Gata3	G3UW90	True	False	False	False	False	False	B
P23772	E9Q7M2	Gata3	Tsc22d2	True	False	False	False	False	False	B
P23772	Q8BKT6	Gata3	Tspan12	True	False	False	False	False	False	C
P23772	A0A0A0MQN9	Gata3	A0A0A0MQN9	True	False	False	False	False	False	B
P23772	Q8BYY4	Gata3	Ttc39b	True	False	False	False	False	False	C
P23772	Q8VCK3	Gata3	Tubg2	True	False	False	False	False	False	C
P23772	P60605	Gata3	Ube2g2	True	False	False	False	False	False	C
P23772	P62257	Gata3	Ube2h	True	False	False	False	False	False	B
P23772	A2RSJ4	Gata3	Bltp3b	True	False	False	False	False	False	C
P23772	E9Q263	Gata3	E9Q263	True	False	False	False	False	False	C
P23772	O08747	Gata3	Unc5c	True	False	False	False	False	False	B
P23772	Q8VC97	Gata3	Upb1	True	False	False	False	False	False	C
P23772	Q6ZQ93	Gata3	Usp34	True	False	False	False	False	False	C
P23772	A0A1W2P8G5	Gata3	A0A1W2P8G5	True	False	False	False	False	False	B
P23772	O70480	Gata3	Vamp4	True	False	False	False	False	False	C
P23772	Q9R0C8	Gata3	Vav3	True	False	False	False	False	False	B
P23772	E9PZY8	Gata3	E9PZY8	True	False	False	False	False	False	C
P23772	Q99KU0	Gata3	Vmp1	True	False	False	False	False	False	B
P23772	B1ART2	Gata3	B1ART2	True	False	False	False	False	False	B
P23772	P22724	Gata3	Wnt4	True	False	False	False	False	False	C
P23772	P22726	Gata3	Wnt5b	True	False	False	False	False	False	C
P23772	Q80XH4	Gata3	Wscd1	True	False	False	False	False	False	C
P23772	Q5SXA9	Gata3	Wwc1	True	False	False	False	False	False	B
P23772	Q9EPK5	Gata3	Wwtr1	True	False	False	False	False	False	B
P23772	A0A0R4J024	Gata3	A0A0R4J024	True	False	False	False	False	False	C
P23772	F8VPK6	Gata3	F8VPK6	True	False	False	False	False	False	B
P23772	D3Z1Y7	Gata3	D3Z1Y7	True	False	False	False	False	False	C
P23772	Q8VCZ7	Gata3	Zbtb7c	True	False	False	False	False	False	B
P23772	Q8CDC7	Gata3	Zbtb9	True	False	False	False	False	False	C
P23772	Q6NZF1	Gata3	Zc3h11a	True	False	False	False	False	False	C;D
P23772	Q497H0	Gata3	Zfand3	True	False	False	False	False	False	B
P23772	Q8CCH7	Gata3	Zfpm2	True	False	False	False	False	False	B
P23772	Q6P1E1	Gata3	Zmiz1	True	False	False	False	False	False	B
P23772	A2A484	Gata3	A2A484	True	False	False	False	False	False	B
P23772	A0A1W2P8C5	Gata3	A0A1W2P8C5	True	False	False	False	False	False	C
P23772	Q8BG89	Gata3	Znf365	True	False	False	False	False	False	B
P23772	B1AWL2	Gata3	Znf462	True	False	False	False	False	False	B
P23772	Q8BI66	Gata3	Znf526	True	False	False	False	False	False	C
P23772	Q56A10	Gata3	Znf608	True	False	False	False	False	False	B
P23772	Q91V17	Gata3	Znrf1	True	False	False	False	False	False	B
P23772	Q8BGZ8	Gata3	Zpld1	True	False	False	False	False	False	B
Q08369	Q9Z0S3	Gata4	Cldn14	True	False	False	False	False	False	C
Q08369	Q9Z262	Gata4	Cldn6	True	False	False	False	False	False	C
Q08369	Q80X90	Gata4	Flnb	True	False	False	False	False	False	C
Q08369	B1AY49	Gata4	B1AY49	True	False	False	False	False	False	C
Q61169	Q9R1X5	Gata6	Abcc5	True	False	False	False	False	False	C
Q61169	B2RQE8	Gata6	Arhgap42	True	False	False	False	False	False	C
Q61169	Q9Z2A5	Gata6	Ate1	True	False	False	False	False	False	C
Q61169	G5E829	Gata6	Atp2b1	True	False	False	False	False	False	C
Q61169	O08686	Gata6	Barx2	True	False	False	False	False	False	C
Q61169	Q9QZK2	Gata6	Bcar3	True	False	False	False	False	False	C
Q61169	B1AR74	Gata6	B1AR74	True	False	False	False	False	False	C
Q61169	O35185	Gata6	Bhlhe40	True	False	False	False	False	False	C
Q61169	P36898	Gata6	Bmpr1b	True	False	False	False	False	False	C
Q61169	Q8BI22	Gata6	Cep128	True	False	False	False	False	False	C
Q61169	Q8BXK9	Gata6	Clic5	True	False	False	False	False	False	C
Q61169	E9QKB1	Gata6	E9QKB1	True	False	False	False	False	False	C
Q61169	E0CYH7	Gata6	E0CYH7	True	False	False	False	False	False	C
Q61169	Q80X90	Gata6	Flnb	True	False	False	False	False	False	C
Q61169	Q6PB93	Gata6	Galnt2	True	False	False	False	False	False	C
Q61169	P05784	Gata6	Krt18	True	False	False	False	False	False	C
Q61169	P11679	Gata6	Krt8	True	False	False	False	False	False	C
Q61169	A0A0G2JEM8	Gata6	A0A0G2JEM8	True	False	False	False	False	False	C
Q61169	O70583	Gata6	Mid1	True	False	False	False	False	False	C
Q61169	A0A0A6YWQ4	Gata6	A0A0A6YWQ4	True	False	False	False	False	False	C
Q61169	Q01063	Gata6	Pde4d	True	False	False	False	False	False	C
Q61169	Q8K1N2	Gata6	Phldb2	True	False	False	False	False	False	C
Q61169	Q5RJI4	Gata6	Pkdcc	True	False	False	False	False	False	C
Q61169	Q3TZU5	Gata6	Q3TZU5	True	False	False	False	False	False	C
Q61169	Q91UZ1	Gata6	Q91UZ1	True	False	False	False	False	False	C
Q61169	A2A935	Gata6	Prdm16	True	False	False	False	False	False	C
Q61169	Q9QVP9	Gata6	Ptk2b	True	False	False	False	False	False	C
Q61169	Q91WT8	Gata6	Rbm47	True	False	False	False	False	False	C
Q61169	O35464	Gata6	Sema6a	True	False	False	False	False	False	B
Q61169	Q8R550	Gata6	Sh3kbp1	True	False	False	False	False	False	C
Q61169	Q8BZT2	Gata6	Sh3rf2	True	False	False	False	False	False	C
Q61169	Q80TE4	Gata6	Sipa1l2	True	False	False	False	False	False	C
Q61169	Q9JM03	Gata6	Q9JM03	True	False	False	False	False	False	C
Q61169	P40645	Gata6	Sox6	True	False	False	False	False	False	C
Q61169	Q3UGX2	Gata6	Q3UGX2	True	False	False	False	False	False	C
Q61169	A0A0J9YTR8	Gata6	A0A0J9YTR8	True	False	False	False	False	False	C
Q61169	Q8K4L3	Gata6	Svil	True	False	False	False	False	False	B
Q61169	Q6ZWQ0	Gata6	Syne2	True	False	False	False	False	False	C
Q61169	Q60949	Gata6	Tbc1d1	True	False	False	False	False	False	C
Q61169	P23950	Gata6	Zfp36l1	True	False	False	False	False	False	C
Q8K5C0	O35600	Grhl2	Abca4	True	False	False	False	False	False	C
Q8K5C0	Q8VEC3	Grhl2	Adgrf1	True	False	False	False	False	False	C
Q8K5C0	Q80YS6	Grhl2	Afap1	True	False	False	False	False	False	C
Q8K5C0	Q61490	Grhl2	Alcam	True	False	False	False	False	False	C
Q8K5C0	P97793	Grhl2	Alk	True	False	False	False	False	False	C
Q8K5C0	Q811P8	Grhl2	Arhgap32	True	False	False	False	False	False	C
Q8K5C0	Q148W0	Grhl2	Atp8b1	True	False	False	False	False	False	C
Q8K5C0	Q9D6P8	Grhl2	Calml3	True	False	False	False	False	False	C
Q8K5C0	P51125	Grhl2	Cast	True	False	False	False	False	False	C
Q8K5C0	Q8R344	Grhl2	Ccdc12	True	False	False	False	False	False	C
Q8K5C0	Q5U462	Grhl2	Cdcp1	True	False	False	False	False	False	C
Q8K5C0	Q9JJN6	Grhl2	Ctnnbip1	True	False	False	False	False	False	C
Q8K5C0	Q8R3V6	Grhl2	Cuedc1	True	False	False	False	False	False	C
Q8K5C0	Q924W7	Grhl2	Dennd2b	True	False	False	False	False	False	C
Q8K5C0	O70273	Grhl2	Ehf	True	False	False	False	False	False	C
Q8K5C0	P97360	Grhl2	Etv6	True	False	False	False	False	False	C
Q8K5C0	P70429	Grhl2	Evl	True	False	False	False	False	False	C
Q8K5C0	Q0VAV2	Grhl2	Exph5	True	False	False	False	False	False	C
Q8K5C0	Q5F226	Grhl2	Fat2	True	False	False	False	False	False	C
Q8K5C0	P37889	Grhl2	Fbln2	True	False	False	False	False	False	C
Q8K5C0	Q640M6	Grhl2	Gdpd5	True	False	False	False	False	False	C
Q8K5C0	Q9D2W5	Grhl2	Q9D2W5	True	False	False	False	False	False	C
Q8K5C0	P13020	Grhl2	Gsn	True	False	False	False	False	False	C
Q8K5C0	E9PUA3	Grhl2	E9PUA3	True	False	False	False	False	False	C
Q8K5C0	Q9Z0T9	Grhl2	Itgb6	True	False	False	False	False	False	C
Q8K5C0	B1AY49	Grhl2	B1AY49	True	False	False	False	False	False	C
Q8K5C0	A2A7S8	Grhl2	Nhsl3	True	False	False	False	False	False	B
Q8K5C0	O54785	Grhl2	Limk2	True	False	False	False	False	False	C
Q8K5C0	Q8CIV3	Grhl2	Liph	True	False	False	False	False	False	B
Q8K5C0	Q8BFW7	Grhl2	Lpp	True	False	False	False	False	False	C
Q8K5C0	Q8BI08	Grhl2	Mal2	True	False	False	False	False	False	C
Q8K5C0	A0A0A6YVZ8	Grhl2	A0A0A6YVZ8	True	False	False	False	False	False	C
Q8K5C0	E9PZ55	Grhl2	E9PZ55	True	False	False	False	False	False	C
Q8K5C0	G3UZT5	Grhl2	G3UZT5	True	False	False	False	False	False	C
Q8K5C0	O70583	Grhl2	Mid1	True	False	False	False	False	False	C
Q8K5C0	A0A1Y7VP67	Grhl2	A0A1Y7VP67	True	False	False	False	False	False	C
Q8K5C0	G5E8G6	Grhl2	G5E8G6	True	False	False	False	False	False	C
Q8K5C0	Q8BLF1	Grhl2	Nceh1	True	False	False	False	False	False	C
Q8K5C0	A0A0N4SV33	Grhl2	A0A0N4SV33	True	False	False	False	False	False	C
Q8K5C0	Q9WVE8	Grhl2	Pacsin2	True	False	False	False	False	False	C
Q8K5C0	Q5DU28	Grhl2	Pcnx2	True	False	False	False	False	False	C
Q8K5C0	P97350	Grhl2	Pkp1	True	False	False	False	False	False	C
Q8K5C0	Q3TTY0	Grhl2	Plb1	True	False	False	False	False	False	C
Q8K5C0	Q91WT8	Grhl2	Rbm47	True	False	False	False	False	False	C
Q8K5C0	Q9EQG3	Grhl2	Scel	True	False	False	False	False	False	C
Q8K5C0	Q61180	Grhl2	Scnn1a	True	False	False	False	False	False	C
Q8K5C0	Q8VCQ6	Grhl2	Sgms1	True	False	False	False	False	False	C
Q8K5C0	D3Z5K8	Grhl2	D3Z5K8	True	False	False	False	False	False	C
Q8K5C0	G3X9J0	Grhl2	Sipa1l3	True	False	False	False	False	False	C
Q8K5C0	Q8VI23	Grhl2	Slc12a8	True	False	False	False	False	False	C
Q8K5C0	Q3UHH2	Grhl2	Slc22a23	True	False	False	False	False	False	C
Q8K5C0	Q7TML3	Grhl2	Slc35f2	True	False	False	False	False	False	C
Q8K5C0	P10852	Grhl2	Slc3a2	True	False	False	False	False	False	C
Q8K5C0	Q921V7	Grhl2	Slc44a3	True	False	False	False	False	False	C
Q8K5C0	Q8R3L5	Grhl2	Slco3a1	True	False	False	False	False	False	C
Q8K5C0	Q8BGX7	Grhl2	Spidr	True	False	False	False	False	False	C
Q8K5C0	Q9WU03	Grhl2	Spint2	True	False	False	False	False	False	C
Q8K5C0	P56677	Grhl2	St14	True	False	False	False	False	False	C
Q8K5C0	O35400	Grhl2	Sult2b1	True	False	False	False	False	False	C
Q8K5C0	P97358	Grhl2	Taf1b	True	False	False	False	False	False	C
Q8K5C0	P48030	Grhl2	Tgfa	True	False	False	False	False	False	C
Q8K5C0	Q6ZPF3	Grhl2	Tiam2	True	False	False	False	False	False	C
Q8K5C0	Q8R4P5	Grhl2	Tmc1	True	False	False	False	False	False	C
Q8K5C0	Q5SSZ5	Grhl2	Tns3	True	False	False	False	False	False	C
Q8K5C0	Q5DID3	Grhl2	Umodl1	True	False	False	False	False	False	C
Q8K5C0	Q5SXA9	Grhl2	Wwc1	True	False	False	False	False	False	C
Q8K5C0	Q56A10	Grhl2	Znf608	True	False	False	False	False	False	C
E9Q1A8	B1AVP1	E9Q1A8	B1AVP1	True	False	False	False	False	False	C
E9Q1A8	A0A338P6U8	E9Q1A8	A0A338P6U8	True	False	False	False	False	False	C
E9Q1A8	Q8BM75	E9Q1A8	Arid5b	True	False	False	False	False	False	C
E9Q1A8	G3X963	E9Q1A8	G3X963	True	False	False	False	False	False	C
E9Q1A8	Q8BWD8	E9Q1A8	Cdk19	True	False	False	False	False	False	C
E9Q1A8	O35740	E9Q1A8	Cited2	True	False	False	False	False	False	C
E9Q1A8	Q3U466	E9Q1A8	Q3U466	True	False	False	False	False	False	C
E9Q1A8	Q9WVK4	E9Q1A8	Ehd1	True	False	False	False	False	False	C
E9Q1A8	Q9JHC9	E9Q1A8	Elf2	True	False	False	False	False	False	C
E9Q1A8	P07903	E9Q1A8	Ercc1	True	False	False	False	False	False	C
E9Q1A8	P60521	E9Q1A8	Gabarapl2	True	False	False	False	False	False	C
E9Q1A8	P27601	E9Q1A8	Gna13	True	False	False	False	False	False	C
E9Q1A8	Q9ESZ8	E9Q1A8	Gtf2i	True	False	False	False	False	False	C
E9Q1A8	F8WIE5	E9Q1A8	F8WIE5	True	False	False	False	False	False	C
E9Q1A8	A0A0N4SVW7	E9Q1A8	A0A0N4SVW7	True	False	False	False	False	False	C
E9Q1A8	Q69ZK6	E9Q1A8	Jmjd1c	True	False	False	False	False	False	C
E9Q1A8	E9Q238	E9Q1A8	Kank1	True	False	False	False	False	False	C
E9Q1A8	Q4G5Y1	E9Q1A8	Klhdc2	True	False	False	False	False	False	C
E9Q1A8	P62046	E9Q1A8	Lrch1	True	False	False	False	False	False	C
E9Q1A8	Q9CQV6	E9Q1A8	Map1lc3b	True	False	False	False	False	False	C
E9Q1A8	P50540	E9Q1A8	Mxi1	True	False	False	False	False	False	C
E9Q1A8	Q6KCD5	E9Q1A8	Nipbl	True	False	False	False	False	False	C
E9Q1A8	Q8K2B0	E9Q1A8	P3h4	True	False	False	False	False	False	C
E9Q1A8	Q9DAK9	E9Q1A8	Phpt1	True	False	False	False	False	False	C
E9Q1A8	Q80U04	E9Q1A8	Pja2	True	False	False	False	False	False	C
E9Q1A8	P49443	E9Q1A8	Ppm1a	True	False	False	False	False	False	C
E9Q1A8	Q9QZ67	E9Q1A8	Ppm1d	True	False	False	False	False	False	C
E9Q1A8	O54965	E9Q1A8	Rnf13	True	False	False	False	False	False	C
E9Q1A8	Q8BI21	E9Q1A8	Rnf38	True	False	False	False	False	False	C
E9Q1A8	Q60520	E9Q1A8	Sin3a	True	False	False	False	False	False	C
E9Q1A8	A0A140LIK7	E9Q1A8	A0A140LIK7	True	False	False	False	False	False	C
E9Q1A8	Q8C0V0	E9Q1A8	Tlk1	True	False	False	False	False	False	C
E9Q1A8	Q80Z37	E9Q1A8	Topors	True	False	False	False	False	False	C
E9Q1A8	P40336	E9Q1A8	Vps26a	True	False	False	False	False	False	C
P35428	Q52KR3	Hes1	Prune2	True	False	False	False	False	False	C
P35428	Q6P8X1	Hes1	Snx6	True	False	False	False	False	False	C
P43120	Q6GQT1	Hhex	A2m	True	False	False	False	False	False	C
P43120	Q14DH7	Hhex	Acss3	True	False	False	False	False	False	C
P43120	Q8BPU7	Hhex	Elmo1	True	False	False	False	False	False	C
P43120	Q9JL89	Hhex	Ninj2	True	False	False	False	False	False	C
P43120	P43135	Hhex	Nr2f2	True	False	False	False	False	False	C
P43120	Q8CIH5	Hhex	Plcg2	True	False	False	False	False	False	C
P43120	Q9EPR4	Hhex	Slc23a2	True	False	False	False	False	False	C
P43120	Q80XH4	Hhex	Wscd1	True	False	False	False	False	False	C
P17012	P43120	Zfx	Hhex	True	False	False	False	False	False	C
Q61221	A0A0R4J0B6	Hif1a	A0A0R4J0B6	True	False	False	False	False	False	A
Q61221	Q9D099	Hif1a	Acer3	True	False	False	False	False	False	C
Q61221	Q9Z0F8	Hif1a	Adam17	True	False	False	False	False	False	A
Q61221	P59511	Hif1a	Adamts20	True	False	False	False	False	False	B
Q61221	Q7TN31	Hif1a	Aggf1	True	False	False	False	False	False	C
Q61221	Q9D1E8	Hif1a	Agpat5	True	False	False	False	False	False	B
Q61221	Q9WTP6	Hif1a	Ak2	True	False	False	False	False	False	C
Q61221	A2A5R2	Hif1a	Arfgef2	True	False	False	False	False	False	B
Q61221	F8VQN6	Hif1a	F8VQN6	True	False	False	False	False	False	C
Q61221	A0A338P6U8	Hif1a	A0A338P6U8	True	False	False	False	False	False	B
Q61221	Q9QWY8	Hif1a	Asap1	True	False	False	False	False	False	C
Q61221	P97302	Hif1a	Bach1	True	False	False	False	False	False	C
Q61221	Q8CGN4	Hif1a	Bcor	True	False	False	False	False	False	C
Q61221	Q69Z98	Hif1a	Brsk2	True	False	False	False	False	False	C
Q61221	P97445	Hif1a	Cacna1a	True	False	False	False	False	False	B
Q61221	A0A1W2P731	Hif1a	A0A1W2P731	True	False	False	False	False	False	B
Q61221	Q6ZQ11	Hif1a	Chsy1	True	False	False	False	False	False	B
Q61221	Q3TQ03	Hif1a	Ciart	True	False	False	False	False	False	C
Q61221	Q8R3P7	Hif1a	Cluap1	True	False	False	False	False	False	C
Q61221	Q9D486	Hif1a	Cmip	True	False	False	False	False	False	C
Q61221	Q91W29	Hif1a	Cox4i2	True	False	False	False	False	False	A
Q61221	Q9DC53	Hif1a	Cpne8	True	False	False	False	False	False	C
Q61221	Q7TSG2	Hif1a	Ctdp1	True	False	False	False	False	False	C
Q61221	P26231	Hif1a	Ctnna1	True	False	False	False	False	False	C
Q61221	Q921M7	Hif1a	Cyrib	True	False	False	False	False	False	C
Q61221	Q8K363	Hif1a	Ddx18	True	False	False	False	False	False	B
Q61221	Q8K382	Hif1a	Dennd1a	True	False	False	False	False	False	B
Q61221	Q6PE54	Hif1a	Dhx40	True	False	False	False	False	False	C
Q61221	B1AZP2	Hif1a	Dlgap4	True	False	False	False	False	False	B
Q61221	Q9ERC8	Hif1a	Dscam	True	False	False	False	False	False	B
Q61221	Q01279	Hif1a	Egfr	True	False	False	False	False	False	B
Q61221	Q5DW34	Hif1a	Ehmt1	True	False	False	False	False	False	C
Q61221	Q63961	Hif1a	Eng	True	False	False	False	False	False	A
Q61221	F8VPZ5	Hif1a	Ercc6	True	False	False	False	False	False	A
Q61221	Q8BGY7	Hif1a	Fam210a	True	False	False	False	False	False	B
Q61221	P97447	Hif1a	Fhl1	True	False	False	False	False	False	A
Q61221	A0A0R4J0H8	Hif1a	A0A0R4J0H8	True	False	False	False	False	False	C
Q61221	P47856	Hif1a	Gfpt1	True	False	False	False	False	False	A
Q61221	E0CX93	Hif1a	E0CX93	True	False	False	False	False	False	C
Q61221	P46412	Hif1a	Gpx3	True	False	False	False	False	False	A
Q61221	Q60760	Hif1a	Grb10	True	False	False	False	False	False	B
Q61221	Q91WM2	Hif1a	Hdhd5	True	False	False	False	False	False	C
Q61221	Q8K4P8	Hif1a	Hecw1	True	False	False	False	False	False	C
Q61221	P17710	Hif1a	Hk1	True	False	False	False	False	False	A
Q61221	Q01237	Hif1a	Hmgcr	True	False	False	False	False	False	A
Q61221	Q8BIL5	Hif1a	Hook1	True	False	False	False	False	False	C
Q61221	Q5GFD5	Hif1a	Hs3st6	True	False	False	False	False	False	C
Q61221	P47876	Hif1a	Igfbp1	True	False	False	False	False	False	A
Q61221	Q61730	Hif1a	Il1rap	True	False	False	False	False	False	C
Q61221	O55222	Hif1a	Ilk	True	False	False	False	False	False	A
Q61221	Q04998	Hif1a	Inhba	True	False	False	False	False	False	B
Q61221	P09055	Hif1a	Itgb1	True	False	False	False	False	False	A
Q61221	Q9Z0R4	Hif1a	Itsn1	True	False	False	False	False	False	C
Q61221	P15066	Hif1a	Jund	True	False	False	False	False	False	C
Q61221	Q8VCK5	Hif1a	Klhl20	True	False	False	False	False	False	C
Q61221	Q6A0A2	Hif1a	Larp4b	True	False	False	False	False	False	C
Q61221	P16125	Hif1a	Ldhb	True	False	False	False	False	False	C
Q61221	Q3UZ39	Hif1a	Lrrfip1	True	False	False	False	False	False	C
Q61221	Q1HKZ5	Hif1a	Map3k13	True	False	False	False	False	False	C
Q61221	Q3TN34	Hif1a	Micall2	True	False	False	False	False	False	C
Q61221	P53690	Hif1a	Mmp14	True	False	False	False	False	False	A
Q61221	G3X8R8	Hif1a	G3X8R8	True	False	False	False	False	False	B
Q61221	Q920Q6	Hif1a	Msi2	True	False	False	False	False	False	B
Q61221	Q8K224	Hif1a	Nat10	True	False	False	False	False	False	C
Q61221	A0A589P973	Hif1a	A0A589P973	True	False	False	False	False	False	B
Q61221	Q9ES74	Hif1a	Nek7	True	False	False	False	False	False	B
Q61221	Q01768	Hif1a	Nme2	True	False	False	False	False	False	C
Q61221	P70313	Hif1a	Nos3	True	False	False	False	False	False	A
Q61221	Q9QZB6	Hif1a	Nr4a3	True	False	False	False	False	False	A
Q61221	O09118	Hif1a	Ntn1	True	False	False	False	False	False	A
Q61221	Q3UFB7	Hif1a	Ntrk1	True	False	False	False	False	False	A
Q61221	Q9CQ04	Hif1a	Ogfod2	True	False	False	False	False	False	C
Q61221	A0A0R4J150	Hif1a	A0A0R4J150	True	False	False	False	False	False	C
Q61221	B0QZH1	Hif1a	B0QZH1	True	False	False	False	False	False	C
Q61221	Q9ES46	Hif1a	Parvb	True	False	False	False	False	False	C
Q61221	Q8VBU5	Hif1a	Q8VBU5	True	False	False	False	False	False	C
Q61221	Q01063	Hif1a	Pde4d	True	False	False	False	False	False	B
Q61221	Q5SQ20	Hif1a	Q5SQ20	True	False	False	False	False	False	C
Q61221	Q9WUA3	Hif1a	Pfkp	True	False	False	False	False	False	A
Q61221	P47713	Hif1a	Pla2g4a	True	False	False	False	False	False	A
Q61221	Q91UZ1	Hif1a	Q91UZ1	True	False	False	False	False	False	C
Q61221	Q9QXS1	Hif1a	Plec	True	False	False	False	False	False	C
Q61221	P43883	Hif1a	Plin2	True	False	False	False	False	False	C
Q61221	A0A0R4J1Z5	Hif1a	A0A0R4J1Z5	True	False	False	False	False	False	A
Q61221	P17742	Hif1a	Ppia	True	False	False	False	False	False	A
Q61221	P16054	Hif1a	Prkce	True	False	False	False	False	False	C
Q61221	P23298	Hif1a	Prkch	True	False	False	False	False	False	B
Q61221	Q62132	Hif1a	Ptprr	True	False	False	False	False	False	C
Q61221	P54728	Hif1a	Rad23b	True	False	False	False	False	False	B
Q61221	O35719	Hif1a	Rad51b	True	False	False	False	False	False	B
Q61221	A0A0A0MQD7	Hif1a	A0A0A0MQD7	True	False	False	False	False	False	C
Q61221	Q8CB96	Hif1a	Rassf4	True	False	False	False	False	False	C
Q61221	Q80TZ9	Hif1a	Rere	True	False	False	False	False	False	B
Q61221	A0A087WNZ9	Hif1a	A0A087WNZ9	True	False	False	False	False	False	B
Q61221	A0A0A6YW36	Hif1a	A0A0A6YW36	True	False	False	False	False	False	C
Q61221	A0A0J9YQM4	Hif1a	A0A0J9YQM4	True	False	False	False	False	False	C
Q61221	Q9WTZ1	Hif1a	Rnf7	True	False	False	False	False	False	A
Q61221	D3Z497	Hif1a	D3Z497	True	False	False	False	False	False	A
Q61221	P27659	Hif1a	Rpl3	True	False	False	False	False	False	C
Q61221	Q3UH06	Hif1a	Rreb1	True	False	False	False	False	False	C
Q61221	A0A087WR05	Hif1a	A0A087WR05	True	False	False	False	False	False	B
Q61221	Q8CBY1	Hif1a	Samd4a	True	False	False	False	False	False	C
Q61221	Q9CZC8	Hif1a	Scrn1	True	False	False	False	False	False	C
Q61221	D3Z5K8	Hif1a	D3Z5K8	True	False	False	False	False	False	B
Q61221	Q8C0T5	Hif1a	Sipa1l1	True	False	False	False	False	False	B
Q61221	Q8R0M8	Hif1a	Slc16a4	True	False	False	False	False	False	A
Q61221	Q8BYR8	Hif1a	Slc41a2	True	False	False	False	False	False	B
Q61221	Q9QXV9	Hif1a	Spry1	True	False	False	False	False	False	C
Q61221	Q9JI10	Hif1a	Stk3	True	False	False	False	False	False	C
Q61221	E9Q3H4	Hif1a	E9Q3H4	True	False	False	False	False	False	C
Q61221	Q5SSZ5	Hif1a	Tns3	True	False	False	False	False	False	B
Q61221	G3UW90	Hif1a	G3UW90	True	False	False	False	False	False	C
Q61221	A0A0R4J0S7	Hif1a	A0A0R4J0S7	True	False	False	False	False	False	C
Q61221	Q8BGG7	Hif1a	Ubash3b	True	False	False	False	False	False	C
Q61221	Q80XC3	Hif1a	Usp6nl	True	False	False	False	False	False	B
Q61221	P97946	Hif1a	Vegfd	True	False	False	False	False	False	A
Q61221	F6W3F3	Hif1a	F6W3F3	True	False	False	False	False	False	C
Q61221	Q9CRC0	Hif1a	Vkorc1	True	False	False	False	False	False	C
Q61221	Q80XP9	Hif1a	Wnk3	True	False	False	False	False	False	C
Q61221	Q3U4G3	Hif1a	Xxylt1	True	False	False	False	False	False	B
Q61221	Q7TS63	Hif1a	Zfat	True	False	False	False	False	False	B
Q61221	A2A484	Hif1a	A2A484	True	False	False	False	False	False	B
Q61221	Q8K3J5	Hif1a	Znf131	True	False	False	False	False	False	C
Q8K1K9	Q9QYL7	Hinfp	Abt1	True	False	False	False	False	False	C
Q8K1K9	Q5XG73	Hinfp	Acbd5	True	False	False	False	False	False	C
Q8K1K9	Q80X80	Hinfp	C2cd2l	True	False	False	False	False	False	C
Q8K1K9	Q3TDX8	Hinfp	Cyb5r4	True	False	False	False	False	False	C
Q8K1K9	Q8VCE2	Hinfp	Gpn1	True	False	False	False	False	False	C
Q8K1K9	Q9WUX5	Hinfp	Irag1	True	False	False	False	False	False	C
Q8K1K9	Q3TEW6	Hinfp	Mpzl1	True	False	False	False	False	False	C
Q8K1K9	Q6R891	Hinfp	Ppp1r9b	True	False	False	False	False	False	C
Q8K1K9	G3X8R0	Hinfp	G3X8R0	True	False	False	False	False	False	C
Q8K1K9	A0A087WR05	Hinfp	A0A087WR05	True	False	False	False	False	False	C
Q8K1K9	Q8BJS4	Hinfp	Sun2	True	False	False	False	False	False	C
Q8K1K9	P36423	Hinfp	Tbxas1	True	False	False	False	False	False	C
Q8K1K9	A2ALR9	Hinfp	A2ALR9	True	False	False	False	False	False	C
H3BKM3	Q8C0T9	H3BKM3	Adcy10	True	False	False	False	False	False	C
H3BKM3	A2AH22	H3BKM3	Ambra1	True	False	False	False	False	False	C
H3BKM3	Q8BSY0	H3BKM3	Asph	True	False	False	False	False	False	C
H3BKM3	Q91WE6	H3BKM3	Cdkal1	True	False	False	False	False	False	C
H3BKM3	E9PZM4	H3BKM3	Chd2	True	False	False	False	False	False	C
H3BKM3	Q8R242	H3BKM3	Ctbs	True	False	False	False	False	False	C
H3BKM3	Q3TZ02	H3BKM3	Q3TZ02	True	False	False	False	False	False	C
H3BKM3	H3BJ24	H3BKM3	H3BJ24	True	False	False	False	False	False	C
H3BKM3	Q8VCD7	H3BKM3	Kdm4c	True	False	False	False	False	False	C
H3BKM3	E9PWU9	H3BKM3	E9PWU9	True	False	False	False	False	False	B
H3BKM3	P70453	H3BKM3	Pde7a	True	False	False	False	False	False	C
H3BKM3	O88502	H3BKM3	Pde8a	True	False	False	False	False	False	B
H3BKM3	Q69Z38	H3BKM3	Peak1	True	False	False	False	False	False	C
H3BKM3	A0A1C7ZN08	H3BKM3	A0A1C7ZN08	True	False	False	False	False	False	C
H3BKM3	Q8VH51	H3BKM3	Rbm39	True	False	False	False	False	False	C
H3BKM3	P31266	H3BKM3	Rbpj	True	False	False	False	False	False	C
H3BKM3	Q61493	H3BKM3	Rev3l	True	False	False	False	False	False	C
H3BKM3	Q6QI06	H3BKM3	Rictor	True	False	False	False	False	False	C
H3BKM3	Q8BUN5	H3BKM3	Smad3	True	False	False	False	False	False	C
H3BKM3	Q8BGX7	H3BKM3	Spidr	True	False	False	False	False	False	C
H3BKM3	Q8BG48	H3BKM3	Stk17b	True	False	False	False	False	False	C
H3BKM3	Q8BKI2	H3BKM3	Tnrc6b	True	False	False	False	False	False	C
H3BKM3	B1ART2	H3BKM3	B1ART2	True	False	False	False	False	False	C
H3BKM3	Q91V17	H3BKM3	Znrf1	True	False	False	False	False	False	C
P27889	Q8JZR0	Hnf1b	Acsl5	True	False	False	False	False	False	C
P27889	A0A0G2JGM8	Hnf1b	A0A0G2JGM8	True	False	False	False	False	False	C
P27889	B8JJE0	Hnf1b	B8JJE0	True	False	False	False	False	False	C
P27889	Q9QZ10	Hnf1b	Anxa10	True	False	False	False	False	False	C
P27889	Q8C4V1	Hnf1b	Arhgap24	True	False	False	False	False	False	C
P27889	P97433	Hnf1b	Arhgef28	True	False	False	False	False	False	C
P27889	P36898	Hnf1b	Bmpr1b	True	False	False	False	False	False	C
P27889	Q5FWI3	Hnf1b	Cemip2	True	False	False	False	False	False	C
P27889	Q8BMA3	Hnf1b	Cnksr3	True	False	False	False	False	False	C
P27889	O70273	Hnf1b	Ehf	True	False	False	False	False	False	C
P27889	Q08509	Hnf1b	Eps8	True	False	False	False	False	False	C
P27889	E0CX93	Hnf1b	E0CX93	True	False	False	False	False	False	C
P27889	Q3U3F9	Hnf1b	Gpr160	True	False	False	False	False	False	C
P27889	A0A0B4J1E4	Hnf1b	A0A0B4J1E4	True	False	False	False	False	False	C
P27889	Q9D2W5	Hnf1b	Q9D2W5	True	False	False	False	False	False	C
P27889	A8C1R4	Hnf1b	A8C1R4	True	False	False	False	False	False	C
P27889	A0A0A0MQ86	Hnf1b	A0A0A0MQ86	True	False	False	False	False	False	C
P27889	Q6NZM9	Hnf1b	Hdac4	True	False	False	False	False	False	C
P27889	Q3UFC0	Hnf1b	Q3UFC0	True	False	False	False	False	False	C
P27889	Q8BFW7	Hnf1b	Lpp	True	False	False	False	False	False	C
P27889	Q9CQB7	Hnf1b	Lyrm1	True	False	False	False	False	False	C
P27889	Q8BI08	Hnf1b	Mal2	True	False	False	False	False	False	C
P27889	P0DI97	Hnf1b	Nrxn1	True	False	False	False	False	False	C
P27889	Q9CS84	Hnf1b	Nrxn1	True	False	False	False	False	False	C
P27889	G3XA13	Hnf1b	G3XA13	True	False	False	False	False	False	C
P27889	P70669	Hnf1b	Phex	True	False	False	False	False	False	C
P27889	Q4VAC9	Hnf1b	Plekhg3	True	False	False	False	False	False	C
P27889	Q63739	Hnf1b	Ptp4a1	True	False	False	False	False	False	C
P27889	Q8R550	Hnf1b	Sh3kbp1	True	False	False	False	False	False	C
P27889	P09036	Hnf1b	Spink1	True	False	False	False	False	False	C
P27889	Q9WUR0	Hnf1b	Q9WUR0	True	False	False	False	False	False	C
P27889	Q3TMT3	Hnf1b	Q3TMT3	True	False	False	False	False	False	C
P27889	Q9D9D5	Hnf1b	Tmco5a	True	False	False	False	False	False	C
P27889	A1A535	Hnf1b	Veph1	True	False	False	False	False	False	C
P27889	Q8BFX2	Hnf1b	Q8BFX2	True	False	False	False	False	False	C
P49698	A0A668KLA4	Hnf4a	A0A668KLA4	True	False	False	False	False	False	C
P49698	P61922	Hnf4a	Abat	True	False	False	False	False	False	C
P49698	O35600	Hnf4a	Abca4	True	False	False	False	False	False	B
P49698	B2RX12	Hnf4a	Abcc3	True	False	False	False	False	False	B
P49698	Q69ZX8	Hnf4a	Ablim3	True	False	False	False	False	False	B
P49698	E9Q4Z2	Hnf4a	Acacb	True	False	False	False	False	False	B
P49698	Q8K370	Hnf4a	Acad10	True	False	False	False	False	False	C
P49698	Q9QYR7	Hnf4a	Acot3	True	False	False	False	False	False	C
P49698	Q9CQR4	Hnf4a	Acot13	True	False	False	False	False	False	A
P49698	Q91V12	Hnf4a	Acot7	True	False	False	False	False	False	B
P49698	P58137	Hnf4a	Acot8	True	False	False	False	False	False	C
P49698	Q9QXD1	Hnf4a	Acox2	True	False	False	False	False	False	B
P49698	P41216	Hnf4a	Acsl1	True	False	False	False	False	False	C
P49698	Q7TPR4	Hnf4a	Actn1	True	False	False	False	False	False	B
P49698	A0A1L1SV25	Hnf4a	A0A1L1SV25	True	False	False	False	False	False	B
P49698	Q91XE4	Hnf4a	Acy3	True	False	False	False	False	False	B
P49698	P97857	Hnf4a	Adamts1	True	False	False	False	False	False	A
P49698	Q4VC17	Hnf4a	Adamts18	True	False	False	False	False	False	C
P49698	P51830	Hnf4a	Adcy9	True	False	False	False	False	False	B
P49698	Q9QYB5	Hnf4a	Add3	True	False	False	False	False	False	C
P49698	Q91ZV8	Hnf4a	Adgra2	True	False	False	False	False	False	C
P49698	Q7TT36	Hnf4a	Adgra3	True	False	False	False	False	False	B
P49698	Q8VEC3	Hnf4a	Adgrf1	True	False	False	False	False	False	B
P49698	A0A571BEJ4	Hnf4a	A0A571BEJ4	True	False	False	False	False	False	B
P49698	B8JJE0	Hnf4a	B8JJE0	True	False	False	False	False	False	B
P49698	A0A1L1SSF2	Hnf4a	A0A1L1SSF2	True	False	False	False	False	False	C
P49698	B1AVP1	Hnf4a	B1AVP1	True	False	False	False	False	False	B
P49698	Q8BXK8	Hnf4a	Agap1	True	False	False	False	False	False	B
P49698	Q9D517	Hnf4a	Agpat3	True	False	False	False	False	False	B
P49698	O35423	Hnf4a	Agxt	True	False	False	False	False	False	B
P49698	P50247	Hnf4a	Ahcy	True	False	False	False	False	False	B
P49698	A0A494BBD5	Hnf4a	A0A494BBD5	True	False	False	False	False	False	B
P49698	Q3TY86	Hnf4a	Aifm3	True	False	False	False	False	False	C
P49698	Q9D8B1	Hnf4a	Aig1	True	False	False	False	False	False	B
P49698	Q9WTP6	Hnf4a	Ak2	True	False	False	False	False	False	B
P49698	O08715	Hnf4a	Akap1	True	False	False	False	False	False	B
P49698	E9Q394	Hnf4a	Akap13	True	False	False	False	False	False	B
P49698	Q8VC19	Hnf4a	Alas1	True	False	False	False	False	False	C
P49698	P24549	Hnf4a	Aldh1a1	True	False	False	False	False	False	B
P49698	P47740	Hnf4a	Aldh3a2	True	False	False	False	False	False	B
P49698	Q80VQ0	Hnf4a	Aldh3b1	True	False	False	False	False	False	C
P49698	Q9EQ20	Hnf4a	Aldh6a1	True	False	False	False	False	False	A
P49698	Q924C5	Hnf4a	Alpk3	True	False	False	False	False	False	C
P49698	A2AH22	Hnf4a	Ambra1	True	False	False	False	False	False	B
P49698	Q9DBT5	Hnf4a	Ampd2	True	False	False	False	False	False	C
P49698	O08739	Hnf4a	Ampd3	True	False	False	False	False	False	B
P49698	Q8CFA2	Hnf4a	Amt	True	False	False	False	False	False	C
P49698	Q8BVF9	Hnf4a	Amz1	True	False	False	False	False	False	C
P49698	Q9Z1P8	Hnf4a	Angptl4	True	False	False	False	False	False	C
P49698	E9Q4F7	Hnf4a	Ankrd11	True	False	False	False	False	False	C
P49698	D3YVV3	Hnf4a	D3YVV3	True	False	False	False	False	False	C
P49698	Q8C5H1	Hnf4a	Ano4	True	False	False	False	False	False	C
P49698	P97384	Hnf4a	Anxa11	True	False	False	False	False	False	C
P49698	P07356	Hnf4a	Anxa2	True	False	False	False	False	False	B
P49698	P97429	Hnf4a	Anxa4	True	False	False	False	False	False	B
P49698	E9PYF7	Hnf4a	E9PYF7	True	False	False	False	False	False	C
P49698	P35585	Hnf4a	Ap1m1	True	False	False	False	False	False	C
P49698	Q8C0D4	Hnf4a	Arhgap12	True	False	False	False	False	False	B
P49698	Q8K0Q5	Hnf4a	Arhgap18	True	False	False	False	False	False	B
P49698	Q6ZQ82	Hnf4a	Arhgap26	True	False	False	False	False	False	B
P49698	A2AWP8	Hnf4a	Arhgef10l	True	False	False	False	False	False	B
P49698	Q68FM7	Hnf4a	Q68FM7	True	False	False	False	False	False	C
P49698	Q91X46	Hnf4a	Arhgef3	True	False	False	False	False	False	B
P49698	A2BH40	Hnf4a	Arid1a	True	False	False	False	False	False	B
P49698	Q8BM75	Hnf4a	Arid5b	True	False	False	False	False	False	B
P49698	Q3TYD4	Hnf4a	Arsg	True	False	False	False	False	False	B
P49698	E9PX52	Hnf4a	E9PX52	True	False	False	False	False	False	B
P49698	P16460	Hnf4a	Ass1	True	False	False	False	False	False	B
P49698	G5E829	Hnf4a	Atp2b1	True	False	False	False	False	False	C
P49698	F8WHB1	Hnf4a	F8WHB1	True	False	False	False	False	False	B
P49698	P51863	Hnf4a	Atp6v0d1	True	False	False	False	False	False	C
P49698	Q64446	Hnf4a	Atp7b	True	False	False	False	False	False	B
P49698	Q148W0	Hnf4a	Atp8b1	True	False	False	False	False	False	B
P49698	Q6UQ17	Hnf4a	Atp8b3	True	False	False	False	False	False	C
P49698	F7C0E4	Hnf4a	F7C0E4	True	False	False	False	False	False	B
P49698	A0A7N9VSJ5	Hnf4a	A0A7N9VSJ5	True	False	False	False	False	False	B
P49698	Q80Y61	Hnf4a	Baiap2l2	True	False	False	False	False	False	C
P49698	Q8R1H8	Hnf4a	Batf2	True	False	False	False	False	False	C
P49698	Q924Y0	Hnf4a	Bbox1	True	False	False	False	False	False	C
P49698	Q9QZK2	Hnf4a	Bcar3	True	False	False	False	False	False	B
P49698	B1AR74	Hnf4a	B1AR74	True	False	False	False	False	False	B
P49698	O35855	Hnf4a	Bcat2	True	False	False	False	False	False	C
P49698	Q9Z2F6	Hnf4a	Bcl3	True	False	False	False	False	False	B
P49698	Q67FY2	Hnf4a	Bcl9l	True	False	False	False	False	False	B
P49698	Q8CGN4	Hnf4a	Bcor	True	False	False	False	False	False	B
P49698	Q6PAJ1	Hnf4a	Bcr	True	False	False	False	False	False	B
P49698	Q99MQ1	Hnf4a	Bicc1	True	False	False	False	False	False	B
P49698	P62951	Hnf4a	Blcap	True	False	False	False	False	False	C
P49698	Q8R015	Hnf4a	Bloc1s5	True	False	False	False	False	False	C
P49698	Q8R164	Hnf4a	Bphl	True	False	False	False	False	False	A
P49698	Q99MP8	Hnf4a	Brap	True	False	False	False	False	False	C
P49698	Q7JJ13	Hnf4a	Brd2	True	False	False	False	False	False	C
P49698	A0A494BBD0	Hnf4a	A0A494BBD0	True	False	False	False	False	False	B
P49698	S4R1I0	Hnf4a	S4R1I0	True	False	False	False	False	False	C
P49698	O54825	Hnf4a	Bysl	True	False	False	False	False	False	C
P49698	Q4VA45	Hnf4a	Zfta	True	False	False	False	False	False	C
P49698	Q3TEI4	Hnf4a	Q3TEI4	True	False	False	False	False	False	C
P49698	Q9CX63	Hnf4a	Q9CX63	True	False	False	False	False	False	C
P49698	Q9CQM1	Hnf4a	Q9CQM1	True	False	False	False	False	False	B
P49698	Q9CPS8	Hnf4a	Q9CPS8	True	False	False	False	False	False	C
P49698	Q8BH35	Hnf4a	C8b	True	False	False	False	False	False	B
P49698	G3X8U3	Hnf4a	QNG1	True	False	False	False	False	False	C
P49698	E9Q6P9	Hnf4a	E9Q6P9	True	False	False	False	False	False	C
P49698	C7IVS7	Hnf4a	C7IVS7	True	False	False	False	False	False	C
P49698	E9QA15	Hnf4a	E9QA15	True	False	False	False	False	False	B
P49698	Q6QWF9	Hnf4a	Camk2n1	True	False	False	False	False	False	B
P49698	Q6ZQ38	Hnf4a	Cand1	True	False	False	False	False	False	C
P49698	P47754	Hnf4a	Capza2	True	False	False	False	False	False	B
P49698	Q99KF0	Hnf4a	Card14	True	False	False	False	False	False	C
P49698	Q3UFQ8	Hnf4a	Carmil3	True	False	False	False	False	False	C
P49698	P51125	Hnf4a	Cast	True	False	False	False	False	False	B
P49698	B7ZP57	Hnf4a	B7ZP57	True	False	False	False	False	False	C
P49698	Q78PG9	Hnf4a	Ccdc25	True	False	False	False	False	False	C
P49698	E9Q6B2	Hnf4a	Ccdc85c	True	False	False	False	False	False	B
P49698	Q7TQK5	Hnf4a	Ccdc93	True	False	False	False	False	False	C
P49698	Q8BGU5	Hnf4a	Ccny	True	False	False	False	False	False	B
P49698	Q9CWK3	Hnf4a	Cd2bp2	True	False	False	False	False	False	C
P49698	Q08857	Hnf4a	Cd36	True	False	False	False	False	False	C
P49698	Q9JM96	Hnf4a	Cdc42ep4	True	False	False	False	False	False	B
P49698	P70408	Hnf4a	Cdh10	True	False	False	False	False	False	C
P49698	Q99PF4	Hnf4a	Cdh23	True	False	False	False	False	False	B
P49698	Q8K389	Hnf4a	Cdk5rap2	True	False	False	False	False	False	B
P49698	A0A0A6YW76	Hnf4a	A0A0A6YW76	True	False	False	False	False	False	C
P49698	Q8C0D9	Hnf4a	Cep68	True	False	False	False	False	False	C
P49698	Q924Z4	Hnf4a	Cers2	True	False	False	False	False	False	C
P49698	A8Y5L4	Hnf4a	A8Y5L4	True	False	False	False	False	False	C
P49698	Q8BRC6	Hnf4a	Cfap91	True	False	False	False	False	False	C
P49698	Q9DAN9	Hnf4a	Cfap97d1	True	False	False	False	False	False	C
P49698	E9PZM4	Hnf4a	Chd2	True	False	False	False	False	False	B
P49698	E9PYL1	Hnf4a	E9PYL1	True	False	False	False	False	False	C
P49698	Q8BYH8	Hnf4a	Chd9	True	False	False	False	False	False	B
P49698	Q9D7Q1	Hnf4a	Chit1	True	False	False	False	False	False	C
P49698	Q3V2R3	Hnf4a	Q3V2R3	True	False	False	False	False	False	B
P49698	Q9CXM0	Hnf4a	Chodl	True	False	False	False	False	False	C
P49698	D3Z6E3	Hnf4a	D3Z6E3	True	False	False	False	False	False	C
P49698	O88199	Hnf4a	Chst3	True	False	False	False	False	False	C
P49698	P56198	Hnf4a	Cidec	True	False	False	False	False	False	C
P49698	A0A087WQ31	Hnf4a	A0A087WQ31	True	False	False	False	False	False	B
P49698	Q9ET38	Hnf4a	Cldn19	True	False	False	False	False	False	C
P49698	O35054	Hnf4a	Cldn4	True	False	False	False	False	False	A
P49698	Q80U30	Hnf4a	Clec16a	True	False	False	False	False	False	B
P49698	Q8C5W0	Hnf4a	Clmn	True	False	False	False	False	False	B
P49698	Q8BHH8	Hnf4a	Clrn3	True	False	False	False	False	False	B
P49698	Q99JH7	Hnf4a	Clstn3	True	False	False	False	False	False	C
P49698	Q9CPZ8	Hnf4a	Cmc1	True	False	False	False	False	False	C
P49698	Q8BMA3	Hnf4a	Cnksr3	True	False	False	False	False	False	B
P49698	A0A286YDL2	Hnf4a	A0A286YDL2	True	False	False	False	False	False	C
P49698	Q9JKY0	Hnf4a	Cnot9	True	False	False	False	False	False	C
P49698	Q8BT51	Hnf4a	COA4	True	False	False	False	False	False	C
P49698	Q5NBX1	Hnf4a	Cobl	True	False	False	False	False	False	B
P49698	Q01149	Hnf4a	Col1a2	True	False	False	False	False	False	C
P49698	Q5QNQ9	Hnf4a	Col27a1	True	False	False	False	False	False	B
P49698	P25318	Hnf4a	Col8a2	True	False	False	False	False	False	C
P49698	O88587	Hnf4a	Comt	True	False	False	False	False	False	C
P49698	Q60936	Hnf4a	Coq8a	True	False	False	False	False	False	C
P49698	Q9WUM4	Hnf4a	Coro1c	True	False	False	False	False	False	B
P49698	Q8C0P5	Hnf4a	Coro2a	True	False	False	False	False	False	B
P49698	P84086	Hnf4a	Cplx2	True	False	False	False	False	False	B
P49698	Q9WVJ3	Hnf4a	Cpq	True	False	False	False	False	False	C
P49698	Q5PR69	Hnf4a	Cracd	True	False	False	False	False	False	B
P49698	P35347	Hnf4a	Crhr1	True	False	False	False	False	False	C
P49698	Q3U182	Hnf4a	Crtc2	True	False	False	False	False	False	C
P49698	V9GX34	Hnf4a	V9GX34	True	False	False	False	False	False	C
P49698	Q8VHY0	Hnf4a	Cspg4	True	False	False	False	False	False	C
P49698	P26231	Hnf4a	Ctnna1	True	False	False	False	False	False	B
P49698	P30999	Hnf4a	Ctnnd1	True	False	False	False	False	False	B
P49698	P10605	Hnf4a	Ctsb	True	False	False	False	False	False	B
P49698	P70269	Hnf4a	Ctse	True	False	False	False	False	False	B
P49698	Q8R3V6	Hnf4a	Cuedc1	True	False	False	False	False	False	B
P49698	Q8BHZ5	Hnf4a	Cyren	True	False	False	False	False	False	C
P49698	A0A0R4J061	Hnf4a	A0A0R4J061	True	False	False	False	False	False	A
P49698	Q99N18	Hnf4a	Q99N18	True	False	False	False	False	False	B
P49698	G3UW81	Hnf4a	G3UW81	True	False	False	False	False	False	B
P49698	Q9EP75	Hnf4a	Cyp4f14	True	False	False	False	False	False	B
P49698	Q8BPM0	Hnf4a	Daam1	True	False	False	False	False	False	B
P49698	P97318	Hnf4a	Dab1	True	False	False	False	False	False	B
P49698	A2AUX5	Hnf4a	A2AUX5	True	False	False	False	False	False	B
P49698	Q9D4J3	Hnf4a	Dcbld1	True	False	False	False	False	False	B
P49698	P70211	Hnf4a	Dcc	True	False	False	False	False	False	C
P49698	Q9QZB9	Hnf4a	Dctn5	True	False	False	False	False	False	C
P49698	Q6ZPL9	Hnf4a	Ddx55	True	False	False	False	False	False	C
P49698	Q8K382	Hnf4a	Dennd1a	True	False	False	False	False	False	B
P49698	Q8CFK6	Hnf4a	Dennd1c	True	False	False	False	False	False	C
P49698	Q924W7	Hnf4a	Dennd2b	True	False	False	False	False	False	B
P49698	S4R219	Hnf4a	S4R219	True	False	False	False	False	False	C
P49698	Q91WG7	Hnf4a	Dgkg	True	False	False	False	False	False	B
P49698	O88876	Hnf4a	Dhrs3	True	False	False	False	False	False	B
P49698	B2RQ71	Hnf4a	B2RQ71	True	False	False	False	False	False	B
P49698	E9QKB1	Hnf4a	E9QKB1	True	False	False	False	False	False	B
P49698	A0A571BEZ4	Hnf4a	A0A571BEZ4	True	False	False	False	False	False	C
P49698	B1AZP2	Hnf4a	Dlgap4	True	False	False	False	False	False	B
P49698	P11531	Hnf4a	Dmd	True	False	False	False	False	False	B
P49698	A0A140LIN9	Hnf4a	A0A140LIN9	True	False	False	False	False	False	C
P49698	Q9QYJ0	Hnf4a	Dnaja2	True	False	False	False	False	False	C
P49698	Q8C4C9	Hnf4a	Q8C4C9	True	False	False	False	False	False	B
P49698	E9Q8D0	Hnf4a	Dnajc21	True	False	False	False	False	False	C
P49698	O88509	Hnf4a	Dnmt3b	True	False	False	False	False	False	C
P49698	P59764	Hnf4a	Dock4	True	False	False	False	False	False	B
P49698	B2RY04	Hnf4a	Dock5	True	False	False	False	False	False	B
P49698	Q99KE3	Hnf4a	Dok4	True	False	False	False	False	False	C
P49698	Q9QXP4	Hnf4a	Donson	True	False	False	False	False	False	C
P49698	Q9D5E4	Hnf4a	Drc3	True	False	False	False	False	False	C
P49698	P55292	Hnf4a	Dsc2	True	False	False	False	False	False	A
P49698	Q3TLR7	Hnf4a	Dtl	True	False	False	False	False	False	C
P49698	Q8R4V2	Hnf4a	Dusp15	True	False	False	False	False	False	C
P49698	Q4PZA2	Hnf4a	Ece1	True	False	False	False	False	False	B
P49698	Q3TGW2	Hnf4a	Eepd1	True	False	False	False	False	False	B
P49698	B2CKC6	Hnf4a	B2CKC6	True	False	False	False	False	False	B
P49698	Q9D4J1	Hnf4a	Efhd1	True	False	False	False	False	False	A
P49698	P52801	Hnf4a	Efna2	True	False	False	False	False	False	C
P49698	Q01279	Hnf4a	Egfr	True	False	False	False	False	False	B
P49698	A0A0R4J0H9	Hnf4a	A0A0R4J0H9	True	False	False	False	False	False	B
P49698	Q9WVK4	Hnf4a	Ehd1	True	False	False	False	False	False	B
P49698	O70273	Hnf4a	Ehf	True	False	False	False	False	False	B
P49698	Q9QZ05	Hnf4a	Eif2ak4	True	False	False	False	False	False	C
P49698	Q05D44	Hnf4a	Eif5b	True	False	False	False	False	False	C
P49698	O08856	Hnf4a	Ell	True	False	False	False	False	False	B
P49698	Q8BPU7	Hnf4a	Elmo1	True	False	False	False	False	False	B
P49698	P21995	Hnf4a	Emb	True	False	False	False	False	False	C
P49698	Q5SQM0	Hnf4a	Eml6	True	False	False	False	False	False	B
P49698	O35709	Hnf4a	Enc1	True	False	False	False	False	False	B
P49698	A0A6I8MWV7	Hnf4a	A0A6I8MWV7	True	False	False	False	False	False	C
P49698	Q8K0L2	Hnf4a	Entpd8	True	False	False	False	False	False	B
P49698	P97481	Hnf4a	Epas1	True	False	False	False	False	False	B
P49698	O70318	Hnf4a	Epb41l2	True	False	False	False	False	False	B
P49698	P34914	Hnf4a	Ephx2	True	False	False	False	False	False	A
P49698	Q60902	Hnf4a	Eps15l1	True	False	False	False	False	False	A
P49698	Q08509	Hnf4a	Eps8	True	False	False	False	False	False	B
P49698	Q9DC16	Hnf4a	Ergic1	True	False	False	False	False	False	B
P49698	Q9EQY0	Hnf4a	Ern1	True	False	False	False	False	False	B
P49698	A7MCT6	Hnf4a	Etnk2	True	False	False	False	False	False	C
P49698	A2A5C3	Hnf4a	A2A5C3	True	False	False	False	False	False	B
P49698	P97360	Hnf4a	Etv6	True	False	False	False	False	False	B
P49698	P97464	Hnf4a	Ext1	True	False	False	False	False	False	B
P49698	O88783	Hnf4a	F5	True	False	False	False	False	False	B
P49698	P35505	Hnf4a	Fah	True	False	False	False	False	False	B
P49698	Q78T81	Hnf4a	Eeig1	True	False	False	False	False	False	B
P49698	Q3TGF2	Hnf4a	Fam107b	True	False	False	False	False	False	B
P49698	Q8BGI4	Hnf4a	Fam13a	True	False	False	False	False	False	B
P49698	Q66LM6	Hnf4a	Fam170a	True	False	False	False	False	False	C
P49698	Q5MJS3	Hnf4a	Fam20c	True	False	False	False	False	False	C
P49698	Q6PGH4	Hnf4a	Fam222a	True	False	False	False	False	False	B
P49698	Q8BYI8	Hnf4a	Fam234b	True	False	False	False	False	False	C
P49698	Q9QXW0	Hnf4a	Fbxl6	True	False	False	False	False	False	C
P49698	A0A0G2LB91	Hnf4a	A0A0G2LB91	True	False	False	False	False	False	C
P49698	P53798	Hnf4a	Fdft1	True	False	False	False	False	False	C
P49698	Q8CIB5	Hnf4a	Fermt2	True	False	False	False	False	False	B
P49698	P16879	Hnf4a	Fes	True	False	False	False	False	False	C
P49698	D3Z6D5	Hnf4a	D3Z6D5	True	False	False	False	False	False	C
P49698	E9PV24	Hnf4a	Fga	True	False	False	False	False	False	B
P49698	A0A0J9YUX1	Hnf4a	A0A0J9YUX1	True	False	False	False	False	False	B
P49698	A2AJL3	Hnf4a	Fggy	True	False	False	False	False	False	B
P49698	A6PWD2	Hnf4a	Fhad1	True	False	False	False	False	False	B
P49698	O70433	Hnf4a	Fhl2	True	False	False	False	False	False	B
P49698	B7FAU9	Hnf4a	B7FAU9	True	False	False	False	False	False	C
P49698	Q80X90	Hnf4a	Flnb	True	False	False	False	False	False	B
P49698	Q80TY0	Hnf4a	Fnbp1	True	False	False	False	False	False	C
P49698	A0A0R4J0H8	Hnf4a	A0A0R4J0H8	True	False	False	False	False	False	B
P49698	Q68FD7	Hnf4a	Fnip1	True	False	False	False	False	False	C
P49698	D3YUC5	Hnf4a	D3YUC5	True	False	False	False	False	False	B
P49698	Q499D0	Hnf4a	Foxn3	True	False	False	False	False	False	B
P49698	H3BJ24	Hnf4a	H3BJ24	True	False	False	False	False	False	B
P49698	O70220	Hnf4a	Foxq1	True	False	False	False	False	False	B
P49698	Q3USW5	Hnf4a	Foxred2	True	False	False	False	False	False	C
P49698	Q922K9	Hnf4a	Frk	True	False	False	False	False	False	C
P49698	Q920B0	Hnf4a	Frmd4b	True	False	False	False	False	False	B
P49698	Q9EQC7	Hnf4a	Fstl3	True	False	False	False	False	False	C
P49698	Q8BGW1	Hnf4a	Fto	True	False	False	False	False	False	B
P49698	P39688	Hnf4a	Fyn	True	False	False	False	False	False	B
P49698	Q6NSQ9	Hnf4a	G6pc3	True	False	False	False	False	False	A
P49698	Q6PB93	Hnf4a	Galnt2	True	False	False	False	False	False	B
P49698	A0A0R4J1A6	Hnf4a	A0A0R4J1A6	True	False	False	False	False	False	C
P49698	P97494	Hnf4a	Gclc	True	False	False	False	False	False	B
P49698	Q9R111	Hnf4a	Gda	True	False	False	False	False	False	B
P49698	Q9Z0J7	Hnf4a	Gdf15	True	False	False	False	False	False	B
P49698	Q3UHD2	Hnf4a	Gfod1	True	False	False	False	False	False	B
P49698	O08842	Hnf4a	Gfra2	True	False	False	False	False	False	C
P49698	A0A0N4SVT7	Hnf4a	A0A0N4SVT7	True	False	False	False	False	False	C
P49698	Q9Z2H7	Hnf4a	Gipc2	True	False	False	False	False	False	B
P49698	E0CX93	Hnf4a	E0CX93	True	False	False	False	False	False	B
P49698	A0A0R4J1H2	Hnf4a	A0A0R4J1H2	True	False	False	False	False	False	C
P49698	Q8K0C9	Hnf4a	Gmds	True	False	False	False	False	False	B
P49698	P27600	Hnf4a	Gna12	True	False	False	False	False	False	B
P49698	Q8CGK7	Hnf4a	Gnal	True	False	False	False	False	False	C
P49698	P50153	Hnf4a	Gng4	True	False	False	False	False	False	C
P49698	Q8BFR4	Hnf4a	Gns	True	False	False	False	False	False	C
P49698	Q91WD0	Hnf4a	Gpr108	True	False	False	False	False	False	C
P49698	Q9ES90	Hnf4a	Gpr35	True	False	False	False	False	False	C
P49698	B7FAT7	Hnf4a	B7FAT7	True	False	False	False	False	False	B
P49698	A0A2I3BQP8	Hnf4a	A0A2I3BQP8	True	False	False	False	False	False	B
P49698	Q9D2W5	Hnf4a	Q9D2W5	True	False	False	False	False	False	B
P49698	Q8CB44	Hnf4a	Gramd4	True	False	False	False	False	False	B
P49698	Q60760	Hnf4a	Grb10	True	False	False	False	False	False	B
P49698	Q9ESF4	Hnf4a	Grina	True	False	False	False	False	False	C
P49698	G3XA00	Hnf4a	G3XA00	True	False	False	False	False	False	C
P49698	Q3U3C9	Hnf4a	Gse1	True	False	False	False	False	False	B
P49698	P13020	Hnf4a	Gsn	True	False	False	False	False	False	B
P49698	O09131	Hnf4a	Gsto1	True	False	False	False	False	False	C
P49698	Q9JI57	Hnf4a	Gtf2ird1	True	False	False	False	False	False	B
P49698	Q99ME9	Hnf4a	Gtpbp4	True	False	False	False	False	False	C
P49698	Q78JT3	Hnf4a	Haao	True	False	False	False	False	False	C
P49698	Q6NZM9	Hnf4a	Hdac4	True	False	False	False	False	False	B
P49698	Q9Z2V5	Hnf4a	Hdac6	True	False	False	False	False	False	C
P49698	Q9QZR5	Hnf4a	Hipk2	True	False	False	False	False	False	B
P49698	Q3UHF7	Hnf4a	Hivep2	True	False	False	False	False	False	B
P49698	Q8BW74	Hnf4a	Hlf	True	False	False	False	False	False	B
P49698	Q8R1M0	Hnf4a	Hmces	True	False	False	False	False	False	C
P49698	Q91VF2	Hnf4a	Hnmt	True	False	False	False	False	False	C
P49698	Q99JP6	Hnf4a	Homer3	True	False	False	False	False	False	C
P49698	P62748	Hnf4a	Hpcal1	True	False	False	False	False	False	B
P49698	A0A0R4J062	Hnf4a	A0A0R4J062	True	False	False	False	False	False	C
P49698	Q9EQ06	Hnf4a	Hsd17b11	True	False	False	False	False	False	C
P49698	P51658	Hnf4a	Hsd17b2	True	False	False	False	False	False	B
P49698	E9QNX9	Hnf4a	E9QNX9	True	False	False	False	False	False	C
P49698	Q9CPN8	Hnf4a	Igf2bp3	True	False	False	False	False	False	B
P49698	Q61098	Hnf4a	Il18r1	True	False	False	False	False	False	C
P49698	P13504	Hnf4a	Il1r1	True	False	False	False	False	False	B
P49698	Q61730	Hnf4a	Il1rap	True	False	False	False	False	False	B
P49698	O08717	Hnf4a	Inhbe	True	False	False	False	False	False	C
P49698	P15208	Hnf4a	Insr	True	False	False	False	False	False	B
P49698	A0A9L6JPS2	Hnf4a	A0A9L6JPS2	True	False	False	False	False	False	C
P49698	Q3UQ44	Hnf4a	Iqgap2	True	False	False	False	False	False	B
P49698	Q3TES0	Hnf4a	Iqsec3	True	False	False	False	False	False	C
P49698	P23611	Hnf4a	Irf8	True	False	False	False	False	False	C
P49698	A0A338P795	Hnf4a	A0A338P795	True	False	False	False	False	False	B
P49698	P11881	Hnf4a	Itpr1	True	False	False	False	False	False	B
P49698	Q9Z329	Hnf4a	Itpr2	True	False	False	False	False	False	B
P49698	Q922B9	Hnf4a	Itprid2	True	False	False	False	False	False	C
P49698	A2CG49	Hnf4a	Kalrn	True	False	False	False	False	False	B
P49698	E9Q238	Hnf4a	Kank1	True	False	False	False	False	False	C
P49698	Q8BG40	Hnf4a	Katnb1	True	False	False	False	False	False	C
P49698	P62482	Hnf4a	Kcnab2	True	False	False	False	False	False	C
P49698	P15388	Hnf4a	Kcnc1	True	False	False	False	False	False	C
P49698	A2A5F7	Hnf4a	A2A5F7	True	False	False	False	False	False	C
P49698	A0A087WQN5	Hnf4a	A0A087WQN5	True	False	False	False	False	False	B
P49698	Q8VCD7	Hnf4a	Kdm4c	True	False	False	False	False	False	B
P49698	Q5NCY0	Hnf4a	Kdm6b	True	False	False	False	False	False	C
P49698	Q9CXT6	Hnf4a	Kdm8	True	False	False	False	False	False	C
P49698	Q9R226	Hnf4a	Khdrbs3	True	False	False	False	False	False	B
P49698	A2A786	Hnf4a	A2A786	True	False	False	False	False	False	C
P49698	B1AY49	Hnf4a	B1AY49	True	False	False	False	False	False	B
P49698	Q9QXL2	Hnf4a	Kif21a	True	False	False	False	False	False	C
P49698	E0CZ16	Hnf4a	Klhl3	True	False	False	False	False	False	C
P49698	A0A0G2JEQ1	Hnf4a	A0A0G2JEQ1	True	False	False	False	False	False	C
P49698	Q66JQ7	Hnf4a	Knl1	True	False	False	False	False	False	C
P49698	Q99PS0	Hnf4a	Krt23	True	False	False	False	False	False	C
P49698	P11679	Hnf4a	Krt8	True	False	False	False	False	False	B
P49698	Q61001	Hnf4a	Lama5	True	False	False	False	False	False	B
P49698	Q9Z1M7	Hnf4a	Large1	True	False	False	False	False	False	B
P49698	Q61233	Hnf4a	Lcp1	True	False	False	False	False	False	C
P49698	Q91V13	Hnf4a	Leap2	True	False	False	False	False	False	C
P49698	Q9CQW5	Hnf4a	Lgals2	True	False	False	False	False	False	B
P49698	Q8BGA2	Hnf4a	Lhfpl2	True	False	False	False	False	False	B
P49698	Q9D7I5	Hnf4a	Lhpp	True	False	False	False	False	False	B
P49698	P48678	Hnf4a	Lmna	True	False	False	False	False	False	B
P49698	Q5SW46	Hnf4a	Lpo	True	False	False	False	False	False	C
P49698	Q8BFW7	Hnf4a	Lpp	True	False	False	False	False	False	B
P49698	Q8BVU0	Hnf4a	Lrch3	True	False	False	False	False	False	C
P49698	P70193	Hnf4a	Lrig1	True	False	False	False	False	False	B
P49698	Q52KR2	Hnf4a	Lrig2	True	False	False	False	False	False	C
P49698	Q91VN0	Hnf4a	Lrp5	True	False	False	False	False	False	B
P49698	Q924X6	Hnf4a	Lrp8	True	False	False	False	False	False	C
P49698	B2RWC4	Hnf4a	B2RWC4	True	False	False	False	False	False	C
P49698	Q8BGR2	Hnf4a	Lrrc8d	True	False	False	False	False	False	B
P49698	Q3UZ39	Hnf4a	Lrrfip1	True	False	False	False	False	False	B
P49698	A0A1B0GQZ9	Hnf4a	A0A1B0GQZ9	True	False	False	False	False	False	B
P49698	Q8K4G1	Hnf4a	Ltbp4	True	False	False	False	False	False	C
P49698	Q8K3C3	Hnf4a	Lzic	True	False	False	False	False	False	C
P49698	Q8CEZ4	Hnf4a	Mab21l4	True	False	False	False	False	False	C
P49698	Q9WTX8	Hnf4a	Mad1l1	True	False	False	False	False	False	B
P49698	Q61827	Hnf4a	Mafk	True	False	False	False	False	False	C
P49698	Q6RHR9	Hnf4a	Magi1	True	False	False	False	False	False	B
P49698	F6U238	Hnf4a	F6U238	True	False	False	False	False	False	B
P49698	Q64133	Hnf4a	Maoa	True	False	False	False	False	False	B
P49698	Q80XI6	Hnf4a	Map3k11	True	False	False	False	False	False	C
P49698	Q9WUL6	Hnf4a	Map3k14	True	False	False	False	False	False	C
P49698	A0A0A6YVZ8	Hnf4a	A0A0A6YVZ8	True	False	False	False	False	False	B
P49698	E9PZ55	Hnf4a	E9PZ55	True	False	False	False	False	False	B
P49698	P98064	Hnf4a	Masp1	True	False	False	False	False	False	C
P49698	Q811L6	Hnf4a	Mast4	True	False	False	False	False	False	B
P49698	Q8C181	Hnf4a	Mbnl2	True	False	False	False	False	False	B
P49698	Q8R003	Hnf4a	Mbnl3	True	False	False	False	False	False	B
P49698	E9PXE2	Hnf4a	E9PXE2	True	False	False	False	False	False	B
P49698	Q8K5B2	Hnf4a	Mcfd2	True	False	False	False	False	False	C
P49698	Q8BMF3	Hnf4a	Me3	True	False	False	False	False	False	B
P49698	D3YVY2	Hnf4a	D3YVY2	True	False	False	False	False	False	B
P49698	Q9DD20	Hnf4a	Tmt1b	True	False	False	False	False	False	B
P49698	P27808	Hnf4a	Mgat1	True	False	False	False	False	False	C
P49698	Q9D074	Hnf4a	Mgrn1	True	False	False	False	False	False	B
P49698	A0A1W2P711	Hnf4a	A0A1W2P711	True	False	False	False	False	False	C
P49698	Q8CJ19	Hnf4a	Mical3	True	False	False	False	False	False	B
P49698	A0A1Y7VP67	Hnf4a	A0A1Y7VP67	True	False	False	False	False	False	B
P49698	Q3TPJ7	Hnf4a	Midn	True	False	False	False	False	False	B
P49698	Q99KX1	Hnf4a	Mlf2	True	False	False	False	False	False	C
P49698	G5E8D8	Hnf4a	G5E8D8	True	False	False	False	False	False	C
P49698	Q61391	Hnf4a	Mme	True	False	False	False	False	False	A
P49698	P57748	Hnf4a	Mmp20	True	False	False	False	False	False	C
P49698	Q80W94	Hnf4a	Mogat2	True	False	False	False	False	False	B
P49698	Q9CY16	Hnf4a	Mrps28	True	False	False	False	False	False	C
P49698	A0A087WQ16	Hnf4a	A0A087WQ16	True	False	False	False	False	False	C
P49698	Q920Q6	Hnf4a	Msi2	True	False	False	False	False	False	B
P49698	Q9CRA4	Hnf4a	Msmo1	True	False	False	False	False	False	C
P49698	Q9CW42	Hnf4a	Mtarc1	True	False	False	False	False	False	C
P49698	Q922Q1	Hnf4a	Mtarc2	True	False	False	False	False	False	B
P49698	Q9CZD5	Hnf4a	Mtif3	True	False	False	False	False	False	C
P49698	Q80TA6	Hnf4a	Mtmr12	True	False	False	False	False	False	B
P49698	G3X9H7	Hnf4a	G3X9H7	True	False	False	False	False	False	B
P49698	Q6P9S0	Hnf4a	Mtss2	True	False	False	False	False	False	C
P49698	A0A0R4J0N9	Hnf4a	A0A0R4J0N9	True	False	False	False	False	False	B
P49698	P19467	Hnf4a	Muc13	True	False	False	False	False	False	B
P49698	Q9R008	Hnf4a	Mvk	True	False	False	False	False	False	B
P49698	Q6P6L5	Hnf4a	Q6P6L5	True	False	False	False	False	False	B
P49698	Q8VDD5	Hnf4a	Myh9	True	False	False	False	False	False	B
P49698	P09542	Hnf4a	Myl3	True	False	False	False	False	False	C
P49698	Q6PDN3	Hnf4a	Mylk	True	False	False	False	False	False	B
P49698	Q9QZZ4	Hnf4a	Myo15a	True	False	False	False	False	False	C
P49698	Q9JMH9	Hnf4a	Myo18a	True	False	False	False	False	False	B
P49698	D3YV80	Hnf4a	D3YV80	True	False	False	False	False	False	B
P49698	Q99MZ6	Hnf4a	Myo7b	True	False	False	False	False	False	C
P49698	Q62234	Hnf4a	Myom1	True	False	False	False	False	False	B
P49698	A2ABU4	Hnf4a	Myom3	True	False	False	False	False	False	C
P49698	Q6A037	Hnf4a	N4bp1	True	False	False	False	False	False	B
P49698	A0A0J9YUP5	Hnf4a	A0A0J9YUP5	True	False	False	False	False	False	C
P49698	Q8R4H7	Hnf4a	Nags	True	False	False	False	False	False	C
P49698	V9GXT3	Hnf4a	V9GXT3	True	False	False	False	False	False	B
P49698	E9PWU9	Hnf4a	E9PWU9	True	False	False	False	False	False	B
P49698	E9PY55	Hnf4a	E9PY55	True	False	False	False	False	False	B
P49698	Q3UHN9	Hnf4a	Ndst1	True	False	False	False	False	False	B
P49698	Q7TMF3	Hnf4a	Ndufa12	True	False	False	False	False	False	C
P49698	Q9CQZ5	Hnf4a	Ndufa6	True	False	False	False	False	False	C
P49698	A2AIL4	Hnf4a	Ndufaf6	True	False	False	False	False	False	B
P49698	A0A1Y7VM38	Hnf4a	A0A1Y7VM38	True	False	False	False	False	False	C
P49698	A0A286YDV4	Hnf4a	A0A286YDV4	True	False	False	False	False	False	B
P49698	A0A0R4J212	Hnf4a	A0A0R4J212	True	False	False	False	False	False	B
P49698	O35942	Hnf4a	Nek2	True	False	False	False	False	False	C
P49698	Q9ES70	Hnf4a	Nek6	True	False	False	False	False	False	B
P49698	Q61220	Hnf4a	Nell2	True	False	False	False	False	False	A
P49698	Q8BZL1	Hnf4a	Neu4	True	False	False	False	False	False	C
P49698	A2A5J5	Hnf4a	A2A5J5	True	False	False	False	False	False	C
P49698	A0A087WPX3	Hnf4a	A0A087WPX3	True	False	False	False	False	False	B
P49698	Q02780	Hnf4a	Nfia	True	False	False	False	False	False	B
P49698	Q9EST8	Hnf4a	Nfkbiz	True	False	False	False	False	False	B
P49698	A0A140LIZ7	Hnf4a	A0A140LIZ7	True	False	False	False	False	False	B
P49698	Q8BMW7	Hnf4a	Nipal1	True	False	False	False	False	False	C
P49698	Q3TZG8	Hnf4a	Q3TZG8	True	False	False	False	False	False	B
P49698	G3UYV8	Hnf4a	G3UYV8	True	False	False	False	False	False	B
P49698	P97300	Hnf4a	Nptn	True	False	False	False	False	False	C
P49698	Q3UV55	Hnf4a	Nr1d1	True	False	False	False	False	False	C
P49698	Q9Z0Y9	Hnf4a	Nr1h3	True	False	False	False	False	False	C
P49698	Q505F1	Hnf4a	Nr2c1	True	False	False	False	False	False	C
P49698	P43136	Hnf4a	Nr2f6	True	False	False	False	False	False	B
P49698	P97333	Hnf4a	Nrp1	True	False	False	False	False	False	B
P49698	E9QME3	Hnf4a	E9QME3	True	False	False	False	False	False	C
P49698	Q6P3D0	Hnf4a	Nudt16	True	False	False	False	False	False	C
P49698	Q99P30	Hnf4a	Nudt7	True	False	False	False	False	False	C
P49698	Q9QY81	Hnf4a	Nup210	True	False	False	False	False	False	B
P49698	O08760	Hnf4a	Ogg1	True	False	False	False	False	False	C
P49698	Q5QNQ6	Hnf4a	Osbp2	True	False	False	False	False	False	C
P49698	S4R1M9	Hnf4a	Osbpl10	True	False	False	False	False	False	B
P49698	Q8BX94	Hnf4a	Osbpl2	True	False	False	False	False	False	C
P49698	A0A0N4SV33	Hnf4a	A0A0N4SV33	True	False	False	False	False	False	B
P49698	Q9WVE8	Hnf4a	Pacsin2	True	False	False	False	False	False	B
P49698	Q8BTW9	Hnf4a	Pak4	True	False	False	False	False	False	C
P49698	A2API8	Hnf4a	A2API8	True	False	False	False	False	False	B
P49698	Q8C0L6	Hnf4a	Paox	True	False	False	False	False	False	C
P49698	P60335	Hnf4a	Pcbp1	True	False	False	False	False	False	B
P49698	Q8BH04	Hnf4a	Pck2	True	False	False	False	False	False	A
P49698	F6XJP7	Hnf4a	F6XJP7	True	False	False	False	False	False	B
P49698	Q01063	Hnf4a	Pde4d	True	False	False	False	False	False	B
P49698	Q9QXQ1	Hnf4a	Pde7b	True	False	False	False	False	False	C
P49698	O88502	Hnf4a	Pde8a	True	False	False	False	False	False	B
P49698	Q8CI51	Hnf4a	Pdlim5	True	False	False	False	False	False	B
P49698	Q61907	Hnf4a	Pemt	True	False	False	False	False	False	B
P49698	Q11136	Hnf4a	Pepd	True	False	False	False	False	False	B
P49698	A0A0R4J0U3	Hnf4a	A0A0R4J0U3	True	False	False	False	False	False	B
P49698	B1AVP0	Hnf4a	B1AVP0	True	False	False	False	False	False	B
P49698	A0A087WNQ9	Hnf4a	A0A087WNQ9	True	False	False	False	False	False	B
P49698	Q8K1N2	Hnf4a	Phldb2	True	False	False	False	False	False	B
P49698	Q8CHE4	Hnf4a	Phlpp1	True	False	False	False	False	False	B
P49698	Q8CBQ5	Hnf4a	Pi4k2b	True	False	False	False	False	False	C
P49698	Q9EQ32	Hnf4a	Pik3ap1	True	False	False	False	False	False	B
P49698	P26450	Hnf4a	Pik3r1	True	False	False	False	False	False	B
P49698	P06803	Hnf4a	Pim1	True	False	False	False	False	False	B
P49698	Q99MQ3	Hnf4a	Pink1	True	False	False	False	False	False	C
P49698	Q9D826	Hnf4a	Pipox	True	False	False	False	False	False	C
P49698	P52480	Hnf4a	Pkm	True	False	False	False	False	False	C
P49698	Q50L41	Hnf4a	Pla2g4f	True	False	False	False	False	False	B
P49698	Q9Z1B3	Hnf4a	Plcb1	True	False	False	False	False	False	B
P49698	F7C3A0	Hnf4a	F7C3A0	True	False	False	False	False	False	C
P49698	D3Z2V2	Hnf4a	D3Z2V2	True	False	False	False	False	False	B
P49698	Q9QXS1	Hnf4a	Plec	True	False	False	False	False	False	B
P49698	D3Z5N8	Hnf4a	D3Z5N8	True	False	False	False	False	False	C
P49698	Q4VAC9	Hnf4a	Plekhg3	True	False	False	False	False	False	B
P49698	Q66T02	Hnf4a	Plekhg5	True	False	False	False	False	False	C
P49698	Q8R0J1	Hnf4a	Plekhg6	True	False	False	False	False	False	B
P49698	Q80TI1	Hnf4a	Plekhh1	True	False	False	False	False	False	C
P49698	Q8BM47	Hnf4a	Plekhm3	True	False	False	False	False	False	B
P49698	Q99JY8	Hnf4a	Plpp3	True	False	False	False	False	False	B
P49698	P70207	Hnf4a	Plxna2	True	False	False	False	False	False	B
P49698	Q9WVF7	Hnf4a	Pole	True	False	False	False	False	False	C
P49698	P37040	Hnf4a	Por	True	False	False	False	False	False	B
P49698	A0A140LIN3	Hnf4a	A0A140LIN3	True	False	False	False	False	False	B
P49698	Q6P1F6	Hnf4a	Ppp2r2a	True	False	False	False	False	False	C
P49698	P63328	Hnf4a	Ppp3ca	True	False	False	False	False	False	B
P49698	Q6NVE9	Hnf4a	Pptc7	True	False	False	False	False	False	B
P49698	Q91WG5	Hnf4a	Prkag2	True	False	False	False	False	False	B
P49698	P16054	Hnf4a	Prkce	True	False	False	False	False	False	B
P49698	P23298	Hnf4a	Prkch	True	False	False	False	False	False	B
P49698	Q08501	Hnf4a	Prlr	True	False	False	False	False	False	B
P49698	Q6PAK3	Hnf4a	Prmt8	True	False	False	False	False	False	C
P49698	Q812A5	Hnf4a	Prr5	True	False	False	False	False	False	B
P49698	F8WHT3	Hnf4a	F8WHT3	True	False	False	False	False	False	C
P49698	D3YWL4	Hnf4a	D3YWL4	True	False	False	False	False	False	C
P49698	Q8BLR5	Hnf4a	Psd4	True	False	False	False	False	False	B
P49698	Q9R1P4	Hnf4a	Psma1	True	False	False	False	False	False	C
P49698	Q9Z2U1	Hnf4a	Psma5	True	False	False	False	False	False	C
P49698	Q8BHL8	Hnf4a	Psmf1	True	False	False	False	False	False	C
P49698	P34152	Hnf4a	Ptk2	True	False	False	False	False	False	B
P49698	Q9QVP9	Hnf4a	Ptk2b	True	False	False	False	False	False	B
P49698	Q9D0J8	Hnf4a	Ptms	True	False	False	False	False	False	C
P49698	Q63739	Hnf4a	Ptp4a1	True	False	False	False	False	False	B
P49698	A2A8L5	Hnf4a	Ptprf	True	False	False	False	False	False	B
P49698	E9Q0N2	Hnf4a	Ptprh	True	False	False	False	False	False	C
P49698	Q3UEB3	Hnf4a	Puf60	True	False	False	False	False	False	C
P49698	Q8BQX0	Hnf4a	Q8BQX0	True	False	False	False	False	False	C
P49698	A6H6A9	Hnf4a	Rabgap1l	True	False	False	False	False	False	B
P49698	O35719	Hnf4a	Rad51b	True	False	False	False	False	False	B
P49698	Q99N57	Hnf4a	Raf1	True	False	False	False	False	False	C
P49698	A2AR50	Hnf4a	Ralgps1	True	False	False	False	False	False	B
P49698	Q91ZZ2	Hnf4a	Q91ZZ2	True	False	False	False	False	False	B
P49698	P13405	Hnf4a	Rb1	True	False	False	False	False	False	C
P49698	D3Z4I3	Hnf4a	Rbm24	True	False	False	False	False	False	C
P49698	Q91WT8	Hnf4a	Rbm47	True	False	False	False	False	False	B
P49698	Q9WVB0	Hnf4a	Rbpms	True	False	False	False	False	False	B
P49698	Q80TZ9	Hnf4a	Rere	True	False	False	False	False	False	B
P49698	Q7TT28	Hnf4a	Rexo1	True	False	False	False	False	False	C
P49698	Q9WUK4	Hnf4a	Rfc2	True	False	False	False	False	False	C
P49698	Q8C3B8	Hnf4a	Rft1	True	False	False	False	False	False	C
P49698	Q8VC82	Hnf4a	Rhbdl1	True	False	False	False	False	False	C
P49698	P15409	Hnf4a	Rho	True	False	False	False	False	False	B
P49698	Q91V93	Hnf4a	Rhobtb2	True	False	False	False	False	False	C
P49698	Q9CTN4	Hnf4a	Rhobtb3	True	False	False	False	False	False	B
P49698	F8WGD2	Hnf4a	F8WGD2	True	False	False	False	False	False	B
P49698	Q9Z2I4	Hnf4a	Robo3	True	False	False	False	False	False	C
P49698	P27659	Hnf4a	Rpl3	True	False	False	False	False	False	C
P49698	P97351	Hnf4a	Rps3a	True	False	False	False	False	False	C
P49698	P18654	Hnf4a	Rps6ka3	True	False	False	False	False	False	C
P49698	P62082	Hnf4a	Rps7	True	False	False	False	False	False	C
P49698	A2ACM0	Hnf4a	A2ACM0	True	False	False	False	False	False	C
P49698	A2AVJ7	Hnf4a	A2AVJ7	True	False	False	False	False	False	B
P49698	Q3UH06	Hnf4a	Rreb1	True	False	False	False	False	False	B
P49698	A0A087WR05	Hnf4a	A0A087WR05	True	False	False	False	False	False	B
P49698	Q8CBY1	Hnf4a	Samd4a	True	False	False	False	False	False	B
P49698	Q99LB7	Hnf4a	Sardh	True	False	False	False	False	False	B
P49698	E9PZM7	Hnf4a	E9PZM7	True	False	False	False	False	False	C
P49698	Q6GQT6	Hnf4a	Scap	True	False	False	False	False	False	B
P49698	Q8K299	Hnf4a	Scara5	True	False	False	False	False	False	C
P49698	Q99PL7	Hnf4a	Scd3	True	False	False	False	False	False	C
P49698	P13011	Hnf4a	Scd2	True	False	False	False	False	False	C
P49698	Q78YZ6	Hnf4a	Scoc	True	False	False	False	False	False	C
P49698	Q9EQC5	Hnf4a	Scyl1	True	False	False	False	False	False	C
P49698	Q8R238	Hnf4a	Sdsl	True	False	False	False	False	False	C
P49698	A8Y5H7	Hnf4a	Sec14l1	True	False	False	False	False	False	B
P49698	Q01405	Hnf4a	Sec23a	True	False	False	False	False	False	B
P49698	Q62181	Hnf4a	Sema3c	True	False	False	False	False	False	C
P49698	Q62179	Hnf4a	Sema4b	True	False	False	False	False	False	B
P49698	Q8BHJ6	Hnf4a	Serinc5	True	False	False	False	False	False	B
P49698	Q7TMF5	Hnf4a	Serpina12	True	False	False	False	False	False	C
P49698	Q9DAV6	Hnf4a	Q9DAV6	True	False	False	False	False	False	C
P49698	Q8BMT0	Hnf4a	Q8BMT0	True	False	False	False	False	False	C
P49698	O08797	Hnf4a	O08797	True	False	False	False	False	False	C
P49698	Q9JJG5	Hnf4a	Sertad2	True	False	False	False	False	False	B
P49698	Q3UZY0	Hnf4a	Sfi1	True	False	False	False	False	False	C
P49698	Q8C4U3	Hnf4a	Sfrp1	True	False	False	False	False	False	C
P49698	Q9Z1N6	Hnf4a	Sfrp4	True	False	False	False	False	False	C
P49698	Q925N0	Hnf4a	Sfxn5	True	False	False	False	False	False	B
P49698	Q8BG73	Hnf4a	Sh3bgrl2	True	False	False	False	False	False	C
P49698	Q921I6	Hnf4a	Sh3bp4	True	False	False	False	False	False	B
P49698	Q99LH9	Hnf4a	Sh3bp5l	True	False	False	False	False	False	C
P49698	Q91X43	Hnf4a	Sh3d19	True	False	False	False	False	False	B
P49698	O89032	Hnf4a	Sh3pxd2a	True	False	False	False	False	False	B
P49698	D3Z5K8	Hnf4a	D3Z5K8	True	False	False	False	False	False	B
P49698	Q91WA6	Hnf4a	Sharpin	True	False	False	False	False	False	C
P49698	Q8CAK3	Hnf4a	Shfl	True	False	False	False	False	False	C
P49698	Q9D7I0	Hnf4a	Shisa5	True	False	False	False	False	False	C
P49698	Q9EPK6	Hnf4a	Sil1	True	False	False	False	False	False	B
P49698	E9Q6E9	Hnf4a	Simc1	True	False	False	False	False	False	C
P49698	G3X9J0	Hnf4a	Sipa1l3	True	False	False	False	False	False	B
P49698	B1AUF1	Hnf4a	B1AUF1	True	False	False	False	False	False	B
P49698	Q5PT54	Hnf4a	Slc10a5	True	False	False	False	False	False	C
P49698	Q91Y63	Hnf4a	Slc13a3	True	False	False	False	False	False	B
P49698	Q67BT3	Hnf4a	Slc13a5	True	False	False	False	False	False	B
P49698	P56564	Hnf4a	Slc1a3	True	False	False	False	False	False	C
P49698	Q80UP8	Hnf4a	Slc20a2	True	False	False	False	False	False	B
P49698	B2RT89	Hnf4a	B2RT89	True	False	False	False	False	False	C
P49698	Q8BWG6	Hnf4a	Q8BWG6	True	False	False	False	False	False	C
P49698	Q96LX3	Hnf4a	Q96LX3	True	False	False	False	False	False	C
P49698	Q76M72	Hnf4a	Slc22a27	True	False	False	False	False	False	C
P49698	Q8VCA0	Hnf4a	Slc22a19	True	False	False	False	False	False	C
P49698	Q91WJ2	Hnf4a	Q91WJ2	True	False	False	False	False	False	C
P49698	Q3UHH2	Hnf4a	Slc22a23	True	False	False	False	False	False	B
P49698	Q9QZD8	Hnf4a	Slc25a10	True	False	False	False	False	False	C
P49698	Q3T9X0	Hnf4a	Slc2a9	True	False	False	False	False	False	B
P49698	Q3UVU3	Hnf4a	Slc30a10	True	False	False	False	False	False	B
P49698	Q9D2V6	Hnf4a	Q9D2V6	True	False	False	False	False	False	C
P49698	Q80SU6	Hnf4a	Slc34a3	True	False	False	False	False	False	C
P49698	Q8R1T4	Hnf4a	Slc35a3	True	False	False	False	False	False	C
P49698	A0A0R4J181	Hnf4a	A0A0R4J181	True	False	False	False	False	False	B
P49698	Q8K4D3	Hnf4a	Slc36a1	True	False	False	False	False	False	C
P49698	Q8BWY7	Hnf4a	Slc39a11	True	False	False	False	False	False	B
P49698	Q9JHI9	Hnf4a	Slc40a1	True	False	False	False	False	False	B
P49698	Q6X893	Hnf4a	Slc44a1	True	False	False	False	False	False	B
P49698	Q91VA1	Hnf4a	Slc44a4	True	False	False	False	False	False	B
P49698	Q8CE47	Hnf4a	Slc49a3	True	False	False	False	False	False	C
P49698	Q8K0E3	Hnf4a	Slc5a11	True	False	False	False	False	False	C
P49698	Q9Z127	Hnf4a	Slc7a5	True	False	False	False	False	False	B
P49698	Q8R4D1	Hnf4a	Slc9a8	True	False	False	False	False	False	C
P49698	Q8BXB6	Hnf4a	Slco2b1	True	False	False	False	False	False	B
P49698	Q8BUN5	Hnf4a	Smad3	True	False	False	False	False	False	B
P49698	O35182	Hnf4a	Smad6	True	False	False	False	False	False	C
P49698	O35253	Hnf4a	Smad7	True	False	False	False	False	False	B
P49698	Q99KC7	Hnf4a	Smagp	True	False	False	False	False	False	C
P49698	A0A0R4J1E4	Hnf4a	A0A0R4J1E4	True	False	False	False	False	False	B
P49698	E9PYU8	Hnf4a	E9PYU8	True	False	False	False	False	False	B
P49698	Q9QY31	Hnf4a	Snai3	True	False	False	False	False	False	C
P49698	Q91XA5	Hnf4a	Snapc2	True	False	False	False	False	False	C
P49698	Q99L88	Hnf4a	Sntb1	True	False	False	False	False	False	B
P49698	Q8BNW6	Hnf4a	Q8BNW6	True	False	False	False	False	False	C
P49698	Q3UHD6	Hnf4a	Snx27	True	False	False	False	False	False	C
P49698	Q80ZJ7	Hnf4a	Snx32	True	False	False	False	False	False	C
P49698	Q6P8X1	Hnf4a	Snx6	True	False	False	False	False	False	C
P49698	P09671	Hnf4a	Sod2	True	False	False	False	False	False	B
P49698	A0A5F8MPJ2	Hnf4a	A0A5F8MPJ2	True	False	False	False	False	False	B
P49698	O88307	Hnf4a	Sorl1	True	False	False	False	False	False	B
P49698	Q04891	Hnf4a	Sox13	True	False	False	False	False	False	B
P49698	P40645	Hnf4a	Sox6	True	False	False	False	False	False	B
P49698	Q9ESX2	Hnf4a	Sp6	True	False	False	False	False	False	C
P49698	Q58A65	Hnf4a	Spag9	True	False	False	False	False	False	B
P49698	Q91WJ7	Hnf4a	Spats2l	True	False	False	False	False	False	B
P49698	Q8BGX7	Hnf4a	Spidr	True	False	False	False	False	False	B
P49698	Q924S7	Hnf4a	Spred2	True	False	False	False	False	False	B
P49698	Q9QXV8	Hnf4a	Spry2	True	False	False	False	False	False	C
P49698	Q9D032	Hnf4a	Ssbp3	True	False	False	False	False	False	B
P49698	P30935	Hnf4a	Sstr3	True	False	False	False	False	False	C
P49698	Q80TY4	Hnf4a	St18	True	False	False	False	False	False	B
P49698	P54751	Hnf4a	St3gal1	True	False	False	False	False	False	B
P49698	Q8VIB3	Hnf4a	St3gal6	True	False	False	False	False	False	B
P49698	Q64685	Hnf4a	St6gal1	True	False	False	False	False	False	B
P49698	O35638	Hnf4a	Stag2	True	False	False	False	False	False	C
P49698	P70302	Hnf4a	Stim1	True	False	False	False	False	False	B
P49698	Q99KH8	Hnf4a	Stk24	True	False	False	False	False	False	B
P49698	Q8VDS8	Hnf4a	Stx18	True	False	False	False	False	False	B
P49698	D3Z079	Hnf4a	D3Z079	True	False	False	False	False	False	C
P49698	B8JJ84	Hnf4a	B8JJ84	True	False	False	False	False	False	B
P49698	Q8CFG0	Hnf4a	Sulf2	True	False	False	False	False	False	B
P49698	O35400	Hnf4a	Sult2b1	True	False	False	False	False	False	C
P49698	Q8BJS4	Hnf4a	Sun2	True	False	False	False	False	False	C
P49698	Q62383	Hnf4a	Supt6h	True	False	False	False	False	False	C
P49698	Q64310	Hnf4a	Surf4	True	False	False	False	False	False	C
P49698	Q8BGE4	Hnf4a	Susd6	True	False	False	False	False	False	B
P49698	Q8K4L3	Hnf4a	Svil	True	False	False	False	False	False	B
P49698	Q8BHS8	Hnf4a	Sybu	True	False	False	False	False	False	B
P49698	Q8JZP2	Hnf4a	Syn3	True	False	False	False	False	False	B
P49698	O55101	Hnf4a	Syngr2	True	False	False	False	False	False	C
P49698	A0A0R4J0K3	Hnf4a	A0A0R4J0K3	True	False	False	False	False	False	C
P49698	D3YWM9	Hnf4a	D3YWM9	True	False	False	False	False	False	B
P49698	E9Q8T1	Hnf4a	E9Q8T1	True	False	False	False	False	False	B
P49698	P70347	Hnf4a	Tank	True	False	False	False	False	False	B
P49698	Q8R1G1	Hnf4a	Tasp1	True	False	False	False	False	False	A
P49698	E9QL22	Hnf4a	E9QL22	True	False	False	False	False	False	C
P49698	Q60949	Hnf4a	Tbc1d1	True	False	False	False	False	False	B
P49698	D3YWM7	Hnf4a	D3YWM7	True	False	False	False	False	False	B
P49698	Q3U0J8	Hnf4a	Tbc1d2b	True	False	False	False	False	False	B
P49698	Q9QXE7	Hnf4a	Tbl1x	True	False	False	False	False	False	B
P49698	A0A494B9E3	Hnf4a	A0A494B9E3	True	False	False	False	False	False	C
P49698	H3BL37	Hnf4a	H3BL37	True	False	False	False	False	False	C
P49698	O08524	Hnf4a	Tectb	True	False	False	False	False	False	B
P49698	Q9JLC6	Hnf4a	Tef	True	False	False	False	False	False	B
P49698	D3YZ08	Hnf4a	D3YZ08	True	False	False	False	False	False	B
P49698	Q6ZPJ0	Hnf4a	Tex2	True	False	False	False	False	False	B
P49698	D3YZM7	Hnf4a	D3YZM7	True	False	False	False	False	False	C
P49698	Q9JKX3	Hnf4a	Tfr2	True	False	False	False	False	False	B
P49698	P48030	Hnf4a	Tgfa	True	False	False	False	False	False	A
P49698	A0A0R4J097	Hnf4a	A0A0R4J097	True	False	False	False	False	False	B
P49698	P70284	Hnf4a	Tgif1	True	False	False	False	False	False	C
P49698	A8C756	Hnf4a	Thada	True	False	False	False	False	False	B
P49698	Q03350	Hnf4a	Thbs2	True	False	False	False	False	False	C
P49698	Q6ZPF3	Hnf4a	Tiam2	True	False	False	False	False	False	C
P49698	Q8BUY5	Hnf4a	Timmdc1	True	False	False	False	False	False	C
P49698	A0A1W2P7W7	Hnf4a	A0A1W2P7W7	True	False	False	False	False	False	B
P49698	Q62440	Hnf4a	Tle1	True	False	False	False	False	False	B
P49698	Q08122	Hnf4a	Tle3	True	False	False	False	False	False	B
P49698	A0A1L1SQ51	Hnf4a	A0A1L1SQ51	True	False	False	False	False	False	B
P49698	Q9CQY8	Hnf4a	Tm4sf20	True	False	False	False	False	False	C
P49698	Q91XF2	Hnf4a	Q91XF2	True	False	False	False	False	False	B
P49698	Q8BH24	Hnf4a	Tm9sf4	True	False	False	False	False	False	C
P49698	D3Z0A5	Hnf4a	D3Z0A5	True	False	False	False	False	False	B
P49698	Q8R218	Hnf4a	Tmem150b	True	False	False	False	False	False	C
P49698	Q3UME2	Hnf4a	Tmem241	True	False	False	False	False	False	B
P49698	D3YWD3	Hnf4a	D3YWD3	True	False	False	False	False	False	B
P49698	Q8C3K5	Hnf4a	Tmem72	True	False	False	False	False	False	C
P49698	Q9D7L8	Hnf4a	Tmigd1	True	False	False	False	False	False	B
P49698	Q8K288	Hnf4a	Tnfaip8l1	True	False	False	False	False	False	C
P49698	Q9QZM4	Hnf4a	Tnfrsf10b	True	False	False	False	False	False	C
P49698	Q5SSZ5	Hnf4a	Tns3	True	False	False	False	False	False	B
P49698	Q3TYG6	Hnf4a	Togaram2	True	False	False	False	False	False	C
P49698	Q5SRX1	Hnf4a	Tom1l2	True	False	False	False	False	False	C
P49698	E9Q0B9	Hnf4a	E9Q0B9	True	False	False	False	False	False	C
P49698	Q9EQJ0	Hnf4a	Tpcn1	True	False	False	False	False	False	B
P49698	Q8CB49	Hnf4a	Tprg1	True	False	False	False	False	False	B
P49698	Q6PD31	Hnf4a	Trak1	True	False	False	False	False	False	B
P49698	Q3U0M1	Hnf4a	Trappc9	True	False	False	False	False	False	B
P49698	Q9ESN6	Hnf4a	Trim2	True	False	False	False	False	False	B
P49698	Q8R0K2	Hnf4a	Trim31	True	False	False	False	False	False	B
P49698	Q0KL02	Hnf4a	Trio	True	False	False	False	False	False	B
P49698	Q91YD4	Hnf4a	Trpm2	True	False	False	False	False	False	C
P49698	A0A494BAQ5	Hnf4a	A0A494BAQ5	True	False	False	False	False	False	C
P49698	Q8QZY6	Hnf4a	Tspan14	True	False	False	False	False	False	B
P49698	Q8R3G9	Hnf4a	Tspan8	True	False	False	False	False	False	B
P49698	A3KMP2	Hnf4a	Ttc38	True	False	False	False	False	False	C
P49698	Q8BGB2	Hnf4a	Ttc7a	True	False	False	False	False	False	B
P49698	Q80UG8	Hnf4a	Ttll4	True	False	False	False	False	False	C
P49698	A2APC3	Hnf4a	Ttll9	True	False	False	False	False	False	C
P49698	Q3TH73	Hnf4a	Ttyh2	True	False	False	False	False	False	C
P49698	Q6P5F7	Hnf4a	Ttyh3	True	False	False	False	False	False	B
P49698	Q8CDN6	Hnf4a	Txnl1	True	False	False	False	False	False	C
P49698	P55144	Hnf4a	Tyro3	True	False	False	False	False	False	C
P49698	Q80X50	Hnf4a	Ubap2l	True	False	False	False	False	False	C
P49698	Q6ZWZ2	Hnf4a	Ube2r2	True	False	False	False	False	False	C
P49698	P56501	Hnf4a	Ucp3	True	False	False	False	False	False	C
P49698	K9J7B2	Hnf4a	K9J7B2	True	False	False	False	False	False	A
P49698	Q64435	Hnf4a	Ugt1a6	True	False	False	False	False	False	A
P49698	Q8K1S3	Hnf4a	Unc5b	True	False	False	False	False	False	C
P49698	P52624	Hnf4a	Upp1	True	False	False	False	False	False	C
P49698	Q3UEL5	Hnf4a	Q3UEL5	True	False	False	False	False	False	C
P49698	A0A0R4J0E0	Hnf4a	A0A0R4J0E0	True	False	False	False	False	False	C
P49698	Q3TIX9	Hnf4a	Usp39	True	False	False	False	False	False	C
P49698	F8VPX1	Hnf4a	F8VPX1	True	False	False	False	False	False	B
P49698	D3Z5G1	Hnf4a	D3Z5G1	True	False	False	False	False	False	C
P49698	A0A1W2P8G5	Hnf4a	A0A1W2P8G5	True	False	False	False	False	False	B
P49698	Q9Z2P8	Hnf4a	Vamp5	True	False	False	False	False	False	C
P49698	Q80Z96	Hnf4a	Vangl1	True	False	False	False	False	False	C
P49698	Q3U2A8	Hnf4a	Vars2	True	False	False	False	False	False	C
P49698	Q60992	Hnf4a	Vav2	True	False	False	False	False	False	B
P49698	E9PZY8	Hnf4a	E9PZY8	True	False	False	False	False	False	C
P49698	Q99KU0	Hnf4a	Vmp1	True	False	False	False	False	False	B
P49698	B1ART2	Hnf4a	B1ART2	True	False	False	False	False	False	B
P49698	A0A571BE33	Hnf4a	A0A571BE33	True	False	False	False	False	False	C
P49698	Q8BGW2	Hnf4a	Wbp1l	True	False	False	False	False	False	C
P49698	E9Q4P1	Hnf4a	Wdfy1	True	False	False	False	False	False	B
P49698	Q6VNB8	Hnf4a	Wdfy3	True	False	False	False	False	False	C
P49698	Q91V09	Hnf4a	Wdr13	True	False	False	False	False	False	C
P49698	Q8C0M0	Hnf4a	Wdr59	True	False	False	False	False	False	C
P49698	E9QM73	Hnf4a	E9QM73	True	False	False	False	False	False	B
P49698	P17553	Hnf4a	Wnt3	True	False	False	False	False	False	C
P49698	P22726	Hnf4a	Wnt5b	True	False	False	False	False	False	C
P49698	Q5SXA9	Hnf4a	Wwc1	True	False	False	False	False	False	B
P49698	Q9DBH0	Hnf4a	Wwp2	True	False	False	False	False	False	B
P49698	Q9Z0U0	Hnf4a	Xpr1	True	False	False	False	False	False	C
P49698	Q3U4G3	Hnf4a	Xxylt1	True	False	False	False	False	False	B
P49698	Q9EPL0	Hnf4a	Xylt2	True	False	False	False	False	False	C
P49698	P46938	Hnf4a	Yap1	True	False	False	False	False	False	B
P49698	Q3UQ17	Hnf4a	Q3UQ17	True	False	False	False	False	False	B
P49698	Q8K0L9	Hnf4a	Zbtb20	True	False	False	False	False	False	B
P49698	D3Z1Y7	Hnf4a	D3Z1Y7	True	False	False	False	False	False	B
P49698	Q8VCZ7	Hnf4a	Zbtb7c	True	False	False	False	False	False	C
P49698	D3Z5I1	Hnf4a	D3Z5I1	True	False	False	False	False	False	C
P49698	Q69ZB8	Hnf4a	Zcchc2	True	False	False	False	False	False	B
P49698	Q91X58	Hnf4a	Zfand2b	True	False	False	False	False	False	C
P49698	Q497H0	Hnf4a	Zfand3	True	False	False	False	False	False	B
P49698	Q7TS63	Hnf4a	Zfat	True	False	False	False	False	False	B
P49698	A0A087WQ36	Hnf4a	A0A087WQ36	True	False	False	False	False	False	B
P49698	P23949	Hnf4a	Zfp36l2	True	False	False	False	False	False	B
P49698	P17141	Hnf4a	Zfp37	True	False	False	False	False	False	C
P49698	Q3TXX3	Hnf4a	Zfyve27	True	False	False	False	False	False	C
P49698	Q8C0Q2	Hnf4a	Zhx3	True	False	False	False	False	False	C
P49698	Q6P1E1	Hnf4a	Zmiz1	True	False	False	False	False	False	B
P49698	A2A484	Hnf4a	A2A484	True	False	False	False	False	False	B
P49698	Q56A10	Hnf4a	Znf608	True	False	False	False	False	False	B
P49698	Q5SSZ7	Hnf4a	Znrf3	True	False	False	False	False	False	B
P49698	Q8CFL8	Hnf4a	Zswim3	True	False	False	False	False	False	C
E9QPS1	P61922	E9QPS1	Abat	True	False	False	False	False	False	C
E9QPS1	Q91V12	E9QPS1	Acot7	True	False	False	False	False	False	C
E9QPS1	O35423	E9QPS1	Agxt	True	False	False	False	False	False	C
E9QPS1	P24549	E9QPS1	Aldh1a1	True	False	False	False	False	False	C
E9QPS1	P47738	E9QPS1	Aldh2	True	False	False	False	False	False	C
E9QPS1	Q80VQ0	E9QPS1	Aldh3b1	True	False	False	False	False	False	C
E9QPS1	P98197	E9QPS1	Atp11a	True	False	False	False	False	False	C
E9QPS1	F8WHB1	E9QPS1	F8WHB1	True	False	False	False	False	False	C
E9QPS1	Q148W0	E9QPS1	Atp8b1	True	False	False	False	False	False	C
E9QPS1	B1AR74	E9QPS1	B1AR74	True	False	False	False	False	False	C
E9QPS1	Q8CGN4	E9QPS1	Bcor	True	False	False	False	False	False	C
E9QPS1	Q9WVJ3	E9QPS1	Cpq	True	False	False	False	False	False	C
E9QPS1	Q91XE9	E9QPS1	Creb3l3	True	False	False	False	False	False	C
E9QPS1	Q99KE3	E9QPS1	Dok4	True	False	False	False	False	False	B
E9QPS1	Q7TNL7	E9QPS1	Q7TNL7	True	False	False	False	False	False	C
E9QPS1	O70273	E9QPS1	Ehf	True	False	False	False	False	False	C
E9QPS1	Q61526	E9QPS1	Erbb3	True	False	False	False	False	False	C
E9QPS1	Q80X90	E9QPS1	Flnb	True	False	False	False	False	False	C
E9QPS1	Q8CB44	E9QPS1	Gramd4	True	False	False	False	False	False	C
E9QPS1	P27889	E9QPS1	Hnf1b	True	False	False	False	False	False	C
E9QPS1	P62748	E9QPS1	Hpcal1	True	False	False	False	False	False	C
E9QPS1	P51658	E9QPS1	Hsd17b2	True	False	False	False	False	False	C
E9QPS1	Q3UQ44	E9QPS1	Iqgap2	True	False	False	False	False	False	C
E9QPS1	P62482	E9QPS1	Kcnab2	True	False	False	False	False	False	C
E9QPS1	Q5NCY0	E9QPS1	Kdm6b	True	False	False	False	False	False	C
E9QPS1	Q6PDN3	E9QPS1	Mylk	True	False	False	False	False	False	C
E9QPS1	Q9JMH9	E9QPS1	Myo18a	True	False	False	False	False	False	C
E9QPS1	E9PWU9	E9QPS1	E9PWU9	True	False	False	False	False	False	C
E9QPS1	A0A286YDV4	E9QPS1	A0A286YDV4	True	False	False	False	False	False	C
E9QPS1	Q9QXS1	E9QPS1	Plec	True	False	False	False	False	False	C
E9QPS1	Q8BQP8	E9QPS1	Rab11fip4	True	False	False	False	False	False	C
E9QPS1	Q91WT8	E9QPS1	Rbm47	True	False	False	False	False	False	C
E9QPS1	Q3UH06	E9QPS1	Rreb1	True	False	False	False	False	False	C
E9QPS1	A8Y5H7	E9QPS1	Sec14l1	True	False	False	False	False	False	C
E9QPS1	P70274	E9QPS1	Selenop	True	False	False	False	False	False	C
E9QPS1	A0A0R4J0X5	E9QPS1	A0A0R4J0X5	True	False	False	False	False	False	A
E9QPS1	P07758	E9QPS1	Serpina1a	True	False	False	False	False	False	A
E9QPS1	Q00897	E9QPS1	Serpina1d	True	False	False	False	False	False	A
E9QPS1	P22599	E9QPS1	Serpina1b	True	False	False	False	False	False	A
E9QPS1	Q00898	E9QPS1	Serpina1e	True	False	False	False	False	False	A
E9QPS1	Q8BXB6	E9QPS1	Slco2b1	True	False	False	False	False	False	C
E9QPS1	A0A5F8MPJ2	E9QPS1	A0A5F8MPJ2	True	False	False	False	False	False	C
E9QPS1	Q91WJ7	E9QPS1	Spats2l	True	False	False	False	False	False	C
E9QPS1	Q8CI15	E9QPS1	Sphk1	True	False	False	False	False	False	C
E9QPS1	Q99KH8	E9QPS1	Stk24	True	False	False	False	False	False	C
E9QPS1	E9Q8T1	E9QPS1	E9Q8T1	True	False	False	False	False	False	C
E9QPS1	Q9JIQ8	E9QPS1	Tmprss2	True	False	False	False	False	False	C
E9QPS1	Q9Z2P8	E9QPS1	Vamp5	True	False	False	False	False	False	C
E9QPS1	E9QM73	E9QPS1	E9QM73	True	False	False	False	False	False	C
E9QPS1	Q5SXA9	E9QPS1	Wwc1	True	False	False	False	False	False	B
P09631	Q641K1	Hoxa9	Agtpbp1	True	False	False	False	False	False	C
P09631	Q811M1	Hoxa9	Arhgap15	True	False	False	False	False	False	C
P09631	Q921W4	Hoxa9	Cryzl1	True	False	False	False	False	False	C
P09631	Q61214	Hoxa9	Dyrk1a	True	False	False	False	False	False	C
P09631	E0CXS6	Hoxa9	E0CXS6	True	False	False	False	False	False	C
P09631	Q3TCV3	Hoxa9	Gsap	True	False	False	False	False	False	C
P09631	Q6I6G8	Hoxa9	Hecw2	True	False	False	False	False	False	C
P09631	Q5DU31	Hoxa9	Ipcef1	True	False	False	False	False	False	C
P09631	B1AST7	Hoxa9	B1AST7	True	False	False	False	False	False	C
P09631	V9GXT3	Hoxa9	V9GXT3	True	False	False	False	False	False	C
P09631	Q6ZQE4	Hoxa9	Nemp1	True	False	False	False	False	False	C
P09631	Q04690	Hoxa9	Nf1	True	False	False	False	False	False	C
P09631	A0A0A0MQD7	Hoxa9	A0A0A0MQD7	True	False	False	False	False	False	C
P09631	Q80TZ9	Hoxa9	Rere	True	False	False	False	False	False	C
P09631	Q8K443	Hoxa9	Rgs13	True	False	False	False	False	False	C
P09631	Q99ML9	Hoxa9	Rnf111	True	False	False	False	False	False	C
P09631	Q5S003	Hoxa9	Spag17	True	False	False	False	False	False	C
P09631	Q8BKQ3	Hoxa9	Q8BKQ3	True	False	False	False	False	False	C
P09631	Q62441	Hoxa9	Tle4	True	False	False	False	False	False	C
P09631	P20152	Hoxa9	Vim	True	False	False	False	False	False	C
P09631	Q7TMA2	Hoxa9	Znf503	True	False	False	False	False	False	C
P70321	O35227	Hoxb13	Adam7	True	False	False	False	False	False	C
P70321	E9Q394	Hoxb13	Akap13	True	False	False	False	False	False	C
P70321	Q811P8	Hoxb13	Arhgap32	True	False	False	False	False	False	C
P70321	Q8BMQ3	Hoxb13	Bnc2	True	False	False	False	False	False	C
P70321	Q69Z26	Hoxb13	Cntn4	True	False	False	False	False	False	C
P70321	Q0V8T9	Hoxb13	Cntnap5a	True	False	False	False	False	False	C
P70321	Q80X19	Hoxb13	Col14a1	True	False	False	False	False	False	C
P70321	Q9R1A8	Hoxb13	Cop1	True	False	False	False	False	False	C
P70321	O88327	Hoxb13	Ctnnal1	True	False	False	False	False	False	C
P70321	A0A571BEZ4	Hoxb13	A0A571BEZ4	True	False	False	False	False	False	C
P70321	E9Q7N9	Hoxb13	E9Q7N9	True	False	False	False	False	False	C
P70321	P59764	Hoxb13	Dock4	True	False	False	False	False	False	C
P70321	O70318	Hoxb13	Epb41l2	True	False	False	False	False	False	C
P70321	P81270	Hoxb13	Erg	True	False	False	False	False	False	C
P70321	P62509	Hoxb13	Esrrg	True	False	False	False	False	False	C
P70321	O35382	Hoxb13	Exoc4	True	False	False	False	False	False	C
P70321	F8VQ05	Hoxb13	F8VQ05	True	False	False	False	False	False	C
P70321	E0CXS6	Hoxb13	E0CXS6	True	False	False	False	False	False	C
P70321	O70263	Hoxb13	Lnx1	True	False	False	False	False	False	C
P70321	P14873	Hoxb13	Map1b	True	False	False	False	False	False	C
P70321	O70583	Hoxb13	Mid1	True	False	False	False	False	False	C
P70321	G3X8R8	Hoxb13	G3X8R8	True	False	False	False	False	False	C
P70321	Q02780	Hoxb13	Nfia	True	False	False	False	False	False	C
P70321	P0DI97	Hoxb13	Nrxn1	True	False	False	False	False	False	C
P70321	Q9CS84	Hoxb13	Nrxn1	True	False	False	False	False	False	C
P70321	Q9QZS3	Hoxb13	Numb	True	False	False	False	False	False	C
P70321	Q9QYC1	Hoxb13	Pcnx1	True	False	False	False	False	False	C
P70321	Q01063	Hoxb13	Pde4d	True	False	False	False	False	False	C
P70321	A0A1W2P712	Hoxb13	A0A1W2P712	True	False	False	False	False	False	C
P70321	P48381	Hoxb13	Rfx3	True	False	False	False	False	False	C
P70321	P70425	Hoxb13	Rit2	True	False	False	False	False	False	C
P70321	E9Q401	Hoxb13	Ryr2	True	False	False	False	False	False	C
P70321	Q62181	Hoxb13	Sema3c	True	False	False	False	False	False	C
P70321	Q8VD37	Hoxb13	Sgip1	True	False	False	False	False	False	C
P70321	Q78PY7	Hoxb13	Snd1	True	False	False	False	False	False	C
P70321	A0A0J9YTR8	Hoxb13	A0A0J9YTR8	True	False	False	False	False	False	C
P70321	Q8K4L3	Hoxb13	Svil	True	False	False	False	False	False	C
P70321	Q7TPG8	Hoxb13	Tafa1	True	False	False	False	False	False	C
P70321	Q91W18	Hoxb13	Tdrd3	True	False	False	False	False	False	C
P70321	P37242	Hoxb13	Thrb	True	False	False	False	False	False	C
P70321	E9PWD2	Hoxb13	E9PWD2	True	False	False	False	False	False	C
P70321	Q0KL02	Hoxb13	Trio	True	False	False	False	False	False	C
P09024	Q8BSY0	Hoxb7	Asph	True	False	False	False	False	False	C
P09024	P50153	Hoxb7	Gng4	True	False	False	False	False	False	C
P09024	A0A140LIN3	Hoxb7	A0A140LIN3	True	False	False	False	False	False	C
P09024	Q60676	Hoxb7	Ppp5c	True	False	False	False	False	False	C
P31313	P10126	Hoxc11	Eef1a1	True	False	False	False	False	False	C
P38532	E9Q4Z2	Hsf1	Acacb	True	False	False	False	False	False	C
P38532	Q91V12	Hsf1	Acot7	True	False	False	False	False	False	C
P38532	P84309	Hsf1	Adcy5	True	False	False	False	False	False	C
P38532	F8VQE9	Hsf1	F8VQE9	True	False	False	False	False	False	C
P38532	A0A0R4J020	Hsf1	A0A0R4J020	True	False	False	False	False	False	C
P38532	Q7TQC5	Hsf1	Aptx	True	False	False	False	False	False	C
P38532	Q0VF55	Hsf1	Q0VF55	True	False	False	False	False	False	C
P38532	Q8BKX1	Hsf1	Baiap2	True	False	False	False	False	False	C
P38532	G3X8S2	Hsf1	G3X8S2	True	False	False	False	False	False	C
P38532	P28662	Hsf1	Bri3	True	False	False	False	False	False	C
P38532	P97445	Hsf1	Cacna1a	True	False	False	False	False	False	C
P38532	Q8CIS0	Hsf1	Card11	True	False	False	False	False	False	C
P38532	D3Z313	Hsf1	D3Z313	True	False	False	False	False	False	C
P38532	P39038	Hsf1	Cdh4	True	False	False	False	False	False	C
P38532	Q9D486	Hsf1	Cmip	True	False	False	False	False	False	C
P38532	Q68ED7	Hsf1	Crtc1	True	False	False	False	False	False	C
P38532	Q8BVP5	Hsf1	Csnk1g2	True	False	False	False	False	False	C
P38532	B1AZP2	Hsf1	Dlgap4	True	False	False	False	False	False	C
P38532	O54946	Hsf1	Dnajb6	True	False	False	False	False	False	C
P38532	O08856	Hsf1	Ell	True	False	False	False	False	False	C
P38532	Q8BX80	Hsf1	Engase	True	False	False	False	False	False	C
P38532	E9Q9T0	Hsf1	E9Q9T0	True	False	False	False	False	False	C
P38532	A0A0R4J0F6	Hsf1	A0A0R4J0F6	True	False	False	False	False	False	C
P38532	Q0VGT2	Hsf1	Gli2	True	False	False	False	False	False	C
P38532	P27600	Hsf1	Gna12	True	False	False	False	False	False	C
P38532	A2A884	Hsf1	Hivep3	True	False	False	False	False	False	C
P38532	P63158	Hsf1	Hmgb1	True	False	False	False	False	False	C
P38532	O88569	Hsf1	Hnrnpa2b1	True	False	False	False	False	False	C
P38532	P62748	Hsf1	Hpcal1	True	False	False	False	False	False	B
P38532	P16627	Hsf1	Hspa1l	True	False	False	False	False	False	C
P38532	P63017	Hsf1	Hspa8	True	False	False	False	False	False	C
P38532	Q61699	Hsf1	Hsph1	True	False	False	False	False	False	C
P38532	O89113	Hsf1	Ier5	True	False	False	False	False	False	C
P38532	A0A0G2JH17	Hsf1	A0A0G2JH17	True	False	False	False	False	False	C
P38532	Q64287	Hsf1	Irf4	True	False	False	False	False	False	C
P38532	M0QW57	Hsf1	M0QW57	True	False	False	False	False	False	C
P38532	Q8R2P1	Hsf1	Klhl25	True	False	False	False	False	False	C
P38532	Q8K4G1	Hsf1	Ltbp4	True	False	False	False	False	False	C
P38532	Q63932	Hsf1	Map2k2	True	False	False	False	False	False	C
P38532	E9PXE2	Hsf1	E9PXE2	True	False	False	False	False	False	C
P38532	Q924H2	Hsf1	Med15	True	False	False	False	False	False	C
P38532	Q8CDB0	Hsf1	Mknk2	True	False	False	False	False	False	B
P38532	E0CZ22	Hsf1	Mroh1	True	False	False	False	False	False	C
P38532	Q8VDD5	Hsf1	Myh9	True	False	False	False	False	False	C
P38532	A0A0N4SV33	Hsf1	A0A0N4SV33	True	False	False	False	False	False	C
P38532	A0A1Y7VLZ7	Hsf1	A0A1Y7VLZ7	True	False	False	False	False	False	C
P38532	Q8BZ20	Hsf1	Parp12	True	False	False	False	False	False	C
P38532	Q8K183	Hsf1	Pdxk	True	False	False	False	False	False	C
P38532	Q61907	Hsf1	Pemt	True	False	False	False	False	False	C
P38532	O70139	Hsf1	Pkig	True	False	False	False	False	False	C
P38532	Q8BKF1	Hsf1	Polrmt	True	False	False	False	False	False	C
P38532	Q8BG02	Hsf1	Ppp2r2c	True	False	False	False	False	False	C
P38532	Q8CCF0	Hsf1	Prpf31	True	False	False	False	False	False	C
P38532	P58389	Hsf1	Ptpa	True	False	False	False	False	False	C
P38532	Q61818	Hsf1	Rai1	True	False	False	False	False	False	C
P38532	Q03385	Hsf1	Ralgds	True	False	False	False	False	False	C
P38532	A0A3B2WCL5	Hsf1	A0A3B2WCL5	True	False	False	False	False	False	C
P38532	A8Y5H7	Hsf1	Sec14l1	True	False	False	False	False	False	C
P38532	A0A0R4J0N0	Hsf1	A0A0R4J0N0	True	False	False	False	False	False	C
P38532	D3YWM7	Hsf1	D3YWM7	True	False	False	False	False	False	C
P38532	Q8BYA0	Hsf1	Tbcd	True	False	False	False	False	False	C
P38532	Q9D479	Hsf1	Uvssa	True	False	False	False	False	False	C
P38532	A2A484	Hsf1	A2A484	True	False	False	False	False	False	C
G5E8H3	Q8K0Q5	G5E8H3	Arhgap18	True	False	False	False	False	False	C
G5E8H3	A2BH40	G5E8H3	Arid1a	True	False	False	False	False	False	C
G5E8H3	A2ANX2	G5E8H3	A2ANX2	True	False	False	False	False	False	C
G5E8H3	Q9WTK2	G5E8H3	Cdyl	True	False	False	False	False	False	C
G5E8H3	Q9JME2	G5E8H3	Chst11	True	False	False	False	False	False	C
G5E8H3	Q921M7	G5E8H3	Cyrib	True	False	False	False	False	False	C
G5E8H3	Q9Z2U4	G5E8H3	Elf4	True	False	False	False	False	False	C
G5E8H3	O35601	G5E8H3	Fyb1	True	False	False	False	False	False	C
G5E8H3	O89100	G5E8H3	Grap2	True	False	False	False	False	False	C
G5E8H3	Q61727	G5E8H3	Il10ra	True	False	False	False	False	False	C
G5E8H3	Q3UQ44	G5E8H3	Iqgap2	True	False	False	False	False	False	C
G5E8H3	P11881	G5E8H3	Itpr1	True	False	False	False	False	False	C
G5E8H3	P62482	G5E8H3	Kcnab2	True	False	False	False	False	False	C
G5E8H3	Q6P1G2	G5E8H3	Kdm2b	True	False	False	False	False	False	C
G5E8H3	P25911	G5E8H3	Lyn	True	False	False	False	False	False	C
G5E8H3	Q9WTX8	G5E8H3	Mad1l1	True	False	False	False	False	False	C
G5E8H3	Q8BGW5	G5E8H3	Nabp1	True	False	False	False	False	False	C
G5E8H3	Q9ES70	G5E8H3	Nek6	True	False	False	False	False	False	C
G5E8H3	A0A0N4SV33	G5E8H3	A0A0N4SV33	True	False	False	False	False	False	C
G5E8H3	Q9EQ32	G5E8H3	Pik3ap1	True	False	False	False	False	False	C
G5E8H3	O70172	G5E8H3	Pip4k2a	True	False	False	False	False	False	C
G5E8H3	Q3TTY0	G5E8H3	Plb1	True	False	False	False	False	False	C
G5E8H3	Q69ZK0	G5E8H3	Prex1	True	False	False	False	False	False	C
G5E8H3	P68404	G5E8H3	Prkcb	True	False	False	False	False	False	C
G5E8H3	Q9QVP9	G5E8H3	Ptk2b	True	False	False	False	False	False	C
G5E8H3	E9Q4S7	G5E8H3	E9Q4S7	True	False	False	False	False	False	C
G5E8H3	P57725	G5E8H3	Samsn1	True	False	False	False	False	False	C
G5E8H3	Q7TN29	G5E8H3	Smap2	True	False	False	False	False	False	C
G5E8H3	Q99K82	G5E8H3	Smox	True	False	False	False	False	False	C
G5E8H3	Q64685	G5E8H3	St6gal1	True	False	False	False	False	False	C
G5E8H3	O55098	G5E8H3	Stk10	True	False	False	False	False	False	C
G5E8H3	E9Q3H4	G5E8H3	E9Q3H4	True	False	False	False	False	False	C
G5E8H3	Q8BG87	G5E8H3	Tet3	True	False	False	False	False	False	C
G5E8H3	D3YWJ5	G5E8H3	D3YWJ5	True	False	False	False	False	False	C
G5E8H3	Q8K4K2	G5E8H3	Trib3	True	False	False	False	False	False	C
G5E8H3	P22726	G5E8H3	Wnt5b	True	False	False	False	False	False	C
G5E8H3	Q9R0G7	G5E8H3	Zeb2	True	False	False	False	False	False	C
Q9R0G7	G5E8H3	Zeb2	G5E8H3	True	False	False	False	False	False	C
G5E8H3	Q6ZPK7	G5E8H3	Zfyve28	True	False	False	False	False	False	C
P15314	Q8JZR0	Irf1	Acsl5	True	False	False	False	False	False	C
P15314	B1AVP1	Irf1	B1AVP1	True	False	False	False	False	False	C
P15314	Q3UZ24	Irf1	Q3UZ24	True	False	False	False	False	False	B;C
P15314	A0A2R8VHW5	Irf1	A0A2R8VHW5	True	False	False	False	False	False	B;C
P15314	A0A2R8VHH5	Irf1	A0A2R8VHH5	True	False	False	False	False	False	B;C
P15314	B2RT54	Irf1	B2RT54	True	False	False	False	False	False	B;C
P15314	A0A2R8VHA9	Irf1	A0A2R8VHA9	True	False	False	False	False	False	B;C
P15314	Q9Z2F6	Irf1	Bcl3	True	False	False	False	False	False	C
P15314	O35185	Irf1	Bhlhe40	True	False	False	False	False	False	C
P15314	A0A2R8W6P0	Irf1	A0A2R8W6P0	True	False	False	False	False	False	C
P15314	Q64261	Irf1	Cdk6	True	False	False	False	False	False	C
P15314	Q9Z2U4	Irf1	Elf4	True	False	False	False	False	False	C
P15314	P15037	Irf1	Ets2	True	False	False	False	False	False	C
P15314	P97360	Irf1	Etv6	True	False	False	False	False	False	B
P15314	Q64378	Irf1	Fkbp5	True	False	False	False	False	False	C
P15314	D3YZ80	Irf1	D3YZ80	True	False	False	False	False	False	B
P15314	P04401	Irf1	Il5	True	False	False	False	False	False	A
P15314	Q64339	Irf1	Isg15	True	False	False	False	False	False	C
Q8BPQ2	P15314	Q8BPQ2	Irf1	True	False	False	False	False	False	C
P15314	Q9JLJ0	Irf1	Litaf	True	False	False	False	False	False	C
P15314	A0A1Y7VP67	Irf1	A0A1Y7VP67	True	False	False	False	False	False	C
P15314	A0A0R4J212	Irf1	A0A0R4J212	True	False	False	False	False	False	C
P15314	Q9EST8	Irf1	Nfkbiz	True	False	False	False	False	False	C
P15314	O35309	Irf1	Nmi	True	False	False	False	False	False	C
P15314	A0A087WNQ9	Irf1	A0A087WNQ9	True	False	False	False	False	False	C
P15314	P06803	Irf1	Pim1	True	False	False	False	False	False	C
P15314	Q8BZ03	Irf1	Prkd2	True	False	False	False	False	False	C
P15314	A6H6A9	Irf1	Rabgap1l	True	False	False	False	False	False	C
P15314	P11416	Irf1	Rara	True	False	False	False	False	False	C
P15314	Q3UPL0	Irf1	Sec31a	True	False	False	False	False	False	C
P15314	A2ABP9	Irf1	A2ABP9	True	False	False	False	False	False	C
P15314	Q62179	Irf1	Sema4b	True	False	False	False	False	False	C
P15314	D3Z107	Irf1	D3Z107	True	False	False	False	False	False	C
P15314	Q8BUN5	Irf1	Smad3	True	False	False	False	False	False	C
P15314	Q5DTT3	Irf1	Tasor2	True	False	False	False	False	False	C
P15314	E9QQ91	Irf1	E9QQ91	True	False	False	False	False	False	C
P15314	P27090	Irf1	Tgfb2	True	False	False	False	False	False	C
P15314	Q9QZU9	Irf1	Ube2l6	True	False	False	False	False	False	C
P15314	O88693	Irf1	Ugcg	True	False	False	False	False	False	C
P15314	A0A1W2P8G5	Irf1	A0A1W2P8G5	True	False	False	False	False	False	C
P15314	Q99KU0	Irf1	Vmp1	True	False	False	False	False	False	C
P15314	D3Z5I1	Irf1	D3Z5I1	True	False	False	False	False	False	C
P15314	Q8R151	Irf1	Znfx1	True	False	False	False	False	False	B
P23906	Q99MU3	Irf2	Adar	True	False	False	False	False	False	B
P23906	B1AVP1	Irf2	B1AVP1	True	False	False	False	False	False	C
P23906	Q3UZ24	Irf2	Q3UZ24	True	False	False	False	False	False	B
P23906	A0A2R8VHW5	Irf2	A0A2R8VHW5	True	False	False	False	False	False	B
P23906	A0A2R8VHH5	Irf2	A0A2R8VHH5	True	False	False	False	False	False	B
P23906	B2RT54	Irf2	B2RT54	True	False	False	False	False	False	B
P23906	A0A2R8VHA9	Irf2	A0A2R8VHA9	True	False	False	False	False	False	B
P23906	A0A338P6U8	Irf2	A0A338P6U8	True	False	False	False	False	False	C
P23906	P81269	Irf2	Atf1	True	False	False	False	False	False	C
P23906	P97864	Irf2	Casp7	True	False	False	False	False	False	B
P23906	Q8BI22	Irf2	Cep128	True	False	False	False	False	False	C
P23906	Q9D2L9	Irf2	Fam111a	True	False	False	False	False	False	C
P23906	Q8BGI4	Irf2	Fam13a	True	False	False	False	False	False	C
P23906	Q9JL70	Irf2	Fanca	True	False	False	False	False	False	C
P23906	P49772	Irf2	Flt3lg	True	False	False	False	False	False	C
P23906	E9QAS8	Irf2	E9QAS8	True	False	False	False	False	False	C
P23906	H3BJ24	Irf2	H3BJ24	True	False	False	False	False	False	C
P23906	A0A1B0GS41	Irf2	A0A1B0GS41	True	False	False	False	False	False	C
P23906	B7ZCT5	Irf2	B7ZCT5	True	False	False	False	False	False	C
P23906	Q6NZP2	Irf2	Gpbp1l1	True	False	False	False	False	False	C
P23906	Q9Z2X1	Irf2	Hnrnpf	True	False	False	False	False	False	C
P23906	P09026	Irf2	Hoxb3	True	False	False	False	False	False	C
P23906	Q64345	Irf2	Ifit3	True	False	False	False	False	False	C
P23906	E9PV48	Irf2	E9PV48	True	False	False	False	False	False	C
P23906	Q8C208	Irf2	Ikzf4	True	False	False	False	False	False	C
P23906	Q60819	Irf2	Il15ra	True	False	False	False	False	False	C
P23906	P13504	Irf2	Il1r1	True	False	False	False	False	False	C
P23906	Q9QXV3	Irf2	Ing1	True	False	False	False	False	False	C
P23906	Q64339	Irf2	Isg15	True	False	False	False	False	False	C
P23906	P59280	Irf2	Klhl8	True	False	False	False	False	False	C
P23906	P28574	Irf2	Max	True	False	False	False	False	False	C
P23906	P12025	Irf2	Mdk	True	False	False	False	False	False	C
P23906	Q60795	Irf2	Nfe2l2	True	False	False	False	False	False	C
P23906	P70255	Irf2	Nfic	True	False	False	False	False	False	C
P23906	E9PUH7	Irf2	E9PUH7	True	False	False	False	False	False	C
P23906	O35309	Irf2	Nmi	True	False	False	False	False	False	B
P23906	Q8BHB0	Irf2	Nod1	True	False	False	False	False	False	C
P23906	P06537	Irf2	Nr3c1	True	False	False	False	False	False	B
P23906	P54729	Irf2	Nub1	True	False	False	False	False	False	C
P23906	Q2EMV9	Irf2	Parp14	True	False	False	False	False	False	C
P23906	Q3TC46	Irf2	Patl1	True	False	False	False	False	False	C
P23906	O35973	Irf2	Per1	True	False	False	False	False	False	C
P23906	Q9CR73	Irf2	Pnrc2	True	False	False	False	False	False	C
P23906	Q8BZ03	Irf2	Prkd2	True	False	False	False	False	False	C
P23906	B1AT82	Irf2	B1AT82	True	False	False	False	False	False	C
P23906	P26350	Irf2	Ptma	True	False	False	False	False	False	C
P23906	P35831	Irf2	Ptpn12	True	False	False	False	False	False	C
P23906	Q99ML9	Irf2	Rnf111	True	False	False	False	False	False	C
P23906	Q62179	Irf2	Sema4b	True	False	False	False	False	False	C
P23906	Q64151	Irf2	Sema4c	True	False	False	False	False	False	C
P23906	Q9D6M3	Irf2	Slc25a22	True	False	False	False	False	False	C
P23906	O35716	Irf2	Socs1	True	False	False	False	False	False	C
P23906	Q6NSQ5	Irf2	Q6NSQ5	True	False	False	False	False	False	C
P23906	B7ZWI4	Irf2	B7ZWI4	True	False	False	False	False	False	C
P23906	Q64685	Irf2	St6gal1	True	False	False	False	False	False	C
P23906	P22091	Irf2	Tal1	True	False	False	False	False	False	C
P23906	Q5DTT3	Irf2	Tasor2	True	False	False	False	False	False	C
P23906	P70284	Irf2	Tgif1	True	False	False	False	False	False	C
P23906	A0A0G2JE32	Irf2	A0A0G2JE32	True	False	False	False	False	False	C
P23906	Q9QZU9	Irf2	Ube2l6	True	False	False	False	False	False	C
P23906	Q6WKZ8	Irf2	Ubr2	True	False	False	False	False	False	C
P23906	Q8VCG3	Irf2	Wdr74	True	False	False	False	False	False	C
P23906	D3Z5I1	Irf2	D3Z5I1	True	False	False	False	False	False	C
P23906	Q9R0G7	Irf2	Zeb2	True	False	False	False	False	False	C
P23906	P22893	Irf2	Zfp36	True	False	False	False	False	False	C
P23906	Q7TNU6	Irf2	Znf250	True	False	False	False	False	False	C
Q8CF60	P23906	Znf263	Irf2	True	False	False	False	False	False	C
P23906	Q8VCI1	Irf2	Q8VCI1	True	False	False	False	False	False	C
P23906	B8JJX8	Irf2	B8JJX8	True	False	False	False	False	False	C
P23906	Q7TMC9	Irf2	Q7TMC9	True	False	False	False	False	False	C
P23906	Q8BIN6	Irf2	Q8BIN6	True	False	False	False	False	False	C
P23906	Q6P5C7	Irf2	Znf728	True	False	False	False	False	False	C
P23906	F2Z422	Irf2	F2Z422	True	False	False	False	False	False	C
P23906	L7N1X4	Irf2	L7N1X4	True	False	False	False	False	False	C
P23906	Q7M6W8	Irf2	Q7M6W8	True	False	False	False	False	False	C
P23906	P16372	Irf2	Zfp58	True	False	False	False	False	False	C
P70671	E9Q6G4	Irf3	E9Q6G4	True	False	False	False	False	False	B
P70671	Q9QXM0	Irf3	Abhd2	True	False	False	False	False	False	C
P70671	Q5RL57	Irf3	Q5RL57	True	False	False	False	False	False	C
P70671	Q812A3	Irf3	Ankrd23	True	False	False	False	False	False	C
P70671	Q99J72	Irf3	Apobec3	True	False	False	False	False	False	B;C
P70671	B1ATY8	Irf3	B1ATY8	True	False	False	False	False	False	C
P70671	Q3UI43	Irf3	Babam1	True	False	False	False	False	False	C
P70671	B1AR74	Irf3	B1AR74	True	False	False	False	False	False	C
P70671	Q8R2Q8	Irf3	Bst2	True	False	False	False	False	False	C
P70671	Q3UJV1	Irf3	Ccdc61	True	False	False	False	False	False	C
P70671	Q99M54	Irf3	Cdca3	True	False	False	False	False	False	C
P70671	B1AXI9	Irf3	B1AXI9	True	False	False	False	False	False	C
P70671	O35492	Irf3	Clk3	True	False	False	False	False	False	C
P70671	Q9DAU1	Irf3	Cnpy3	True	False	False	False	False	False	C
P70671	Q6PG95	Irf3	Cramp1	True	False	False	False	False	False	C
P70671	Q9D2A5	Irf3	Creb3l4	True	False	False	False	False	False	C
P70671	A0A1B0GRM7	Irf3	A0A1B0GRM7	True	False	False	False	False	False	C
P70671	Q6PFH3	Irf3	Dcaf15	True	False	False	False	False	False	C
P70671	Q8VDW0	Irf3	Ddx39a	True	False	False	False	False	False	C
P70671	O08811	Irf3	Ercc2	True	False	False	False	False	False	C
P70671	Q9D417	Irf3	Fbxo24	True	False	False	False	False	False	C
P70671	Q3UCQ1	Irf3	Foxk2	True	False	False	False	False	False	C
P70671	E0CXI8	Irf3	E0CXI8	True	False	False	False	False	False	C
P70671	Q91WD0	Irf3	Gpr108	True	False	False	False	False	False	C
P70671	Q8R2T8	Irf3	Gtf3c5	True	False	False	False	False	False	C
P70671	A0A0R4J0Z0	Irf3	A0A0R4J0Z0	True	False	False	False	False	False	C
P70671	Q64525	Irf3	H2bc18	True	False	False	False	False	False	C
P70671	P10854	Irf3	H2bc14	True	False	False	False	False	False	C
P70671	Q6ZWY9	Irf3	H2bc4; H2bc6; H2bc8	True	False	False	False	False	False	C
P70671	Q3UMA3	Irf3	Q3UMA3	True	False	False	False	False	False	C
P70671	P62482	Irf3	Kcnab2	True	False	False	False	False	False	C
P70671	E9QNB8	Irf3	E9QNB8	True	False	False	False	False	False	C
P70671	Q6Q783	Irf3	Kmt5c	True	False	False	False	False	False	C
P70671	Q9D1E5	Irf3	Lmbr1l	True	False	False	False	False	False	C
P70671	Q8CIM1	Irf3	Lrrc45	True	False	False	False	False	False	C
P70671	Q99K74	Irf3	Med24	True	False	False	False	False	False	C
P70671	Q99JF5	Irf3	Mvd	True	False	False	False	False	False	C
P70671	Q9R061	Irf3	Nubp2	True	False	False	False	False	False	C
P70671	Q8CCS6	Irf3	Pabpn1	True	False	False	False	False	False	C
P70671	Q9DAK9	Irf3	Phpt1	True	False	False	False	False	False	C
P70671	Q8CCF0	Irf3	Prpf31	True	False	False	False	False	False	C
P70671	P46638	Irf3	Rab11b	True	False	False	False	False	False	C
P70671	Q91ZR1	Irf3	Rab4b	True	False	False	False	False	False	C
P70671	P48377	Irf3	Rfx1	True	False	False	False	False	False	C
P70671	E9Q7Q7	Irf3	E9Q7Q7	True	False	False	False	False	False	C
P70671	P62717	Irf3	Rpl18a	True	False	False	False	False	False	C
P70671	Q91WA6	Irf3	Sharpin	True	False	False	False	False	False	C
P70671	Q8R0Z5	Irf3	Slc25a28	True	False	False	False	False	False	C
P70671	E9PVV1	Irf3	E9PVV1	True	False	False	False	False	False	C
P70671	Q9D938	Irf3	Tmem160	True	False	False	False	False	False	C
P70671	Q8VCA6	Irf3	Tmem161a	True	False	False	False	False	False	C
P70671	Q7TSH8	Irf3	Tmem94	True	False	False	False	False	False	C
P70671	Q9EQJ0	Irf3	Tpcn1	True	False	False	False	False	False	C
P70671	P39429	Irf3	Traf2	True	False	False	False	False	False	C
P70671	E9QJS1	Irf3	E9QJS1	True	False	False	False	False	False	C
P70671	P97764	Irf3	Wbp1	True	False	False	False	False	False	C
P70671	Q9CXE6	Irf3	Xrcc3	True	False	False	False	False	False	C
P70671	Q8BY46	Irf3	Znf574	True	False	False	False	False	False	C
P70671	A2A7P4	Irf3	A2A7P4	True	False	False	False	False	False	C
P70671	Q8BI73	Irf3	Znf775	True	False	False	False	False	False	C
Q64287	B1AVP1	Irf4	B1AVP1	True	False	False	False	False	False	C
Q64287	Q68FL4	Irf4	Ahcyl2	True	False	False	False	False	False	C
Q64287	Q8C4V1	Irf4	Arhgap24	True	False	False	False	False	False	C
Q64287	P16277	Irf4	Blk	True	False	False	False	False	False	B
Q64287	P51125	Irf4	Cast	True	False	False	False	False	False	C
Q64287	Q6VGS5	Irf4	Ccdc88c	True	False	False	False	False	False	C
Q64287	Q9WTK2	Irf4	Cdyl	True	False	False	False	False	False	C
Q64287	O35732	Irf4	Cflar	True	False	False	False	False	False	B
Q64287	A0A2I3BQV6	Irf4	A0A2I3BQV6	True	False	False	False	False	False	C
Q64287	P97821	Irf4	Ctsc	True	False	False	False	False	False	C
Q64287	Q3TZ02	Irf4	Q3TZ02	True	False	False	False	False	False	C
Q64287	Q91VY6	Irf4	Cytip	True	False	False	False	False	False	C
Q64287	Q91WG7	Irf4	Dgkg	True	False	False	False	False	False	C
Q64287	Q8CI75	Irf4	Dis3l2	True	False	False	False	False	False	C
Q64287	Q8BZN6	Irf4	Dock10	True	False	False	False	False	False	C
Q64287	G3UXH9	Irf4	G3UXH9	True	False	False	False	False	False	C
Q64287	Q9Z2U4	Irf4	Elf4	True	False	False	False	False	False	B
Q64287	Q8BPU7	Irf4	Elmo1	True	False	False	False	False	False	C
Q64287	Q9EQY0	Irf4	Ern1	True	False	False	False	False	False	C
Q64287	Q61598	Irf4	Gdi2	True	False	False	False	False	False	C
Q64287	Q9D2W5	Irf4	Q9D2W5	True	False	False	False	False	False	C
Q64287	E9QNX9	Irf4	E9QNX9	True	False	False	False	False	False	C
Q64287	O08900	Irf4	Ikzf3	True	False	False	False	False	False	C
Q64287	O54824	Irf4	Il16	True	False	False	False	False	False	C
Q64287	P26011	Irf4	Itgb7	True	False	False	False	False	False	B
Q64287	B1ASP2	Irf4	B1ASP2	True	False	False	False	False	False	C
Q64287	Q62315	Irf4	Jarid2	True	False	False	False	False	False	C
Q64287	A2CG49	Irf4	Kalrn	True	False	False	False	False	False	C
Q64287	Q3UQV5	Irf4	Kbtbd8	True	False	False	False	False	False	C
Q64287	Q6V595	Irf4	Klhl6	True	False	False	False	False	False	C
Q64287	Q8BFW7	Irf4	Lpp	True	False	False	False	False	False	C
Q64287	O35678	Irf4	Mgll	True	False	False	False	False	False	C
Q64287	Q9EST8	Irf4	Nfkbiz	True	False	False	False	False	False	C
Q64287	Q3UW53	Irf4	Niban1	True	False	False	False	False	False	C
Q64287	C3VPR6	Irf4	Nlrc5	True	False	False	False	False	False	C
Q64287	A0A0N4SV33	Irf4	A0A0N4SV33	True	False	False	False	False	False	C
Q64287	P41778	Irf4	Pbx1	True	False	False	False	False	False	C
Q64287	Q69Z38	Irf4	Peak1	True	False	False	False	False	False	C
Q64287	Q9EQ32	Irf4	Pik3ap1	True	False	False	False	False	False	C
Q64287	Q9QZC2	Irf4	Plxnc1	True	False	False	False	False	False	C
Q64287	Q64693	Irf4	Pou2af1	True	False	False	False	False	False	C
Q64287	Q60996	Irf4	Ppp2r5c	True	False	False	False	False	False	C
Q64287	Q9QVP9	Irf4	Ptk2b	True	False	False	False	False	False	C
Q64287	A6H6A9	Irf4	Rabgap1l	True	False	False	False	False	False	C
Q64287	Q5NCJ5	Irf4	Q5NCJ5	True	False	False	False	False	False	C
Q64287	Q9D3G9	Irf4	Rhoh	True	False	False	False	False	False	C
Q64287	Q99P72	Irf4	Rtn4	True	False	False	False	False	False	C
Q64287	Q8CBY1	Irf4	Samd4a	True	False	False	False	False	False	C
Q64287	A0A0R4J2D8	Irf4	A0A0R4J2D8	True	False	False	False	False	False	C
Q64287	A0A140LIK7	Irf4	A0A140LIK7	True	False	False	False	False	False	C
Q64287	P61406	Irf4	Smg6	True	False	False	False	False	False	C
Q64287	A0A5F8MPJ2	Irf4	A0A5F8MPJ2	True	False	False	False	False	False	C
Q64287	O88307	Irf4	Sorl1	True	False	False	False	False	False	C
Q64287	A0A0J9YTU7	Irf4	A0A0J9YTU7	True	False	False	False	False	False	C
Q64287	A0A0A0MQB7	Irf4	A0A0A0MQB7	True	False	False	False	False	False	C
Q64287	Q3UHK6	Irf4	Tenm4	True	False	False	False	False	False	C
Q64287	Q8K2W3	Irf4	Txndc11	True	False	False	False	False	False	C
Q64287	Q64318	Irf4	Zeb1	True	False	False	False	False	False	C
Q64287	Q8BG89	Irf4	Znf365	True	False	False	False	False	False	C
E9PZJ2	Q99MU3	E9PZJ2	Adar	True	False	False	False	False	False	B
E9PZJ2	Q9D415	E9PZJ2	Dlgap1	True	False	False	False	False	False	C
E9PZJ2	Q91YE2	E9PZJ2	Egln2	True	False	False	False	False	False	C
E9PZJ2	Q91WK2	E9PZJ2	Eif3h	True	False	False	False	False	False	C
E9PZJ2	P54761	E9PZJ2	Ephb4	True	False	False	False	False	False	C
E9PZJ2	P70429	E9PZJ2	Evl	True	False	False	False	False	False	C
E9PZJ2	Q9CQ92	E9PZJ2	Fis1	True	False	False	False	False	False	C
E9PZJ2	H3BJ24	E9PZJ2	H3BJ24	True	False	False	False	False	False	C
E9PZJ2	Q99MK8	E9PZJ2	Grk2	True	False	False	False	False	False	C
E9PZJ2	Q3UJK4	E9PZJ2	Gtpbp2	True	False	False	False	False	False	C
E9PZJ2	Q920N2	E9PZJ2	Hlcs	True	False	False	False	False	False	C
E9PZJ2	Q64339	E9PZJ2	Isg15	True	False	False	False	False	False	B
E9PZJ2	Q9CZM9	E9PZJ2	Kcnmb2	True	False	False	False	False	False	C
E9PZJ2	E9QLB2	E9PZJ2	E9QLB2	True	False	False	False	False	False	C
E9PZJ2	O35099	E9PZJ2	Map3k5	True	False	False	False	False	False	C
E9PZJ2	Q924H2	E9PZJ2	Med15	True	False	False	False	False	False	C
E9PZJ2	A0A1Y7VP67	E9PZJ2	A0A1Y7VP67	True	False	False	False	False	False	C
E9PZJ2	Q9WVP9	E9PZJ2	Mx2	True	False	False	False	False	False	B
E9PZJ2	A0A589P973	E9PZJ2	A0A589P973	True	False	False	False	False	False	C
E9PZJ2	Q6DFV7	E9PZJ2	Ncoa7	True	False	False	False	False	False	C
E9PZJ2	A0A1B0GSF5	E9PZJ2	A0A1B0GSF5	True	False	False	False	False	False	C
E9PZJ2	E9Q9A9	E9PZJ2	Oas2	True	False	False	False	False	False	B
E9PZJ2	Q8VI93	E9PZJ2	Oas3	True	False	False	False	False	False	B
E9PZJ2	P59470	E9PZJ2	Polr3b	True	False	False	False	False	False	C
E9PZJ2	Q8CBB9	E9PZJ2	Rsad2	True	False	False	False	False	False	B
E9PZJ2	Q99P72	E9PZJ2	Rtn4	True	False	False	False	False	False	C
E9PZJ2	A0A087WR05	E9PZJ2	A0A087WR05	True	False	False	False	False	False	C
E9PZJ2	Q9D5K4	E9PZJ2	S100pbp	True	False	False	False	False	False	C
E9PZJ2	E9PX59	E9PZJ2	E9PX59	True	False	False	False	False	False	B
E9PZJ2	A2ABP9	E9PZJ2	A2ABP9	True	False	False	False	False	False	C
E9PZJ2	Q6NZR5	E9PZJ2	Skic2	True	False	False	False	False	False	C
E9PZJ2	Q9WVL3	E9PZJ2	Slc12a7	True	False	False	False	False	False	C
E9PZJ2	Q8BZ60	E9PZJ2	Ston2	True	False	False	False	False	False	C
E9PZJ2	Q8C079	E9PZJ2	Strip1	True	False	False	False	False	False	C
E9PZJ2	D3Z079	E9PZJ2	D3Z079	True	False	False	False	False	False	C
E9PZJ2	Q62351	E9PZJ2	Tfrc	True	False	False	False	False	False	C
E9PZJ2	A0A0R4J0Q6	E9PZJ2	A0A0R4J0Q6	True	False	False	False	False	False	C
E9PZJ2	A0A1W2P8G5	E9PZJ2	A0A1W2P8G5	True	False	False	False	False	False	C
E9PZJ2	P32921	E9PZJ2	Wars1	True	False	False	False	False	False	C
E9PZJ2	Q3U4G3	E9PZJ2	Xxylt1	True	False	False	False	False	False	C
E9PZJ2	D3Z1Y7	E9PZJ2	D3Z1Y7	True	False	False	False	False	False	C
P05627	Q9CZW4	Jun	Acsl3	True	False	False	False	False	False	B
P05627	B1AVP1	Jun	B1AVP1	True	False	False	False	False	False	C
P05627	Q9Z0E3	Jun	Aire	True	False	False	False	False	False	C
P05627	G5E8J2	Jun	G5E8J2	True	False	False	False	False	False	C
P05627	P07356	Jun	Anxa2	True	False	False	False	False	False	C
P05627	A2BH40	Jun	Arid1a	True	False	False	False	False	False	C
P05627	O35185	Jun	Bhlhe40	True	False	False	False	False	False	C
P05627	A0A0N4SV71	Jun	A0A0N4SV71	True	False	False	False	False	False	C
P05627	P26231	Jun	Ctnna1	True	False	False	False	False	False	C
P05627	A0A0R4J217	Jun	A0A0R4J217	True	False	False	False	False	False	C
P05627	E9QKB1	Jun	E9QKB1	True	False	False	False	False	False	C
P05627	P11531	Jun	Dmd	True	False	False	False	False	False	B
P05627	Q9ESS0	Jun	Dusp10	True	False	False	False	False	False	B
P05627	Q9DC16	Jun	Ergic1	True	False	False	False	False	False	C
P05627	P17439	Jun	Gba1	True	False	False	False	False	False	C
P05627	Q9D6Y9	Jun	Gbe1	True	False	False	False	False	False	C
P05627	P27600	Jun	Gna12	True	False	False	False	False	False	C
P05627	P20060	Jun	Hexb	True	False	False	False	False	False	C
P05627	P70174	Jun	Hrh1	True	False	False	False	False	False	B
P05627	O89113	Jun	Ier5	True	False	False	False	False	False	A
P05627	Q9CPN8	Jun	Igf2bp3	True	False	False	False	False	False	C
P05627	Q8VDV0	Jun	Itgbl1	True	False	False	False	False	False	C
P05627	Q9Z0R4	Jun	Itsn1	True	False	False	False	False	False	C
P05627	B1AY49	Jun	B1AY49	True	False	False	False	False	False	C
P05627	P11679	Jun	Krt8	True	False	False	False	False	False	C
P05627	P48678	Jun	Lmna	True	False	False	False	False	False	C
P05627	Q8BFW7	Jun	Lpp	True	False	False	False	False	False	C
P05627	Q8K4G1	Jun	Ltbp4	True	False	False	False	False	False	C
P05627	Q61827	Jun	Mafk	True	False	False	False	False	False	C
P05627	O70583	Jun	Mid1	True	False	False	False	False	False	C
P05627	Q9JHI0	Jun	Mmp19	True	False	False	False	False	False	C
P05627	D3YZG8	Jun	Mthfd2l	True	False	False	False	False	False	C
P05627	Q8BGW5	Jun	Nabp1	True	False	False	False	False	False	C
P05627	A0A668KM70	Jun	A0A668KM70	True	False	False	False	False	False	C
P05627	Q6VNS1	Jun	Ntrk3	True	False	False	False	False	False	C
P05627	Q6ZPQ6	Jun	Pitpnm2	True	False	False	False	False	False	C
P05627	P04925	Jun	Prnp	True	False	False	False	False	False	C
P05627	O35719	Jun	Rad51b	True	False	False	False	False	False	C
P05627	Q9EQZ6	Jun	Rapgef4	True	False	False	False	False	False	C
P05627	Q80TZ9	Jun	Rere	True	False	False	False	False	False	C
P05627	A0A1B0GSY0	Jun	A0A1B0GSY0	True	False	False	False	False	False	C
P05627	G3UVW3	Jun	Slc38a6	True	False	False	False	False	False	C
P05627	Q924S7	Jun	Spred2	True	False	False	False	False	False	C
P05627	Q7TNL3	Jun	Stk40	True	False	False	False	False	False	C
P05627	O35400	Jun	Sult2b1	True	False	False	False	False	False	C
P05627	E9Q8T1	Jun	E9Q8T1	True	False	False	False	False	False	C
P05627	P0CG50	Jun	Ubc	True	False	False	False	False	False	C
P05627	Q8K0L9	Jun	Zbtb20	True	False	False	False	False	False	C
P05627	P23950	Jun	Zfp36l1	True	False	False	False	False	False	C
P05627	Q8BFX2	Jun	Q8BFX2	True	False	False	False	False	False	C
P05627	Q56A10	Jun	Znf608	True	False	False	False	False	False	C
P09450	O35379	Junb	Abcc1	True	False	False	False	False	False	C
P09450	E9Q394	Junb	Akap13	True	False	False	False	False	False	C
P09450	O08739	Junb	Ampd3	True	False	False	False	False	False	C
P09450	A0A7N9VSJ5	Junb	A0A7N9VSJ5	True	False	False	False	False	False	C
P09450	P97302	Junb	Bach1	True	False	False	False	False	False	C
P09450	O35185	Junb	Bhlhe40	True	False	False	False	False	False	C
P09450	Q8R344	Junb	Ccdc12	True	False	False	False	False	False	C
P09450	Q9D486	Junb	Cmip	True	False	False	False	False	False	C
P09450	Q8R3V6	Junb	Cuedc1	True	False	False	False	False	False	C
P09450	P11531	Junb	Dmd	True	False	False	False	False	False	C
P09450	P08152	Junb	Egr2	True	False	False	False	False	False	C
P09450	Q9WVK4	Junb	Ehd1	True	False	False	False	False	False	C
P09450	O70273	Junb	Ehf	True	False	False	False	False	False	C
P09450	A6PWD2	Junb	Fhad1	True	False	False	False	False	False	C
P09450	P42128	Junb	Foxk1	True	False	False	False	False	False	C
P09450	Q8K0C9	Junb	Gmds	True	False	False	False	False	False	C
P09450	P27600	Junb	Gna12	True	False	False	False	False	False	C
P09450	O89113	Junb	Ier5	True	False	False	False	False	False	C
P09450	A2CG49	Junb	Kalrn	True	False	False	False	False	False	C
P09450	A0A087WQN5	Junb	A0A087WQN5	True	False	False	False	False	False	C
P09450	Q8BPQ2	Junb	Q8BPQ2	True	False	False	False	False	False	C
P09450	A0A0R4J005	Junb	A0A0R4J005	True	False	False	False	False	False	C
P09450	P48678	Junb	Lmna	True	False	False	False	False	False	C
P09450	P06803	Junb	Pim1	True	False	False	False	False	False	B
P09450	F8VPK5	Junb	F8VPK5	True	False	False	False	False	False	C
P09450	Q99P72	Junb	Rtn4	True	False	False	False	False	False	C
P09450	A8Y5H7	Junb	Sec14l1	True	False	False	False	False	False	C
P09450	Q9Z131	Junb	Sh3bp5	True	False	False	False	False	False	C
P09450	Q8VI23	Junb	Slc12a8	True	False	False	False	False	False	C
P09450	A0A140LIK7	Junb	A0A140LIK7	True	False	False	False	False	False	C
P09450	Q924S7	Junb	Spred2	True	False	False	False	False	False	C
P09450	D3YWM7	Junb	D3YWM7	True	False	False	False	False	False	C
P09450	P70284	Junb	Tgif1	True	False	False	False	False	False	C
P09450	Q6ZPF3	Junb	Tiam2	True	False	False	False	False	False	C
P09450	Q8BKI2	Junb	Tnrc6b	True	False	False	False	False	False	C
P09450	Q8R1C3	Junb	Vopp1	True	False	False	False	False	False	C
P09450	Q9EPK5	Junb	Wwtr1	True	False	False	False	False	False	C
P09450	Q8K0L9	Junb	Zbtb20	True	False	False	False	False	False	C
P09450	P23950	Junb	Zfp36l1	True	False	False	False	False	False	C
P09450	P23949	Junb	Zfp36l2	True	False	False	False	False	False	C
P09450	Q3U0X6	Junb	Q3U0X6	True	False	False	False	False	False	C
P15066	B2RX12	Jund	Abcc3	True	False	False	False	False	False	C
P15066	G5E8J2	Jund	G5E8J2	True	False	False	False	False	False	C
P15066	P10107	Jund	Anxa1	True	False	False	False	False	False	C
P15066	P07356	Jund	Anxa2	True	False	False	False	False	False	C
P15066	A2BH40	Jund	Arid1a	True	False	False	False	False	False	C
P15066	Q6PAJ1	Jund	Bcr	True	False	False	False	False	False	C
P15066	A2AMT1	Jund	Bfsp1	True	False	False	False	False	False	C
P15066	E9QA15	Jund	E9QA15	True	False	False	False	False	False	C
P15066	Q9Z0H8	Jund	Clip2	True	False	False	False	False	False	C
P15066	P26231	Jund	Ctnna1	True	False	False	False	False	False	C
P15066	Q8BPM0	Jund	Daam1	True	False	False	False	False	False	C
P15066	E9QKB1	Jund	E9QKB1	True	False	False	False	False	False	C
P15066	Q9ESS0	Jund	Dusp10	True	False	False	False	False	False	C
P15066	P15037	Jund	Ets2	True	False	False	False	False	False	C
P15066	P42128	Jund	Foxk1	True	False	False	False	False	False	C
P15066	Q920B0	Jund	Frmd4b	True	False	False	False	False	False	C
P15066	Q9D6Y9	Jund	Gbe1	True	False	False	False	False	False	C
P15066	P27600	Jund	Gna12	True	False	False	False	False	False	C
P15066	O89113	Jund	Ier5	True	False	False	False	False	False	C
P15066	Q9CPN8	Jund	Igf2bp3	True	False	False	False	False	False	C
P15066	E9PUA3	Jund	E9PUA3	True	False	False	False	False	False	C
P15066	A0A087WQN5	Jund	A0A087WQN5	True	False	False	False	False	False	C
P15066	Q8VCD7	Jund	Kdm4c	True	False	False	False	False	False	C
P15066	Q5NCY0	Jund	Kdm6b	True	False	False	False	False	False	C
P15066	Q8BPQ2	Jund	Q8BPQ2	True	False	False	False	False	False	C
P15066	P11679	Jund	Krt8	True	False	False	False	False	False	C
P15066	P48678	Jund	Lmna	True	False	False	False	False	False	B
P15066	Q61827	Jund	Mafk	True	False	False	False	False	False	B
P15066	Q8C181	Jund	Mbnl2	True	False	False	False	False	False	C
P15066	Q3TPJ7	Jund	Midn	True	False	False	False	False	False	C
P15066	D3YZG8	Jund	Mthfd2l	True	False	False	False	False	False	C
P15066	Q62433	Jund	Ndrg1	True	False	False	False	False	False	C
P15066	G3XA13	Jund	G3XA13	True	False	False	False	False	False	C
P15066	P34152	Jund	Ptk2	True	False	False	False	False	False	C
P15066	Q9EQZ6	Jund	Rapgef4	True	False	False	False	False	False	C
P15066	Q9WVB0	Jund	Rbpms	True	False	False	False	False	False	C
P15066	Q80TZ9	Jund	Rere	True	False	False	False	False	False	C
P15066	Q99P72	Jund	Rtn4	True	False	False	False	False	False	C
P15066	Q08775	Jund	Runx2	True	False	False	False	False	False	C
P15066	Q8R550	Jund	Sh3kbp1	True	False	False	False	False	False	C
P15066	Q9D3S3	Jund	Snx29	True	False	False	False	False	False	C
P15066	Q924S7	Jund	Spred2	True	False	False	False	False	False	C
P15066	Q7TNL3	Jund	Stk40	True	False	False	False	False	False	C
P15066	E9Q8T1	Jund	E9Q8T1	True	False	False	False	False	False	C
P15066	P70284	Jund	Tgif1	True	False	False	False	False	False	C
P15066	E9Q7M2	Jund	Tsc22d2	True	False	False	False	False	False	C
P15066	P0CG50	Jund	Ubc	True	False	False	False	False	False	C
P15066	Q3U4G3	Jund	Xxylt1	True	False	False	False	False	False	C
P15066	Q8K0L9	Jund	Zbtb20	True	False	False	False	False	False	C
Q80Y84	Q9D486	Kdm5b	Cmip	True	False	False	False	False	False	C
Q80Y84	P26231	Kdm5b	Ctnna1	True	False	False	False	False	False	C
Q80Y84	Q8BPM0	Kdm5b	Daam1	True	False	False	False	False	False	C
Q80Y84	H3BJ24	Kdm5b	H3BJ24	True	False	False	False	False	False	C
Q80Y84	Q62315	Kdm5b	Jarid2	True	False	False	False	False	False	C
Q80Y84	Q02257	Kdm5b	Jup	True	False	False	False	False	False	C
Q80Y84	Q8BGA2	Kdm5b	Lhfpl2	True	False	False	False	False	False	C
Q80Y84	A0A1Y7VP67	Kdm5b	A0A1Y7VP67	True	False	False	False	False	False	C
Q80Y84	Q8VDD5	Kdm5b	Myh9	True	False	False	False	False	False	C
Q80Y84	A0A140LIN3	Kdm5b	A0A140LIN3	True	False	False	False	False	False	C
Q80Y84	F8WHT3	Kdm5b	F8WHT3	True	False	False	False	False	False	C
Q80Y84	Q8BQP8	Kdm5b	Rab11fip4	True	False	False	False	False	False	C
Q80Y84	Q3UH06	Kdm5b	Rreb1	True	False	False	False	False	False	C
Q80Y84	Q8BUN5	Kdm5b	Smad3	True	False	False	False	False	False	C
Q80Y84	D3YWM9	Kdm5b	D3YWM9	True	False	False	False	False	False	C
Q80Y84	P70284	Kdm5b	Tgif1	True	False	False	False	False	False	C
A0A6I8MWY6	P60710	A0A6I8MWY6	Actb	True	False	False	False	False	False	C
A0A6I8MWY6	E9PY16	A0A6I8MWY6	E9PY16	True	False	False	False	False	False	C
A0A6I8MWY6	M0QWP1	A0A6I8MWY6	M0QWP1	True	False	False	False	False	False	C
A0A6I8MWY6	A0A494BBD5	A0A6I8MWY6	A0A494BBD5	True	False	False	False	False	False	C
A0A6I8MWY6	G5E8J2	A0A6I8MWY6	G5E8J2	True	False	False	False	False	False	C
A0A6I8MWY6	D3Z7R7	A0A6I8MWY6	D3Z7R7	True	False	False	False	False	False	C
A0A6I8MWY6	Q922Q9	A0A6I8MWY6	Chid1	True	False	False	False	False	False	C
A0A6I8MWY6	Q8K158	A0A6I8MWY6	Cnppd1	True	False	False	False	False	False	C
A0A6I8MWY6	P10605	A0A6I8MWY6	Ctsb	True	False	False	False	False	False	C
A0A6I8MWY6	F6RMR6	A0A6I8MWY6	F6RMR6	True	False	False	False	False	False	C
A0A6I8MWY6	P70429	A0A6I8MWY6	Evl	True	False	False	False	False	False	C
A0A6I8MWY6	E9Q9T0	A0A6I8MWY6	E9Q9T0	True	False	False	False	False	False	C
A0A6I8MWY6	Q80ZU9	A0A6I8MWY6	Gpr137	True	False	False	False	False	False	C
A0A6I8MWY6	O89109	A0A6I8MWY6	Kcnn4	True	False	False	False	False	False	C
A0A6I8MWY6	Q4VBE7	A0A6I8MWY6	Q4VBE7	True	False	False	False	False	False	C
A0A6I8MWY6	Q3U410	A0A6I8MWY6	Klhl21	True	False	False	False	False	False	C
A0A6I8MWY6	Q8K4G1	A0A6I8MWY6	Ltbp4	True	False	False	False	False	False	C
A0A6I8MWY6	P27792	A0A6I8MWY6	Lyl1	True	False	False	False	False	False	C
A0A6I8MWY6	Q9R1L5	A0A6I8MWY6	Mast1	True	False	False	False	False	False	C
A0A6I8MWY6	Q3TN34	A0A6I8MWY6	Micall2	True	False	False	False	False	False	C
A0A6I8MWY6	Q3TZG8	A0A6I8MWY6	Q3TZG8	True	False	False	False	False	False	C
A0A6I8MWY6	Q9JI75	A0A6I8MWY6	Nqo2	True	False	False	False	False	False	C
A0A6I8MWY6	Q5QNQ6	A0A6I8MWY6	Osbp2	True	False	False	False	False	False	B
A0A6I8MWY6	P06803	A0A6I8MWY6	Pim1	True	False	False	False	False	False	C
A0A6I8MWY6	P52480	A0A6I8MWY6	Pkm	True	False	False	False	False	False	C
A0A6I8MWY6	Q9QXS1	A0A6I8MWY6	Plec	True	False	False	False	False	False	C
A0A6I8MWY6	P58389	A0A6I8MWY6	Ptpa	True	False	False	False	False	False	C
A0A6I8MWY6	Q03385	A0A6I8MWY6	Ralgds	True	False	False	False	False	False	C
A0A6I8MWY6	Q80TZ9	A0A6I8MWY6	Rere	True	False	False	False	False	False	C
A0A6I8MWY6	Q8BI21	A0A6I8MWY6	Rnf38	True	False	False	False	False	False	C
A0A6I8MWY6	Q8VCQ6	A0A6I8MWY6	Sgms1	True	False	False	False	False	False	C
A0A6I8MWY6	D3Z107	A0A6I8MWY6	D3Z107	True	False	False	False	False	False	C
A0A6I8MWY6	O35316	A0A6I8MWY6	Slc6a6	True	False	False	False	False	False	C
A0A6I8MWY6	Q8R570	A0A6I8MWY6	Snap47	True	False	False	False	False	False	C
A0A6I8MWY6	A0A5F8MPJ2	A0A6I8MWY6	A0A5F8MPJ2	True	False	False	False	False	False	C
A0A6I8MWY6	Q8BZ60	A0A6I8MWY6	Ston2	True	False	False	False	False	False	C
A0A6I8MWY6	D3YWM7	A0A6I8MWY6	D3YWM7	True	False	False	False	False	False	C
A0A6I8MWY6	Q9QVN7	A0A6I8MWY6	Tcea2	True	False	False	False	False	False	C
A0A6I8MWY6	Q91XL3	A0A6I8MWY6	Uxs1	True	False	False	False	False	False	C
A0A6I8MWY6	Q3U4G3	A0A6I8MWY6	Xxylt1	True	False	False	False	False	False	C
A0A6I8MWY6	P63101	A0A6I8MWY6	Ywhaz	True	False	False	False	False	False	C
A0A6I8MWY6	P22893	A0A6I8MWY6	Zfp36	True	False	False	False	False	False	C
A0A6I8MWY6	Q8CE64	A0A6I8MWY6	Znf276	True	False	False	False	False	False	C
Q9JJZ6	O54774	Klf13	Ap3d1	True	False	False	False	False	False	C
Q9JJZ6	A2BH40	Klf13	Arid1a	True	False	False	False	False	False	C
Q9JJZ6	Q9D668	Klf13	Arrdc2	True	False	False	False	False	False	C
Q9JJZ6	P51863	Klf13	Atp6v0d1	True	False	False	False	False	False	C
Q9JJZ6	Q67FY2	Klf13	Bcl9l	True	False	False	False	False	False	C
Q9JJZ6	Q9QYJ3	Klf13	Dnajb1	True	False	False	False	False	False	C
Q9JJZ6	Q7TNG5	Klf13	Eml2	True	False	False	False	False	False	C
Q9JJZ6	P07903	Klf13	Ercc1	True	False	False	False	False	False	C
Q9JJZ6	P19096	Klf13	Fasn	True	False	False	False	False	False	C
Q9JJZ6	Q8K285	Klf13	Fcho1	True	False	False	False	False	False	C
Q9JJZ6	Q64378	Klf13	Fkbp5	True	False	False	False	False	False	C
Q9JJZ6	Q61553	Klf13	Fscn1	True	False	False	False	False	False	C
Q9JJZ6	Q6ZPI0	Klf13	Jade1	True	False	False	False	False	False	C
Q9JJZ6	Q3U410	Klf13	Klhl21	True	False	False	False	False	False	C
Q9JJZ6	Q8K4G1	Klf13	Ltbp4	True	False	False	False	False	False	C
Q9JJZ6	Q3UHN9	Klf13	Ndst1	True	False	False	False	False	False	C
Q9JJZ6	P70255	Klf13	Nfic	True	False	False	False	False	False	C
Q9JJZ6	P54369	Klf13	Oaz1	True	False	False	False	False	False	C
Q9JJZ6	D3Z0X7	Klf13	D3Z0X7	True	False	False	False	False	False	C
Q9JJZ6	O70477	Klf13	Pknox1	True	False	False	False	False	False	C
Q9JJZ6	Q9QXS1	Klf13	Plec	True	False	False	False	False	False	C
Q9JJZ6	Q91VU8	Klf13	Ptov1	True	False	False	False	False	False	C
Q9JJZ6	Q8VCC8	Klf13	Rapgef3	True	False	False	False	False	False	C
Q9JJZ6	Q3UZA1	Klf13	Rcsd1	True	False	False	False	False	False	C
Q9JJZ6	J3QN61	Klf13	J3QN61	True	False	False	False	False	False	C
Q9JJZ6	Q9ESU7	Klf13	Q9ESU7	True	False	False	False	False	False	C
Q9JJZ6	A0A0G2JDT3	Klf13	A0A0G2JDT3	True	False	False	False	False	False	C
Q9JJZ6	D3YWM7	Klf13	D3YWM7	True	False	False	False	False	False	C
Q9JJZ6	P55144	Klf13	Tyro3	True	False	False	False	False	False	C
Q60980	Q9QYB5	Klf3	Add3	True	False	False	False	False	False	C
Q60980	P97393	Klf3	Arhgap5	True	False	False	False	False	False	C
Q60980	P58545	Klf3	Btbd3	True	False	False	False	False	False	C
Q60980	Q6PDJ1	Klf3	Cachd1	True	False	False	False	False	False	C
Q60980	P51125	Klf3	Cast	True	False	False	False	False	False	C
Q60980	Q9DAS9	Klf3	Gng12	True	False	False	False	False	False	C
Q60980	O08581	Klf3	Kcnk1	True	False	False	False	False	False	C
Q60980	G3UZT5	Klf3	G3UZT5	True	False	False	False	False	False	C
Q60980	D3Z4J3	Klf3	D3Z4J3	True	False	False	False	False	False	C
Q60980	Q91WM1	Klf3	Strbp	True	False	False	False	False	False	C
Q60980	B8JJ84	Klf3	B8JJ84	True	False	False	False	False	False	C
Q60980	Q0KL02	Klf3	Trio	True	False	False	False	False	False	C
Q60980	Q8BKT6	Klf3	Tspan12	True	False	False	False	False	False	C
Q60793	P60710	Klf4	Actb	True	False	False	False	False	False	C
Q60793	B1AVP1	Klf4	B1AVP1	True	False	False	False	False	False	C
Q60793	P97429	Klf4	Anxa4	True	False	False	False	False	False	C
Q60793	A0A7N9VSJ5	Klf4	A0A7N9VSJ5	True	False	False	False	False	False	C
Q60793	Q9QZK2	Klf4	Bcar3	True	False	False	False	False	False	C
Q60793	P51125	Klf4	Cast	True	False	False	False	False	False	C
Q60793	Q3V2R3	Klf4	Q3V2R3	True	False	False	False	False	False	C
Q60793	Q4PZA2	Klf4	Ece1	True	False	False	False	False	False	C
Q60793	Q7TNG5	Klf4	Eml2	True	False	False	False	False	False	C
Q60793	P47801	Klf4	Emp1	True	False	False	False	False	False	C
Q60793	A6PWD2	Klf4	Fhad1	True	False	False	False	False	False	C
Q60793	Q3U3C9	Klf4	Gse1	True	False	False	False	False	False	C
Q60793	P13020	Klf4	Gsn	True	False	False	False	False	False	C
Q60793	Q8R2V2	Klf4	Iffo2	True	False	False	False	False	False	C
Q60793	Q60980	Klf4	Klf3	True	False	False	False	False	False	C
Q60793	E9QKT0	Klf4	E9QKT0	True	False	False	False	False	False	C
Q60793	Q8CJ19	Klf4	Mical3	True	False	False	False	False	False	C
Q60793	Q920Q6	Klf4	Msi2	True	False	False	False	False	False	C
Q60793	Q6PDN3	Klf4	Mylk	True	False	False	False	False	False	C
Q60793	V9GXT3	Klf4	V9GXT3	True	False	False	False	False	False	C
Q60793	Q62433	Klf4	Ndrg1	True	False	False	False	False	False	B
Q60793	Q3UHN9	Klf4	Ndst1	True	False	False	False	False	False	C
Q60793	A0A0R4J212	Klf4	A0A0R4J212	True	False	False	False	False	False	C
Q60793	P60335	Klf4	Pcbp1	True	False	False	False	False	False	C
Q60793	A2AUP1	Klf4	A2AUP1	True	False	False	False	False	False	C
Q60793	P52480	Klf4	Pkm	True	False	False	False	False	False	C
Q60793	Q8BG02	Klf4	Ppp2r2c	True	False	False	False	False	False	C
Q60793	A2ALK8	Klf4	Ptpn3	True	False	False	False	False	False	C
Q60793	A2ALS5	Klf4	Rap1gap	True	False	False	False	False	False	C
Q60793	Q9JHG6	Klf4	Rcan1	True	False	False	False	False	False	C
Q60793	P54227	Klf4	Stmn1	True	False	False	False	False	False	C
Q60793	Q8BZ60	Klf4	Ston2	True	False	False	False	False	False	C
Q60793	A0A1L1SQ51	Klf4	A0A1L1SQ51	True	False	False	False	False	False	C
Q60793	Q3U4G3	Klf4	Xxylt1	True	False	False	False	False	False	C
Q60793	Q8VCZ7	Klf4	Zbtb7c	True	False	False	False	False	False	C
Q9Z0Z7	Q7TPR4	Klf5	Actn1	True	False	False	False	False	False	C
Q9Z0Z7	E9PY16	Klf5	E9PY16	True	False	False	False	False	False	C
Q9Z0Z7	M0QWP1	Klf5	M0QWP1	True	False	False	False	False	False	C
Q9Z0Z7	P47740	Klf5	Aldh3a2	True	False	False	False	False	False	C
Q9Z0Z7	Q99JB7	Klf5	Amn	True	False	False	False	False	False	C
Q9Z0Z7	P07356	Klf5	Anxa2	True	False	False	False	False	False	C
Q9Z0Z7	Q5JCS9	Klf5	B3gnt3	True	False	False	False	False	False	C
Q9Z0Z7	Q9DBJ3	Klf5	Baiap2l1	True	False	False	False	False	False	C
Q9Z0Z7	Q8VCF1	Klf5	Cant1	True	False	False	False	False	False	C
Q9Z0Z7	P40240	Klf5	Cd9	True	False	False	False	False	False	C
Q9Z0Z7	O35054	Klf5	Cldn4	True	False	False	False	False	False	C
Q9Z0Z7	P08122	Klf5	Col4a2	True	False	False	False	False	False	C
Q9Z0Z7	E9QLB8	Klf5	E9QLB8	True	False	False	False	False	False	C
Q9Z0Z7	Q6P5E8	Klf5	Dgkq	True	False	False	False	False	False	C
Q9Z0Z7	E9PV41	Klf5	E9PV41	True	False	False	False	False	False	C
Q9Z0Z7	P51141	Klf5	Dvl1	True	False	False	False	False	False	C
Q9Z0Z7	Q4PZA2	Klf5	Ece1	True	False	False	False	False	False	C
Q9Z0Z7	Q3UPW2	Klf5	Elf3	True	False	False	False	False	False	C
Q9Z0Z7	Q03145	Klf5	Epha2	True	False	False	False	False	False	C
Q9Z0Z7	P70424	Klf5	Erbb2	True	False	False	False	False	False	C
Q9Z0Z7	Q8K0G8	Klf5	Esrp2	True	False	False	False	False	False	C
Q9Z0Z7	Q5MPP0	Klf5	Fa2h	True	False	False	False	False	False	C
Q9Z0Z7	O70220	Klf5	Foxq1	True	False	False	False	False	False	B
Q9Z0Z7	Q80ZU9	Klf5	Gpr137	True	False	False	False	False	False	C
Q9Z0Z7	G5E8C3	Klf5	G5E8C3	True	False	False	False	False	False	C
Q9Z0Z7	O70325	Klf5	Gpx4	True	False	False	False	False	False	C
Q9Z0Z7	Q02257	Klf5	Jup	True	False	False	False	False	False	B
Q9Z0Z7	O89109	Klf5	Kcnn4	True	False	False	False	False	False	C
Q9Z0Z7	A2A7S8	Klf5	Nhsl3	True	False	False	False	False	False	C
Q9Z0Z7	P11679	Klf5	Krt8	True	False	False	False	False	False	C
Q9Z0Z7	Q61087	Klf5	Lamb3	True	False	False	False	False	False	B
Q9Z0Z7	A0A2I3BRE5	Klf5	A0A2I3BRE5	True	False	False	False	False	False	C
Q9Z0Z7	B1ATA7	Klf5	B1ATA7	True	False	False	False	False	False	C
Q9Z0Z7	Q91XL2	Klf5	Lnx2	True	False	False	False	False	False	C
Q9Z0Z7	Q99KG5	Klf5	Lsr	True	False	False	False	False	False	C
Q9Z0Z7	Q61810	Klf5	Ltbp3	True	False	False	False	False	False	C
Q9Z0Z7	Q8K4G1	Klf5	Ltbp4	True	False	False	False	False	False	C
Q9Z0Z7	Q9CQB2	Klf5	Mcrip2	True	False	False	False	False	False	C
Q9Z0Z7	Q8R516	Klf5	Mib2	True	False	False	False	False	False	C
Q9Z0Z7	Q3TPJ7	Klf5	Midn	True	False	False	False	False	False	C
Q9Z0Z7	Q9D279	Klf5	Misp	True	False	False	False	False	False	C
Q9Z0Z7	Q8CDB0	Klf5	Mknk2	True	False	False	False	False	False	C
Q9Z0Z7	Q9WTI7	Klf5	Myo1c	True	False	False	False	False	False	C
Q9Z0Z7	G5E8G6	Klf5	G5E8G6	True	False	False	False	False	False	C
Q9Z0Z7	Q60795	Klf5	Nfe2l2	True	False	False	False	False	False	C
Q9Z0Z7	Q3TZG8	Klf5	Q3TZG8	True	False	False	False	False	False	C
Q9Z0Z7	Q9QXS1	Klf5	Plec	True	False	False	False	False	False	C
Q9Z0Z7	G5E898	Klf5	G5E898	True	False	False	False	False	False	C
Q9Z0Z7	Q5I1X5	Klf5	Ppp1r13l	True	False	False	False	False	False	C
Q9Z0Z7	Q02956	Klf5	Prkcz	True	False	False	False	False	False	C
Q9Z0Z7	Q61115	Klf5	Ptch1	True	False	False	False	False	False	C
Q9Z0Z7	Q64434	Klf5	Ptk6	True	False	False	False	False	False	B
Q9Z0Z7	P62492	Klf5	Rab11a	True	False	False	False	False	False	C
Q9Z0Z7	E9Q8L9	Klf5	E9Q8L9	True	False	False	False	False	False	C
Q9Z0Z7	Q03385	Klf5	Ralgds	True	False	False	False	False	False	C
Q9Z0Z7	Q91WT8	Klf5	Rbm47	True	False	False	False	False	False	C
Q9Z0Z7	P28700	Klf5	Rxra	True	False	False	False	False	False	C
Q9Z0Z7	Q9D708	Klf5	S100a16	True	False	False	False	False	False	C
Q9Z0Z7	Q61180	Klf5	Scnn1a	True	False	False	False	False	False	C
Q9Z0Z7	P18828	Klf5	Sdc1	True	False	False	False	False	False	C
Q9Z0Z7	P17809	Klf5	Slc2a1	True	False	False	False	False	False	C
Q9Z0Z7	Q9D8M3	Klf5	Slc48a1	True	False	False	False	False	False	C
Q9Z0Z7	Q8K1S6	Klf5	Spire2	True	False	False	False	False	False	C
Q9Z0Z7	Q9WTN3	Klf5	Srebf1	True	False	False	False	False	False	C
Q9Z0Z7	O35526	Klf5	Stx1a	True	False	False	False	False	False	C
Q9Z0Z7	E9PVV1	Klf5	E9PVV1	True	False	False	False	False	False	C
Q9Z0Z7	Q9CY27	Klf5	Tecr	True	False	False	False	False	False	C
Q9Z0Z7	A0A1W2P7W7	Klf5	A0A1W2P7W7	True	False	False	False	False	False	C
Q9Z0Z7	Q8R2Q0	Klf5	Trim29	True	False	False	False	False	False	C
Q9Z0Z7	Q5SXA9	Klf5	Wwc1	True	False	False	False	False	False	C
Q9Z0Z7	P63101	Klf5	Ywhaz	True	False	False	False	False	False	C
Q9Z0Z7	Q8VCZ7	Klf5	Zbtb7c	True	False	False	False	False	False	C
Q9Z0Z7	Q3U0X6	Klf5	Q3U0X6	True	False	False	False	False	False	C
Q8BPQ2	Q7TPR4	Q8BPQ2	Actn1	True	False	False	False	False	False	C
Q8BPQ2	P07356	Q8BPQ2	Anxa2	True	False	False	False	False	False	C
Q8BPQ2	P31955	Q8BPQ2	Areg	True	False	False	False	False	False	C
Q8BPQ2	Q8BM75	Q8BPQ2	Arid5b	True	False	False	False	False	False	C
Q8BPQ2	Q9QWY8	Q8BPQ2	Asap1	True	False	False	False	False	False	C
Q8BPQ2	Q9Z0H8	Q8BPQ2	Clip2	True	False	False	False	False	False	C
Q8BPQ2	Q9JJN6	Q8BPQ2	Ctnnbip1	True	False	False	False	False	False	C
Q8BPQ2	Q9ESS0	Q8BPQ2	Dusp10	True	False	False	False	False	False	C
Q8BPQ2	Q9WVK4	Q8BPQ2	Ehd1	True	False	False	False	False	False	C
Q8BPQ2	Q08509	Q8BPQ2	Eps8	True	False	False	False	False	False	C
Q8BPQ2	Q99JZ7	Q8BPQ2	Errfi1	True	False	False	False	False	False	C
Q8BPQ2	P15037	Q8BPQ2	Ets2	True	False	False	False	False	False	C
Q8BPQ2	Q3UN58	Q8BPQ2	Faap20	True	False	False	False	False	False	C
Q8BPQ2	O89113	Q8BPQ2	Ier5	True	False	False	False	False	False	C
Q8BPQ2	P09055	Q8BPQ2	Itgb1	True	False	False	False	False	False	C
Q8BPQ2	P35951	Q8BPQ2	Ldlr	True	False	False	False	False	False	C
Q8BPQ2	Q8BGA2	Q8BPQ2	Lhfpl2	True	False	False	False	False	False	C
Q8BPQ2	P48678	Q8BPQ2	Lmna	True	False	False	False	False	False	C
Q8BPQ2	Q3UZ39	Q8BPQ2	Lrrfip1	True	False	False	False	False	False	C
Q8BPQ2	Q8K4G1	Q8BPQ2	Ltbp4	True	False	False	False	False	False	C
Q8BPQ2	Q920Q6	Q8BPQ2	Msi2	True	False	False	False	False	False	C
Q8BPQ2	Q8VDD5	Q8BPQ2	Myh9	True	False	False	False	False	False	C
Q8BPQ2	A0A0R4J212	Q8BPQ2	A0A0R4J212	True	False	False	False	False	False	C
Q8BPQ2	Q9QXS1	Q8BPQ2	Plec	True	False	False	False	False	False	C
Q8BPQ2	Q63739	Q8BPQ2	Ptp4a1	True	False	False	False	False	False	C
Q8BPQ2	Q9WUB0	Q8BPQ2	Rbck1	True	False	False	False	False	False	C
Q8BPQ2	P61588	Q8BPQ2	Rnd3	True	False	False	False	False	False	C
Q8BPQ2	D3Z107	Q8BPQ2	D3Z107	True	False	False	False	False	False	C
Q8BPQ2	Q921I6	Q8BPQ2	Sh3bp4	True	False	False	False	False	False	C
Q8BPQ2	A0A1B0GSY0	Q8BPQ2	A0A1B0GSY0	True	False	False	False	False	False	C
Q8BPQ2	Q9WTN3	Q8BPQ2	Srebf1	True	False	False	False	False	False	C
Q8BPQ2	F8VQ95	Q8BPQ2	F8VQ95	True	False	False	False	False	False	C
Q8BPQ2	Q9CY27	Q8BPQ2	Tecr	True	False	False	False	False	False	C
Q8BPQ2	Q8QZY6	Q8BPQ2	Tspan14	True	False	False	False	False	False	C
Q8BPQ2	Q99KU0	Q8BPQ2	Vmp1	True	False	False	False	False	False	C
Q8BPQ2	P56695	Q8BPQ2	Wfs1	True	False	False	False	False	False	C
Q8BPQ2	Q9EPK5	Q8BPQ2	Wwtr1	True	False	False	False	False	False	C
Q8BPQ2	Q3U4G3	Q8BPQ2	Xxylt1	True	False	False	False	False	False	C
Q8BPQ2	P23950	Q8BPQ2	Zfp36l1	True	False	False	False	False	False	C
Q8BPQ2	P23949	Q8BPQ2	Zfp36l2	True	False	False	False	False	False	C
Q8CEC4	Q7TPR4	Q8CEC4	Actn1	True	False	False	False	False	False	C
Q8CEC4	Q80YS6	Q8CEC4	Afap1	True	False	False	False	False	False	C
Q8CEC4	M0QWP1	Q8CEC4	M0QWP1	True	False	False	False	False	False	C
Q8CEC4	Q9DBT5	Q8CEC4	Ampd2	True	False	False	False	False	False	C
Q8CEC4	Q9DBR4	Q8CEC4	Apbb2	True	False	False	False	False	False	C
Q8CEC4	Q8BM75	Q8CEC4	Arid5b	True	False	False	False	False	False	C
Q8CEC4	Q8VBT9	Q8CEC4	Aspscr1	True	False	False	False	False	False	C
Q8CEC4	Q61140	Q8CEC4	Bcar1	True	False	False	False	False	False	C
Q8CEC4	Q6PDJ1	Q8CEC4	Cachd1	True	False	False	False	False	False	C
Q8CEC4	E9QQ55	Q8CEC4	E9QQ55	True	False	False	False	False	False	C
Q8CEC4	Q9D486	Q8CEC4	Cmip	True	False	False	False	False	False	C
Q8CEC4	Q80UP3	Q8CEC4	Dgkz	True	False	False	False	False	False	C
Q8CEC4	Q4PZA2	Q8CEC4	Ece1	True	False	False	False	False	False	C
Q8CEC4	Q01279	Q8CEC4	Egfr	True	False	False	False	False	False	C
Q8CEC4	P54754	Q8CEC4	Ephb3	True	False	False	False	False	False	C
Q8CEC4	P54761	Q8CEC4	Ephb4	True	False	False	False	False	False	C
Q8CEC4	Q8K285	Q8CEC4	Fcho1	True	False	False	False	False	False	C
Q8CEC4	A0A0J9YUX1	Q8CEC4	A0A0J9YUX1	True	False	False	False	False	False	C
Q8CEC4	Q9WVH4	Q8CEC4	Foxo3	True	False	False	False	False	False	C
Q8CEC4	P39688	Q8CEC4	Fyn	True	False	False	False	False	False	C
Q8CEC4	Q923Z0	Q8CEC4	Gprc5b	True	False	False	False	False	False	C
Q8CEC4	P13020	Q8CEC4	Gsn	True	False	False	False	False	False	C
Q8CEC4	A2A884	Q8CEC4	Hivep3	True	False	False	False	False	False	C
Q8CEC4	P62748	Q8CEC4	Hpcal1	True	False	False	False	False	False	C
Q8CEC4	Q8R2V2	Q8CEC4	Iffo2	True	False	False	False	False	False	C
Q8CEC4	E9PUA3	Q8CEC4	E9PUA3	True	False	False	False	False	False	C
Q8CEC4	A2A7S8	Q8CEC4	Nhsl3	True	False	False	False	False	False	C
Q8CEC4	O09010	Q8CEC4	Lfng	True	False	False	False	False	False	C
Q8CEC4	Q61827	Q8CEC4	Mafk	True	False	False	False	False	False	C
Q8CEC4	Q924H2	Q8CEC4	Med15	True	False	False	False	False	False	C
Q8CEC4	E9QKT0	Q8CEC4	E9QKT0	True	False	False	False	False	False	C
Q8CEC4	E9PY55	Q8CEC4	E9PY55	True	False	False	False	False	False	C
Q8CEC4	Q8BNY6	Q8CEC4	Ncs1	True	False	False	False	False	False	C
Q8CEC4	Q60591	Q8CEC4	Nfatc2	True	False	False	False	False	False	C
Q8CEC4	P70255	Q8CEC4	Nfic	True	False	False	False	False	False	C
Q8CEC4	O35973	Q8CEC4	Per1	True	False	False	False	False	False	C
Q8CEC4	Q9QWH1	Q8CEC4	Phc2	True	False	False	False	False	False	C
Q8CEC4	Q6PDH0	Q8CEC4	Phldb1	True	False	False	False	False	False	C
Q8CEC4	P52480	Q8CEC4	Pkm	True	False	False	False	False	False	C
Q8CEC4	Q9QXS1	Q8CEC4	Plec	True	False	False	False	False	False	C
Q8CEC4	P37040	Q8CEC4	Por	True	False	False	False	False	False	C
Q8CEC4	P31360	Q8CEC4	Pou3f2	True	False	False	False	False	False	C
Q8CEC4	Q8BQP8	Q8CEC4	Rab11fip4	True	False	False	False	False	False	C
Q8CEC4	A2ALS5	Q8CEC4	Rap1gap	True	False	False	False	False	False	C
Q8CEC4	Q8CGE9	Q8CEC4	Rgs12	True	False	False	False	False	False	C
Q8CEC4	P28700	Q8CEC4	Rxra	True	False	False	False	False	False	C
Q8CEC4	J3QN61	Q8CEC4	J3QN61	True	False	False	False	False	False	C
Q8CEC4	F8VQK5	Q8CEC4	F8VQK5	True	False	False	False	False	False	C
Q8CEC4	A8Y5H7	Q8CEC4	Sec14l1	True	False	False	False	False	False	C
Q8CEC4	D3Z107	Q8CEC4	D3Z107	True	False	False	False	False	False	C
Q8CEC4	Q8R550	Q8CEC4	Sh3kbp1	True	False	False	False	False	False	C
Q8CEC4	G3X9F6	Q8CEC4	G3X9F6	True	False	False	False	False	False	C
Q8CEC4	A7TU71	Q8CEC4	A7TU71	True	False	False	False	False	False	C
Q8CEC4	A0A0R4J101	Q8CEC4	A0A0R4J101	True	False	False	False	False	False	C
Q8CEC4	D3YWM9	Q8CEC4	D3YWM9	True	False	False	False	False	False	C
Q8CEC4	F8VQ95	Q8CEC4	F8VQ95	True	False	False	False	False	False	C
Q8CEC4	Q3UUG6	Q8CEC4	Tbc1d24	True	False	False	False	False	False	C
Q8CEC4	Q8CGB6	Q8CEC4	Tns2	True	False	False	False	False	False	C
Q8CEC4	Q99KW3	Q8CEC4	Triobp	True	False	False	False	False	False	C
Q8CEC4	Q9Z2S7	Q8CEC4	Tsc22d3	True	False	False	False	False	False	C
Q8CEC4	Q60992	Q8CEC4	Vav2	True	False	False	False	False	False	C
P55200	A0A3B2W3X3	Kmt2a	A0A3B2W3X3	True	False	False	False	False	False	C
P55200	A0A338P6U8	Kmt2a	A0A338P6U8	True	False	False	False	False	False	C
P55200	E9Q7E2	Kmt2a	Arid2	True	False	False	False	False	False	C
P55200	E9PX52	Kmt2a	E9PX52	True	False	False	False	False	False	C
P55200	Q8VBW5	Kmt2a	Bbx	True	False	False	False	False	False	C
P55200	Q8CHH5	Kmt2a	Bicral	True	False	False	False	False	False	C
P55200	O88738	Kmt2a	Birc6	True	False	False	False	False	False	C
P55200	Q8BWD8	Kmt2a	Cdk19	True	False	False	False	False	False	C
P55200	Q60772	Kmt2a	Cdkn2c	True	False	False	False	False	False	B
P55200	Q8BYH8	Kmt2a	Chd9	True	False	False	False	False	False	C
P55200	Q8CE22	Kmt2a	Dmtf1	True	False	False	False	False	False	C
P55200	Q7TPD1	Kmt2a	Fbxo11	True	False	False	False	False	False	C
P55200	Q80TY0	Kmt2a	Fnbp1	True	False	False	False	False	False	C
P55200	Q61572	Kmt2a	Foxc1	True	False	False	False	False	False	A
P55200	Q61850	Kmt2a	Foxc2	True	False	False	False	False	False	A
P55200	Q61543	Kmt2a	Glg1	True	False	False	False	False	False	C
P55200	A0A0N4SVW7	Kmt2a	A0A0N4SVW7	True	False	False	False	False	False	C
P55200	B9EHK7	Kmt2a	B9EHK7	True	False	False	False	False	False	A
P55200	P31310	Kmt2a	Hoxa10	True	False	False	False	False	False	A
P55200	P31311	Kmt2a	Hoxa11	True	False	False	False	False	False	A
P55200	Q62424	Kmt2a	Hoxa13	True	False	False	False	False	False	A
P55200	P09025	Kmt2a	Hoxc8	True	False	False	False	False	False	A
P55200	E9QNX9	Kmt2a	E9QNX9	True	False	False	False	False	False	C
P55200	Q69ZK6	Kmt2a	Jmjd1c	True	False	False	False	False	False	C
P55200	Q8BLB7	Kmt2a	L3mbtl3	True	False	False	False	False	False	C
P55200	P62046	Kmt2a	Lrch1	True	False	False	False	False	False	C
P55200	Q8BPM2	Kmt2a	Map4k5	True	False	False	False	False	False	C
P55200	A0A1Y7VP67	Kmt2a	A0A1Y7VP67	True	False	False	False	False	False	C
P55200	Q7TPH6	Kmt2a	Mycbp2	True	False	False	False	False	False	C
P55200	Q61026	Kmt2a	Ncoa2	True	False	False	False	False	False	C
P55200	E0CYX5	Kmt2a	E0CYX5	True	False	False	False	False	False	C
P55200	Q6KCD5	Kmt2a	Nipbl	True	False	False	False	False	False	C
P55200	Q640Q5	Kmt2a	Pan3	True	False	False	False	False	False	C
P55200	Q9QYC1	Kmt2a	Pcnx1	True	False	False	False	False	False	C
P55200	E9QPQ6	Kmt2a	E9QPQ6	True	False	False	False	False	False	C
P55200	F8VQ93	Kmt2a	F8VQ93	True	False	False	False	False	False	C
P55200	Q61115	Kmt2a	Ptch1	True	False	False	False	False	False	C
P55200	P97868	Kmt2a	Rbbp6	True	False	False	False	False	False	C
P55200	Q6QI06	Kmt2a	Rictor	True	False	False	False	False	False	C
P55200	D3YU76	Kmt2a	D3YU76	True	False	False	False	False	False	C
P55200	Q7TSH6	Kmt2a	Scaf4	True	False	False	False	False	False	C
P55200	O35638	Kmt2a	Stag2	True	False	False	False	False	False	C
P55200	Q6ZWQ0	Kmt2a	Syne2	True	False	False	False	False	False	C
P55200	Q61286	Kmt2a	Tcf12	True	False	False	False	False	False	C
P55200	A0A0G2JF55	Kmt2a	A0A0G2JF55	True	False	False	False	False	False	C
P55200	Q64511	Kmt2a	Top2b	True	False	False	False	False	False	C
P55200	P70399	Kmt2a	Tp53bp1	True	False	False	False	False	False	C
P55200	B2RX14	Kmt2a	Tut4	True	False	False	False	False	False	C
P55200	B1AY13	Kmt2a	Usp24	True	False	False	False	False	False	C
P55200	Q69ZB8	Kmt2a	Zcchc2	True	False	False	False	False	False	C
P55200	Q9Z2U2	Kmt2a	Zfp292	True	False	False	False	False	False	C
F8WJ40	A2BH40	F8WJ40	Arid1a	True	False	False	False	False	False	C
F8WJ40	A0A0U1RPL0	F8WJ40	A0A0U1RPL0	True	False	False	False	False	False	C
F8WJ40	Q61881	F8WJ40	Mcm7	True	False	False	False	False	False	C
F8WJ40	D3Z0X7	F8WJ40	D3Z0X7	True	False	False	False	False	False	C
F8WJ40	Q9WVF7	F8WJ40	Pole	True	False	False	False	False	False	C
F8WJ40	Q7TSI3	F8WJ40	Ppp6r1	True	False	False	False	False	False	C
F8WJ40	O55201	F8WJ40	Supt5h	True	False	False	False	False	False	C
F8WJ40	A0A0R4J1R1	F8WJ40	A0A0R4J1R1	True	False	False	False	False	False	C
P27782	O88566	Lef1	Axin2	True	False	False	False	False	False	B
P27782	P28662	Lef1	Bri3	True	False	False	False	False	False	C
P27782	Q5FWI3	Lef1	Cemip2	True	False	False	False	False	False	C
P27782	E9PZM4	Lef1	Chd2	True	False	False	False	False	False	C
P27782	E9Q1U6	Lef1	E9Q1U6	True	False	False	False	False	False	B
P27782	A6PWD2	Lef1	Fhad1	True	False	False	False	False	False	C
P27782	Q99MI6	Lef1	Gimap3	True	False	False	False	False	False	C
P27782	Q8BWF2	Lef1	Gimap5	True	False	False	False	False	False	C
P27782	O09131	Lef1	Gsto1	True	False	False	False	False	False	C
P27782	A0A087WQN5	Lef1	A0A087WQN5	True	False	False	False	False	False	C
P27782	Q9JIA1	Lef1	Lgi1	True	False	False	False	False	False	C
P27782	Q925J9	Lef1	Med1	True	False	False	False	False	False	C
P27782	O70583	Lef1	Mid1	True	False	False	False	False	False	C
P27782	E9PV66	Lef1	E9PV66	True	False	False	False	False	False	C
P27782	Q8BNJ6	Lef1	Neto2	True	False	False	False	False	False	C
P27782	Q99MH6	Lef1	Nkd1	True	False	False	False	False	False	C
P27782	Q99K10	Lef1	Nlgn1	True	False	False	False	False	False	C
P27782	P43021	Lef1	Nodal	True	False	False	False	False	False	C
P27782	A0A0U1RQ87	Lef1	A0A0U1RQ87	True	False	False	False	False	False	C
P27782	Q8K1N2	Lef1	Phldb2	True	False	False	False	False	False	C
P27782	P23298	Lef1	Prkch	True	False	False	False	False	False	C
P27782	Q52KR3	Lef1	Prune2	True	False	False	False	False	False	C
P27782	Q8BK67	Lef1	Rcc2	True	False	False	False	False	False	C
P27782	Q8BHJ6	Lef1	Serinc5	True	False	False	False	False	False	C
P27782	Q8C0T5	Lef1	Sipa1l1	True	False	False	False	False	False	C
P27782	Q8R0Z5	Lef1	Slc25a28	True	False	False	False	False	False	C
P27782	Q9CR67	Lef1	Tmem33	True	False	False	False	False	False	C
P27782	Q9JLL3	Lef1	Tnfrsf19	True	False	False	False	False	False	C
P27782	Q8BQQ1	Lef1	Zdhhc14	True	False	False	False	False	False	C
Q9Z0S2	P25322	Lhx2	Ccnd1	True	False	False	False	False	False	C
Q9Z0S2	O35495	Lhx2	Cdk14	True	False	False	False	False	False	C
Q9Z0S2	Q9JL04	Lhx2	Fmn2	True	False	False	False	False	False	C
Q9Z0S2	E0CX93	Lhx2	E0CX93	True	False	False	False	False	False	C
Q9Z0S2	O70583	Lhx2	Mid1	True	False	False	False	False	False	C
Q9Z0S2	Q08874	Lhx2	Mitf	True	False	False	False	False	False	C
Q9Z0S2	P40645	Lhx2	Sox6	True	False	False	False	False	False	C
Q9Z0S2	Q8K0L9	Lhx2	Zbtb20	True	False	False	False	False	False	C
Q9Z0S2	Q56A10	Lhx2	Znf608	True	False	False	False	False	False	C
P50481	E9Q4F3	Lhx3	E9Q4F3	True	False	False	False	False	False	A
P53776	Q60687	Lhx4	Fshb	True	False	False	False	False	False	A
P53776	E9Q4F3	Lhx4	E9Q4F3	True	False	False	False	False	False	A
P27792	Q8BL80	Lyl1	Arhgap22	True	False	False	False	False	False	C
P27792	Q8BYW1	Lyl1	Arhgap25	True	False	False	False	False	False	C
P27792	Q6P068	Lyl1	Arl5c	True	False	False	False	False	False	C
P27792	A0A3Q4EBR8	Lyl1	A0A3Q4EBR8	True	False	False	False	False	False	C
P27792	A0A1W2P731	Lyl1	A0A1W2P731	True	False	False	False	False	False	C
P27792	Q5RJF7	Lyl1	Cacna2d4	True	False	False	False	False	False	C
P27792	B7ZP57	Lyl1	B7ZP57	True	False	False	False	False	False	B
P27792	Q6VGS5	Lyl1	Ccdc88c	True	False	False	False	False	False	C
P27792	Q8K2Y9	Lyl1	Ccm2	True	False	False	False	False	False	C
P27792	Q64314	Lyl1	Cd34	True	False	False	False	False	False	C
P27792	Q61451	Lyl1	Cd53	True	False	False	False	False	False	C
P27792	Q99LL3	Lyl1	Chst12	True	False	False	False	False	False	C
P27792	Q9Z0H8	Lyl1	Clip2	True	False	False	False	False	False	C
P27792	P97468	Lyl1	Cmklr1	True	False	False	False	False	False	C
P27792	Q9ESD6	Lyl1	Cmtm7	True	False	False	False	False	False	C
P27792	P09581	Lyl1	Csf1r	True	False	False	False	False	False	C
P27792	P41241	Lyl1	Csk	True	False	False	False	False	False	C
P27792	Q8R3V6	Lyl1	Cuedc1	True	False	False	False	False	False	C
P27792	Q61093	Lyl1	Cybb	True	False	False	False	False	False	C
P27792	Q80YW0	Lyl1	Cyth4	True	False	False	False	False	False	C
P27792	Q80UP3	Lyl1	Dgkz	True	False	False	False	False	False	C
P27792	Q9D7B1	Lyl1	Dus2	True	False	False	False	False	False	C
P27792	A0A0N4SV63	Lyl1	A0A0N4SV63	True	False	False	False	False	False	C
P27792	F6RMR6	Lyl1	F6RMR6	True	False	False	False	False	False	B
P27792	Q8BPU7	Lyl1	Elmo1	True	False	False	False	False	False	C
P27792	Q8C552	Lyl1	Fam78a	True	False	False	False	False	False	C
P27792	Q7TNT2	Lyl1	Far2	True	False	False	False	False	False	C
P27792	Q6ZPF4	Lyl1	Fmnl3	True	False	False	False	False	False	C
P27792	P63213	Lyl1	Gng2	True	False	False	False	False	False	C
P27792	Q99MK8	Lyl1	Grk2	True	False	False	False	False	False	C
P27792	Q6NZM9	Lyl1	Hdac4	True	False	False	False	False	False	C
P27792	P43120	Lyl1	Hhex	True	False	False	False	False	False	C
P27792	A2A884	Lyl1	Hivep3	True	False	False	False	False	False	C
P27792	Q61670	Lyl1	Hlx	True	False	False	False	False	False	C
P27792	P62748	Lyl1	Hpcal1	True	False	False	False	False	False	C
P27792	G5E8H3	Lyl1	G5E8H3	True	False	False	False	False	False	C
P27792	Q9ES52	Lyl1	Inpp5d	True	False	False	False	False	False	C
P27792	Q3UQ44	Lyl1	Iqgap2	True	False	False	False	False	False	C
P27792	D3YYP8	Lyl1	D3YYP8	True	False	False	False	False	False	C
P27792	P62482	Lyl1	Kcnab2	True	False	False	False	False	False	C
P27792	O89109	Lyl1	Kcnn4	True	False	False	False	False	False	C
P27792	A0A0R4J2B2	Lyl1	A0A0R4J2B2	True	False	False	False	False	False	C
P27792	Q61168	Lyl1	Laptm5	True	False	False	False	False	False	C
P27792	Q9WTX8	Lyl1	Mad1l1	True	False	False	False	False	False	C
P27792	A0A0R4J0C0	Lyl1	A0A0R4J0C0	True	False	False	False	False	False	C
P27792	Q8BGX1	Lyl1	Pced1b	True	False	False	False	False	False	C
P27792	Q9JHG7	Lyl1	Pik3cg	True	False	False	False	False	False	C
P27792	Q8CIH5	Lyl1	Plcg2	True	False	False	False	False	False	C
P27792	O35405	Lyl1	Pld3	True	False	False	False	False	False	C
P27792	Q9QXS1	Lyl1	Plec	True	False	False	False	False	False	C
P27792	Q9JIY0	Lyl1	Plekho1	True	False	False	False	False	False	C
P27792	P70207	Lyl1	Plxna2	True	False	False	False	False	False	C
P27792	Q6R891	Lyl1	Ppp1r9b	True	False	False	False	False	False	C
P27792	Q6BCL1	Lyl1	Pram1	True	False	False	False	False	False	C
P27792	Q69ZK0	Lyl1	Prex1	True	False	False	False	False	False	C
P27792	Q812A5	Lyl1	Prr5	True	False	False	False	False	False	C
P27792	A2AVJ5	Lyl1	Prr5l	True	False	False	False	False	False	C
P27792	Q9QVP9	Lyl1	Ptk2b	True	False	False	False	False	False	B
P27792	Q8BQX0	Lyl1	Q8BQX0	True	False	False	False	False	False	C
P27792	Q05144	Lyl1	Rac2	True	False	False	False	False	False	C
P27792	P59729	Lyl1	Rin3	True	False	False	False	False	False	C
P27792	Q8K352	Lyl1	Sash3	True	False	False	False	False	False	C
P27792	O09039	Lyl1	Sh2b3	True	False	False	False	False	False	C
P27792	Q91VW3	Lyl1	Sh3bgrl3	True	False	False	False	False	False	C
P27792	Q8R550	Lyl1	Sh3kbp1	True	False	False	False	False	False	C
P27792	A0A494BAM3	Lyl1	A0A494BAM3	True	False	False	False	False	False	C
P27792	Q11204	Lyl1	St3gal2	True	False	False	False	False	False	C
P27792	Q64685	Lyl1	St6gal1	True	False	False	False	False	False	C
P27792	G3X973	Lyl1	G3X973	True	False	False	False	False	False	C
P27792	O55098	Lyl1	Stk10	True	False	False	False	False	False	C
P27792	D3Z079	Lyl1	D3Z079	True	False	False	False	False	False	C
P27792	B1ATB3	Lyl1	B1ATB3	True	False	False	False	False	False	C
P27792	D3YWJ5	Lyl1	D3YWJ5	True	False	False	False	False	False	C
P27792	Q91YD4	Lyl1	Trpm2	True	False	False	False	False	False	C
P27792	B2RUP2	Lyl1	Unc13d	True	False	False	False	False	False	C
P27792	P27870	Lyl1	Vav1	True	False	False	False	False	False	C
P27792	B1ART2	Lyl1	B1ART2	True	False	False	False	False	False	C
P27792	A0A171EBK7	Lyl1	A0A171EBK7	True	False	False	False	False	False	C
P54843	Q8BYW1	Maf	Arhgap25	True	False	False	False	False	False	C
P54843	Q91X46	Maf	Arhgef3	True	False	False	False	False	False	C
P54843	P61208	Maf	Arl4c	True	False	False	False	False	False	C
P54843	A0A494BBD0	Maf	A0A494BBD0	True	False	False	False	False	False	C
P54843	Q3TZ02	Maf	Q3TZ02	True	False	False	False	False	False	C
P54843	Q80YW0	Maf	Cyth4	True	False	False	False	False	False	C
P54843	Q8BZN6	Maf	Dock10	True	False	False	False	False	False	C
P54843	Q8C552	Maf	Fam78a	True	False	False	False	False	False	C
P54843	Q3TNB8	Maf	Q3TNB8	True	False	False	False	False	False	C
P54843	P42128	Maf	Foxk1	True	False	False	False	False	False	C
P54843	Q920B0	Maf	Frmd4b	True	False	False	False	False	False	B
P54843	Q8K157	Maf	Galm	True	False	False	False	False	False	C
P54843	Q8CB44	Maf	Gramd4	True	False	False	False	False	False	C
P54843	P01590	Maf	Il2ra	True	False	False	False	False	False	B
P54843	P16382	Maf	Il4r	True	False	False	False	False	False	B
P54843	P27782	Maf	Lef1	True	False	False	False	False	False	C
P54843	Q61810	Maf	Ltbp3	True	False	False	False	False	False	C
P54843	Q60700	Maf	Map3k12	True	False	False	False	False	False	C
P54843	Q9WUL6	Maf	Map3k14	True	False	False	False	False	False	C
P54843	Q3TZG8	Maf	Q3TZG8	True	False	False	False	False	False	C
P54843	A0A0N4SV33	Maf	A0A0N4SV33	True	False	False	False	False	False	C
P54843	Q01063	Maf	Pde4d	True	False	False	False	False	False	C
P54843	A0A0R4J0P5	Maf	A0A0R4J0P5	True	False	False	False	False	False	C
P54843	Q9CQE5	Maf	Rgs10	True	False	False	False	False	False	C
P54843	Q68FE6	Maf	Ripor1	True	False	False	False	False	False	C
P54843	Q99JR1	Maf	Sfxn1	True	False	False	False	False	False	C
P54843	Q9Z131	Maf	Sh3bp5	True	False	False	False	False	False	C
P54843	Q8R550	Maf	Sh3kbp1	True	False	False	False	False	False	C
P54843	G3X9F6	Maf	G3X9F6	True	False	False	False	False	False	C
P54843	Q8BUN5	Maf	Smad3	True	False	False	False	False	False	C
P54843	Q8BMS2	Maf	Spon2	True	False	False	False	False	False	C
P54843	G3X973	Maf	G3X973	True	False	False	False	False	False	C
P54843	D3YWM7	Maf	D3YWM7	True	False	False	False	False	False	C
P54843	Q9CY27	Maf	Tecr	True	False	False	False	False	False	C
P54841	Q8C9W3	Mafb	Adamts2	True	False	False	False	False	False	C
P54841	E9Q394	Mafb	Akap13	True	False	False	False	False	False	C
P54841	Q99NH0	Mafb	Ankrd17	True	False	False	False	False	False	C
P54841	Q9DBR4	Mafb	Apbb2	True	False	False	False	False	False	C
P54841	Q8K3G9	Mafb	Appl2	True	False	False	False	False	False	C
P54841	Q8C4V1	Mafb	Arhgap24	True	False	False	False	False	False	C
P54841	A0A2C9F2E5	Mafb	A0A2C9F2E5	True	False	False	False	False	False	C
P54841	Q9Z1L5	Mafb	Cacna2d3	True	False	False	False	False	False	C
P54841	Q8CI96	Mafb	Clip4	True	False	False	False	False	False	C
P54841	Q7TN98	Mafb	Cpeb4	True	False	False	False	False	False	C
P54841	Q8BPM0	Mafb	Daam1	True	False	False	False	False	False	C
P54841	B2RQ71	Mafb	B2RQ71	True	False	False	False	False	False	C
P54841	P59764	Mafb	Dock4	True	False	False	False	False	False	C
P54841	Q8BLI4	Mafb	Dse	True	False	False	False	False	False	B
P54841	A0A1Y7VK79	Mafb	A0A1Y7VK79	True	False	False	False	False	False	C
P54841	Q8BPU7	Mafb	Elmo1	True	False	False	False	False	False	C
P54841	Q80X90	Mafb	Flnb	True	False	False	False	False	False	C
P54841	Q6NZM9	Mafb	Hdac4	True	False	False	False	False	False	C
P54841	Q69ZK6	Mafb	Jmjd1c	True	False	False	False	False	False	C
P54841	Q9CZM9	Mafb	Kcnmb2	True	False	False	False	False	False	C
P54841	Q8CEC4	Mafb	Q8CEC4	True	False	False	False	False	False	C
P54841	P41245	Mafb	Mmp9	True	False	False	False	False	False	C
P54841	G3X9H7	Mafb	G3X9H7	True	False	False	False	False	False	C
P54841	V9GXT3	Mafb	V9GXT3	True	False	False	False	False	False	C
P54841	E9Q411	Mafb	E9Q411	True	False	False	False	False	False	C
P54841	P21661	Mafb	Pcsk2	True	False	False	False	False	False	C
P54841	Q8K1N2	Mafb	Phldb2	True	False	False	False	False	False	C
P54841	Q69ZK0	Mafb	Prex1	True	False	False	False	False	False	C
P54841	Q8K0T0	Mafb	Rtn1	True	False	False	False	False	False	C
P54841	A8Y5H7	Mafb	Sec14l1	True	False	False	False	False	False	C
P54841	Q8BWY7	Mafb	Slc39a11	True	False	False	False	False	False	C
P54841	Q9CWR2	Mafb	Smyd3	True	False	False	False	False	False	C
P54841	Q9D3S3	Mafb	Snx29	True	False	False	False	False	False	C
P54841	Q04887	Mafb	Sox9	True	False	False	False	False	False	C
Q04887	P54841	Sox9	Mafb	True	False	False	False	False	False	C
P54841	Q58A65	Mafb	Spag9	True	False	False	False	False	False	C
P54841	A0A0G2JDT6	Mafb	A0A0G2JDT6	True	False	False	False	False	False	C
P54841	Q80TY4	Mafb	St18	True	False	False	False	False	False	C
P54841	E9Q8T1	Mafb	E9Q8T1	True	False	False	False	False	False	C
P54841	D3YWM7	Mafb	D3YWM7	True	False	False	False	False	False	B
P54841	P36423	Mafb	Tbxas1	True	False	False	False	False	False	C
P54841	A0A0A0MQB7	Mafb	A0A0A0MQB7	True	False	False	False	False	False	C
P54841	Q8C152	Mafb	Tent5b	True	False	False	False	False	False	C
P54841	Q5SSZ5	Mafb	Tns3	True	False	False	False	False	False	C
P54841	Q0KL02	Mafb	Trio	True	False	False	False	False	False	C
P54841	Q6VNB8	Mafb	Wdfy3	True	False	False	False	False	False	C
P54841	Q8K0L9	Mafb	Zbtb20	True	False	False	False	False	False	C
P54841	Q6P1E1	Mafb	Zmiz1	True	False	False	False	False	False	C
P54841	G3UVV3	Mafb	G3UVV3	True	False	False	False	False	False	C
O54791	Q91X46	Maff	Arhgef3	True	False	False	False	False	False	C
O54791	Q8BM75	Maff	Arid5b	True	False	False	False	False	False	C
O54791	B1AR74	Maff	B1AR74	True	False	False	False	False	False	C
O54791	O35185	Maff	Bhlhe40	True	False	False	False	False	False	C
O54791	Q8CDI7	Maff	Ccdc150	True	False	False	False	False	False	C
O54791	Q8C0C4	Maff	Ccser1	True	False	False	False	False	False	C
O54791	Q61475	Maff	Cd55	True	False	False	False	False	False	C
O54791	E9QAP4	Maff	E9QAP4	True	False	False	False	False	False	C
O54791	O35495	Maff	Cdk14	True	False	False	False	False	False	C
O54791	Q3V2R3	Maff	Q3V2R3	True	False	False	False	False	False	C
O54791	Q7TN98	Maff	Cpeb4	True	False	False	False	False	False	C
O54791	A0A2I3BQV6	Maff	A0A2I3BQV6	True	False	False	False	False	False	C
O54791	Q3TZ02	Maff	Q3TZ02	True	False	False	False	False	False	C
O54791	Q8BPM0	Maff	Daam1	True	False	False	False	False	False	C
O54791	A0A571BEZ4	Maff	A0A571BEZ4	True	False	False	False	False	False	C
O54791	Q80X90	Maff	Flnb	True	False	False	False	False	False	C
O54791	Q69ZK6	Maff	Jmjd1c	True	False	False	False	False	False	C
O54791	A0A0N4SVC8	Maff	A0A0N4SVC8	True	False	False	False	False	False	C
Q08874	O54791	Mitf	Maff	True	False	False	False	False	False	C
O54791	Q9ET54	Maff	Palld	True	False	False	False	False	False	C
O54791	Q8VBU5	Maff	Q8VBU5	True	False	False	False	False	False	C
O54791	Q01063	Maff	Pde4d	True	False	False	False	False	False	C
O54791	Q8CI51	Maff	Pdlim5	True	False	False	False	False	False	C
O54791	Q8K1N2	Maff	Phldb2	True	False	False	False	False	False	C
O54791	P70207	Maff	Plxna2	True	False	False	False	False	False	C
O54791	Q91WG5	Maff	Prkag2	True	False	False	False	False	False	C
O54791	P23298	Maff	Prkch	True	False	False	False	False	False	C
O54791	A6H6A9	Maff	Rabgap1l	True	False	False	False	False	False	C
O54791	Q91ZZ2	Maff	Q91ZZ2	True	False	False	False	False	False	C
O54791	A8Y5H7	Maff	Sec14l1	True	False	False	False	False	False	C
O54791	A0A3Q4L326	Maff	A0A3Q4L326	True	False	False	False	False	False	C
O54791	Q99K82	Maff	Smox	True	False	False	False	False	False	C
O54791	D3YWM7	Maff	D3YWM7	True	False	False	False	False	False	C
O54791	A0A0J9YV29	Maff	A0A0J9YV29	True	False	False	False	False	False	C
O54791	Q6ZPF3	Maff	Tiam2	True	False	False	False	False	False	C
O54791	A0A1L1SQ51	Maff	A0A1L1SQ51	True	False	False	False	False	False	C
O54791	Q9DBH0	Maff	Wwp2	True	False	False	False	False	False	C
O54790	O35379	Mafg	Abcc1	True	False	False	False	False	False	C
O54790	P00520	Mafg	Abl1	True	False	False	False	False	False	C
O54790	Q69ZX8	Mafg	Ablim3	True	False	False	False	False	False	C
O54790	Q91X46	Mafg	Arhgef3	True	False	False	False	False	False	C
O54790	Q5PR68	Mafg	Cep112	True	False	False	False	False	False	C
O54790	E9Q1U6	Mafg	E9Q1U6	True	False	False	False	False	False	C
O54790	A0A0A6YW72	Mafg	A0A0A6YW72	True	False	False	False	False	False	C
O54790	A0A0R4J0H9	Mafg	A0A0R4J0H9	True	False	False	False	False	False	C
O54790	P70377	Mafg	Fgf13	True	False	False	False	False	False	C
O54790	Q6NZM9	Mafg	Hdac4	True	False	False	False	False	False	C
O54790	E9QLB2	Mafg	E9QLB2	True	False	False	False	False	False	C
O54790	Q924H2	Mafg	Med15	True	False	False	False	False	False	C
Q08874	O54790	Mitf	Mafg	True	False	False	False	False	False	C
O54790	Q8BGW5	Mafg	Nabp1	True	False	False	False	False	False	C
O54790	Q01063	Mafg	Pde4d	True	False	False	False	False	False	C
O54790	P70207	Mafg	Plxna2	True	False	False	False	False	False	C
O54790	Q91ZZ2	Mafg	Q91ZZ2	True	False	False	False	False	False	C
O54790	Q80TZ9	Mafg	Rere	True	False	False	False	False	False	C
O54790	Q8CBY1	Mafg	Samd4a	True	False	False	False	False	False	C
O54790	Q60604	Mafg	Scin	True	False	False	False	False	False	C
O54790	Q9JHI9	Mafg	Slc40a1	True	False	False	False	False	False	C
O54790	Q6X893	Mafg	Slc44a1	True	False	False	False	False	False	C
O54790	Q8BUN5	Mafg	Smad3	True	False	False	False	False	False	C
O54790	Q8CJ67	Mafg	Stau2	True	False	False	False	False	False	C
O54790	Q7TPG7	Mafg	Tafa2	True	False	False	False	False	False	C
O54790	D3YWM7	Mafg	D3YWM7	True	False	False	False	False	False	C
O54790	A0A0J9YTU7	Mafg	A0A0J9YTU7	True	False	False	False	False	False	C
O54790	A0A0J9YV29	Mafg	A0A0J9YV29	True	False	False	False	False	False	C
O54790	Q6ZPF3	Mafg	Tiam2	True	False	False	False	False	False	C
O54790	E9Q7M2	Mafg	Tsc22d2	True	False	False	False	False	False	C
O54790	Q8K0L9	Mafg	Zbtb20	True	False	False	False	False	False	C
Q61827	Q69ZX8	Mafk	Ablim3	True	False	False	False	False	False	C
Q61827	A0A0G2JGM8	Mafk	A0A0G2JGM8	True	False	False	False	False	False	C
Q61827	Q91X46	Mafk	Arhgef3	True	False	False	False	False	False	C
Q61827	P97303	Mafk	Bach2	True	False	False	False	False	False	C
Q61827	A0A2C9F2E5	Mafk	A0A2C9F2E5	True	False	False	False	False	False	C
Q61827	Q8CDI7	Mafk	Ccdc150	True	False	False	False	False	False	C
Q61827	O35495	Mafk	Cdk14	True	False	False	False	False	False	C
Q61827	Q5PR68	Mafk	Cep112	True	False	False	False	False	False	C
Q61827	E9PZM4	Mafk	Chd2	True	False	False	False	False	False	C
Q61827	Q8CI96	Mafk	Clip4	True	False	False	False	False	False	C
Q61827	Q8BLR2	Mafk	Cpne4	True	False	False	False	False	False	C
Q61827	A0A0N4SV71	Mafk	A0A0N4SV71	True	False	False	False	False	False	C
Q61827	E9Q1U6	Mafk	E9Q1U6	True	False	False	False	False	False	C
Q61827	Q8BPM0	Mafk	Daam1	True	False	False	False	False	False	C
Q61827	A2AUX5	Mafk	A2AUX5	True	False	False	False	False	False	C
Q61827	Q6PGN3	Mafk	Dclk2	True	False	False	False	False	False	C
Q61827	A0A571BEZ4	Mafk	A0A571BEZ4	True	False	False	False	False	False	C
Q61827	E9QN98	Mafk	E9QN98	True	False	False	False	False	False	C
Q61827	A0A0R4J0H9	Mafk	A0A0R4J0H9	True	False	False	False	False	False	C
Q61827	Q9DC16	Mafk	Ergic1	True	False	False	False	False	False	C
Q61827	Q80X90	Mafk	Flnb	True	False	False	False	False	False	C
Q61827	P42128	Mafk	Foxk1	True	False	False	False	False	False	C
Q61827	P27600	Mafk	Gna12	True	False	False	False	False	False	C
Q61827	E9QNX9	Mafk	E9QNX9	True	False	False	False	False	False	C
Q61827	A0A0N4SVC8	Mafk	A0A0N4SVC8	True	False	False	False	False	False	C
Q61827	Q3UHU5	Mafk	Mtcl1	True	False	False	False	False	False	C
Q61827	Q7TPH6	Mafk	Mycbp2	True	False	False	False	False	False	C
Q61827	Q01063	Mafk	Pde4d	True	False	False	False	False	False	C
Q61827	Q8K1N2	Mafk	Phldb2	True	False	False	False	False	False	C
Q61827	Q6ZWR4	Mafk	Ppp2r2b	True	False	False	False	False	False	C
Q61827	A6H6A9	Mafk	Rabgap1l	True	False	False	False	False	False	C
Q61827	Q91ZZ2	Mafk	Q91ZZ2	True	False	False	False	False	False	C
Q61827	Q8CBY1	Mafk	Samd4a	True	False	False	False	False	False	C
Q61827	A0A0J9YTW4	Mafk	A0A0J9YTW4	True	False	False	False	False	False	C
Q61827	A8Y5H7	Mafk	Sec14l1	True	False	False	False	False	False	C
Q61827	Q6P4S6	Mafk	Sik3	True	False	False	False	False	False	C
Q61827	Q80TE4	Mafk	Sipa1l2	True	False	False	False	False	False	C
Q61827	A0A3Q4L326	Mafk	A0A3Q4L326	True	False	False	False	False	False	C
Q61827	Q8BUN5	Mafk	Smad3	True	False	False	False	False	False	C
Q61827	D3YWM7	Mafk	D3YWM7	True	False	False	False	False	False	C
Q61827	Q6ZPF3	Mafk	Tiam2	True	False	False	False	False	False	C
Q61827	Q5SSZ5	Mafk	Tns3	True	False	False	False	False	False	C
Q61827	Q8K0L9	Mafk	Zbtb20	True	False	False	False	False	False	C
P28574	E9Q4K0	Max	E9Q4K0	True	False	False	False	False	False	C
P28574	Q91V12	Max	Acot7	True	False	False	False	False	False	C
P28574	F8VQE9	Max	F8VQE9	True	False	False	False	False	False	C
P28574	Q9D517	Max	Agpat3	True	False	False	False	False	False	C
P28574	Q5F259	Max	Ankrd13b	True	False	False	False	False	False	C
P28574	O54774	Max	Ap3d1	True	False	False	False	False	False	C
P28574	Q91X46	Max	Arhgef3	True	False	False	False	False	False	C
P28574	A0A7N9VSJ5	Max	A0A7N9VSJ5	True	False	False	False	False	False	C
P28574	P51125	Max	Cast	True	False	False	False	False	False	C
P28574	Q6VGS5	Max	Ccdc88c	True	False	False	False	False	False	C
P28574	Q64261	Max	Cdk6	True	False	False	False	False	False	B
P28574	A0A0N4SV71	Max	A0A0N4SV71	True	False	False	False	False	False	C
P28574	P56546	Max	Ctbp2	True	False	False	False	False	False	C
P28574	Q8R3V6	Max	Cuedc1	True	False	False	False	False	False	C
P28574	Q3TZ02	Max	Q3TZ02	True	False	False	False	False	False	C
P28574	P39054	Max	Dnm2	True	False	False	False	False	False	C
P28574	P70429	Max	Evl	True	False	False	False	False	False	C
P28574	Q3UN58	Max	Faap20	True	False	False	False	False	False	C
P28574	O70433	Max	Fhl2	True	False	False	False	False	False	C
P28574	Q8CB44	Max	Gramd4	True	False	False	False	False	False	C
P28574	P13020	Max	Gsn	True	False	False	False	False	False	C
P28574	P15208	Max	Insr	True	False	False	False	False	False	C
P28574	E9QPJ5	Max	E9QPJ5	True	False	False	False	False	False	C
P28574	A0A5F8MPZ2	Max	A0A5F8MPZ2	True	False	False	False	False	False	C
P28574	P48678	Max	Lmna	True	False	False	False	False	False	C
P28574	Q60591	Max	Nfatc2	True	False	False	False	False	False	C
P28574	Q3TZG8	Max	Q3TZG8	True	False	False	False	False	False	C
P28574	Q8VIJ8	Max	Nprl3	True	False	True	True	False	True	A
P28574	E9Q7X7	Max	Nrxn2	True	False	False	False	False	False	C
P28574	E9PUN2	Max	Nrxn2	True	False	False	False	False	False	C
P28574	P60335	Max	Pcbp1	True	False	False	False	False	False	C
P28574	A2AUP1	Max	A2AUP1	True	False	False	False	False	False	C
P28574	Q9QWH1	Max	Phc2	True	False	False	False	False	False	C
P28574	P97819	Max	Pla2g6	True	False	False	False	False	False	C
P28574	Q9QXS1	Max	Plec	True	False	False	False	False	False	C
P28574	Q8BG02	Max	Ppp2r2c	True	False	False	False	False	False	C
P28574	Q02956	Max	Prkcz	True	False	False	False	False	False	C
P28574	Q5SVL6	Max	Rap1gap2	True	False	False	False	False	False	C
P28574	Q9WUT3	Max	Rps6ka2	True	False	False	False	False	False	C
P28574	Q8R550	Max	Sh3kbp1	True	False	False	False	False	False	C
P28574	G3X9F6	Max	G3X9F6	True	False	False	False	False	False	C
P28574	Q8BUN5	Max	Smad3	True	False	False	False	False	False	C
P28574	P61406	Max	Smg6	True	False	False	False	False	False	C
P28574	O08599	Max	Stxbp1	True	False	False	False	False	False	C
P28574	Q8BYA0	Max	Tbcd	True	False	False	False	False	False	C
P28574	Q80WR1	Max	Tspan18	True	False	False	False	False	False	C
A0A0U1RNL9	Q6NXL5	A0A0U1RNL9	Q6NXL5	True	False	False	False	False	False	C
A0A0U1RNL9	Q7TPR4	A0A0U1RNL9	Actn1	True	False	False	False	False	False	C
A0A0U1RNL9	Q9D517	A0A0U1RNL9	Agpat3	True	False	False	False	False	False	C
A0A0U1RNL9	M0QWP1	A0A0U1RNL9	M0QWP1	True	False	False	False	False	False	C
A0A0U1RNL9	Q6PAL7	A0A0U1RNL9	Ahdc1	True	False	False	False	False	False	C
A0A0U1RNL9	O54774	A0A0U1RNL9	Ap3d1	True	False	False	False	False	False	C
A0A0U1RNL9	Q4LDD4	A0A0U1RNL9	Arap1	True	False	False	False	False	False	C
A0A0U1RNL9	A2BH40	A0A0U1RNL9	Arid1a	True	False	False	False	False	False	C
A0A0U1RNL9	Q61140	A0A0U1RNL9	Bcar1	True	False	False	False	False	False	C
A0A0U1RNL9	P97445	A0A0U1RNL9	Cacna1a	True	False	False	False	False	False	C
A0A0U1RNL9	Q9DBT3	A0A0U1RNL9	Ccdc97	True	False	False	False	False	False	C
A0A0U1RNL9	A0A5F8MPH2	A0A0U1RNL9	A0A5F8MPH2	True	False	False	False	False	False	C
A0A0U1RNL9	Q9Z0H8	A0A0U1RNL9	Clip2	True	False	False	False	False	False	C
A0A0U1RNL9	P11087	A0A0U1RNL9	Col1a1	True	False	False	False	False	False	C
A0A0U1RNL9	Q68ED7	A0A0U1RNL9	Crtc1	True	False	False	False	False	False	C
A0A0U1RNL9	P41241	A0A0U1RNL9	Csk	True	False	False	False	False	False	C
A0A0U1RNL9	P58466	A0A0U1RNL9	Ctdsp1	True	False	False	False	False	False	B
A0A0U1RNL9	Q80UP3	A0A0U1RNL9	Dgkz	True	False	False	False	False	False	C
A0A0U1RNL9	P51141	A0A0U1RNL9	Dvl1	True	False	False	False	False	False	C
A0A0U1RNL9	Q3UN58	A0A0U1RNL9	Faap20	True	False	False	False	False	False	C
A0A0U1RNL9	Q6PB97	A0A0U1RNL9	Fbxl19	True	False	False	False	False	False	C
A0A0U1RNL9	H3BJ24	A0A0U1RNL9	H3BJ24	True	False	False	False	False	False	C
A0A0U1RNL9	Q68FF6	A0A0U1RNL9	Git1	True	False	False	False	False	False	C
A0A0U1RNL9	Q80ZU9	A0A0U1RNL9	Gpr137	True	False	False	False	False	False	C
A0A0U1RNL9	Q3U3C9	A0A0U1RNL9	Gse1	True	False	False	False	False	False	C
A0A0U1RNL9	Q9Z2X1	A0A0U1RNL9	Hnrnpf	True	False	False	False	False	False	C
A0A0U1RNL9	Q8R3Y8	A0A0U1RNL9	Irf2bp1	True	False	False	False	False	False	C
A0A0U1RNL9	Q8K0E1	A0A0U1RNL9	Kctd15	True	False	False	False	False	False	B
A0A0U1RNL9	Q4VBE7	A0A0U1RNL9	Q4VBE7	True	False	False	False	False	False	C
A0A0U1RNL9	Q6P1G2	A0A0U1RNL9	Kdm2b	True	False	False	False	False	False	C
A0A0U1RNL9	P58334	A0A0U1RNL9	Klf16	True	False	False	False	False	False	C
A0A0U1RNL9	Q61792	A0A0U1RNL9	Lasp1	True	False	False	False	False	False	C
A0A0U1RNL9	Q3UMW7	A0A0U1RNL9	Mapkapk3	True	False	False	False	False	False	C
A0A0U1RNL9	E9PZ55	A0A0U1RNL9	E9PZ55	True	False	False	False	False	False	B
A0A0U1RNL9	E9PWX0	A0A0U1RNL9	E9PWX0	True	False	False	False	False	False	C
A0A0U1RNL9	Q3U481	A0A0U1RNL9	Mfsd12	True	False	False	False	False	False	C
A0A0U1RNL9	Q9ERL0	A0A0U1RNL9	Q9ERL0	True	False	False	False	False	False	C
A0A0U1RNL9	O08789	A0A0U1RNL9	Mnt	True	False	False	False	False	False	C
A0A0U1RNL9	Q920Q6	A0A0U1RNL9	Msi2	True	False	False	False	False	False	C
A0A0U1RNL9	Q6PDN3	A0A0U1RNL9	Mylk	True	False	False	False	False	False	C
A0A0U1RNL9	E9PY55	A0A0U1RNL9	E9PY55	True	False	False	False	False	False	C
A0A0U1RNL9	Q02780	A0A0U1RNL9	Nfia	True	False	False	False	False	False	C
A0A0U1RNL9	Q9Z0P4	A0A0U1RNL9	Palm	True	False	False	False	False	False	C
A0A0U1RNL9	Q8K183	A0A0U1RNL9	Pdxk	True	False	False	False	False	False	C
A0A0U1RNL9	B2RXS4	A0A0U1RNL9	Plxnb2	True	False	False	False	False	False	C
A0A0U1RNL9	P60469	A0A0U1RNL9	Ppfia3	True	False	False	False	False	False	C
A0A0U1RNL9	Q6R891	A0A0U1RNL9	Ppp1r9b	True	False	False	False	False	False	B
A0A0U1RNL9	Q8CCF0	A0A0U1RNL9	Prpf31	True	False	False	False	False	False	C
A0A0U1RNL9	E9PYL2	A0A0U1RNL9	Prr12	True	False	False	False	False	False	B
A0A0U1RNL9	P58389	A0A0U1RNL9	Ptpa	True	False	False	False	False	False	C
A0A0U1RNL9	P19324	A0A0U1RNL9	Serpinh1	True	False	False	False	False	False	C
A0A0U1RNL9	A0A0R4J101	A0A0U1RNL9	A0A0R4J101	True	False	False	False	False	False	C
A0A0U1RNL9	Q04890	A0A0U1RNL9	Sox12	True	False	False	False	False	False	C
A0A0U1RNL9	A0A571BG39	A0A0U1RNL9	A0A571BG39	True	False	False	False	False	False	C
A0A0U1RNL9	Q3U4B1	A0A0U1RNL9	Q3U4B1	True	False	False	False	False	False	C
A0A0U1RNL9	Q11204	A0A0U1RNL9	St3gal2	True	False	False	False	False	False	C
A0A0U1RNL9	O55098	A0A0U1RNL9	Stk10	True	False	False	False	False	False	C
A0A0U1RNL9	Q9WTK7	A0A0U1RNL9	Stk11	True	False	False	False	False	False	C
A0A0U1RNL9	Q8QZV4	A0A0U1RNL9	Stk32c	True	False	False	False	False	False	C
A0A0U1RNL9	F6SEU4	A0A0U1RNL9	Syngap1	True	False	False	False	False	False	C
A0A0U1RNL9	A0A0J9YVA2	A0A0U1RNL9	A0A0J9YVA2	True	False	False	False	False	False	C
A0A0U1RNL9	E9PVV1	A0A0U1RNL9	E9PVV1	True	False	False	False	False	False	C
A0A0U1RNL9	Q8C0E3	A0A0U1RNL9	Trim47	True	False	False	False	False	False	C
A0A0U1RNL9	A2AWT5	A0A0U1RNL9	A2AWT5	True	False	False	False	False	False	C
A0A0U1RNL9	O88939	A0A0U1RNL9	Zbtb7a	True	False	False	False	False	False	C
A0A286YDI1	E9Q4F7	A0A286YDI1	Ankrd11	True	False	False	False	False	False	C
A0A286YDI1	Q8VBU8	A0A286YDI1	Banp	True	False	False	False	False	False	C
A0A286YDI1	A0A0A6YW76	A0A286YDI1	A0A0A6YW76	True	False	False	False	False	False	C
A0A286YDI1	Q9JII5	A0A286YDI1	Dazap1	True	False	False	False	False	False	C
A0A286YDI1	Q8C9B9	A0A286YDI1	Dido1	True	False	False	False	False	False	C
A0A286YDI1	Q8BVG4	A0A286YDI1	Dpp9	True	False	False	False	False	False	C
A0A286YDI1	Q8CCE9	A0A286YDI1	E4f1	True	False	False	False	False	False	C
A0A286YDI1	O35250	A0A286YDI1	Exoc7	True	False	False	False	False	False	C
A0A286YDI1	Q3UCQ1	A0A286YDI1	Foxk2	True	False	False	False	False	False	C
A0A286YDI1	Q7TMK6	A0A286YDI1	Hook2	True	False	False	False	False	False	C
A0A286YDI1	E9PY46	A0A286YDI1	Ift140	True	False	False	False	False	False	C
A0A286YDI1	Q60677	A0A286YDI1	Itgae	True	False	False	False	False	False	C
A0A286YDI1	F8WJ40	A0A286YDI1	F8WJ40	True	False	False	False	False	False	C
A0A286YDI1	Q3TF33	A0A286YDI1	Q3TF33	True	False	False	False	False	False	C
A0A286YDI1	Q61827	A0A286YDI1	Mafk	True	False	False	False	False	False	C
A0A286YDI1	Q922L6	A0A286YDI1	Nelfcd	True	False	False	False	False	False	C
A0A286YDI1	C3VPR6	A0A286YDI1	Nlrc5	True	False	False	False	False	False	C
A0A286YDI1	Q8BHF7	A0A286YDI1	Pgs1	True	False	False	False	False	False	C
A0A286YDI1	Q3TRM4	A0A286YDI1	Pnpla6	True	False	False	False	False	False	C
A0A286YDI1	Q8BKR5	A0A286YDI1	Ppp1r37	True	False	False	False	False	False	C
A0A286YDI1	Q8CCF0	A0A286YDI1	Prpf31	True	False	False	False	False	False	C
A0A286YDI1	P0C7N9	A0A286YDI1	Psmg4	True	False	False	False	False	False	C
A0A286YDI1	F6TBN8	A0A286YDI1	F6TBN8	True	False	False	False	False	False	C
A0A286YDI1	Q8C2Q3	A0A286YDI1	Rbm14	True	False	False	False	False	False	C
A0A286YDI1	Q8C7Q4	A0A286YDI1	Rbm4	True	False	False	False	False	False	C
A0A286YDI1	Q8CGE9	A0A286YDI1	Rgs12	True	False	False	False	False	False	C
A0A286YDI1	Q5SUV1	A0A286YDI1	Rsad1	True	False	False	False	False	False	C
A0A286YDI1	Q3U1C4	A0A286YDI1	Secisbp2	True	False	False	False	False	False	C
A0A286YDI1	D3Z5A6	A0A286YDI1	D3Z5A6	True	False	False	False	False	False	C
A0A286YDI1	A0A087WQ44	A0A286YDI1	A0A087WQ44	True	False	False	False	False	False	C
A0A286YDI1	Q8BL97	A0A286YDI1	Srsf7	True	False	False	False	False	False	C
A0A286YDI1	Q8R3L2	A0A286YDI1	Tcf25	True	False	False	False	False	False	C
A0A286YDI1	A8C756	A0A286YDI1	Thada	True	False	False	False	False	False	C
A0A286YDI1	A0A0R4IZY0	A0A286YDI1	A0A0R4IZY0	True	False	False	False	False	False	C
A0A286YDI1	Q5NCC3	A0A286YDI1	Trim41	True	False	False	False	False	False	C
A0A286YDI1	Q80UG8	A0A286YDI1	Ttll4	True	False	False	False	False	False	C
A0A286YDI1	Q9CWU6	A0A286YDI1	Uqcc1	True	False	False	False	False	False	C
A0A286YDI1	P35123	A0A286YDI1	Usp4	True	False	False	False	False	False	C
A0A286YDI1	Q91XU0	A0A286YDI1	Wrnip1	True	False	False	False	False	False	C
A0A286YDI1	Q91WU6	A0A286YDI1	Zdhhc7	True	False	False	False	False	False	C
A0A286YDI1	Q8CF60	A0A286YDI1	Znf263	True	False	False	False	False	False	C
A0A286YDI1	A0A140LJ04	A0A286YDI1	A0A140LJ04	True	False	False	False	False	False	C
Q9Z2E1	P34971	Mbd2	Adrb1	True	False	False	False	False	False	C
Q9Z2E1	F8VQE9	Mbd2	F8VQE9	True	False	False	False	False	False	C
Q9Z2E1	A2ALI5	Mbd2	Ajap1	True	False	False	False	False	False	C
Q9Z2E1	B7ZP57	Mbd2	B7ZP57	True	False	False	False	False	False	C
Q9Z2E1	Q60900	Mbd2	Elavl3	True	False	False	False	False	False	C
Q9Z2E1	B1AWQ4	Mbd2	B1AWQ4	True	False	False	False	False	False	C
Q9Z2E1	Q8K2Y3	Mbd2	Eva1b	True	False	False	False	False	False	C
Q9Z2E1	P35917	Mbd2	Flt4	True	False	False	False	False	False	C
Q9Z2E1	P82976	Mbd2	Gbx1	True	False	False	False	False	False	C
Q9Z2E1	Q8K572	Mbd2	Hus1b	True	False	False	False	False	False	C
Q9Z2E1	E9PZW7	Mbd2	E9PZW7	True	False	False	False	False	False	C
Q9Z2E1	P81068	Mbd2	Irx1	True	False	False	False	False	False	C
Q9Z2E1	A0A087WP46	Mbd2	A0A087WP46	True	False	False	False	False	False	C
Q9Z2E1	Q8BWJ4	Mbd2	Ldlrad4	True	False	False	False	False	False	C
Q9Z2E1	Q8K010	Mbd2	Oplah	True	False	False	False	False	False	C
Q9Z2E1	Q6TCG2	Mbd2	Paqr9	True	False	False	False	False	False	C
Q9Z2E1	Q9QY23	Mbd2	Pkp3	True	False	False	False	False	False	C
Q9Z2E1	Q66T02	Mbd2	Plekhg5	True	False	False	False	False	False	C
Q9Z2E1	Q9CW07	Mbd2	Ppp1r3g	True	False	False	False	False	False	C
Q9Z2E1	Q02956	Mbd2	Prkcz	True	False	False	False	False	False	C
Q9Z2E1	Q69Z89	Mbd2	Radil	True	False	False	False	False	False	C
Q9Z2E1	Q3UH99	Mbd2	Shisa6	True	False	False	False	False	False	C
Q9Z2E1	P57787	Mbd2	Slc16a3	True	False	False	False	False	False	C
Q9Z2E1	Q91ZZ3	Mbd2	Sncb	True	False	False	False	False	False	C
Q9Z2E1	Q3TD49	Mbd2	Sppl2b	True	False	False	False	False	False	C
Q9Z2E1	B9EII4	Mbd2	B9EII4	True	False	False	False	False	False	C
Q9Z2E1	Q3UHK6	Mbd2	Tenm4	True	False	False	False	False	False	C
Q9Z2E1	P50586	Mbd2	Tub	True	False	False	False	False	False	C
Q9Z2E1	E9QJS1	Mbd2	E9QJS1	True	False	False	False	False	False	C
Q9Z2D8	P19785	Mbd3	Esr1	True	False	False	False	False	False	B
Q60929	Q80YS6	Mef2a	Afap1	True	False	False	False	False	False	C
Q60929	E9Q9K8	Mef2a	E9Q9K8	True	False	False	False	False	False	C
Q60929	Q6Y5D8	Mef2a	Arhgap10	True	False	False	False	False	False	C
Q60929	Q8C4V1	Mef2a	Arhgap24	True	False	False	False	False	False	C
Q60929	B2RQE8	Mef2a	Arhgap42	True	False	False	False	False	False	C
Q60929	F8VQN6	Mef2a	F8VQN6	True	False	False	False	False	False	C
Q60929	Q91X46	Mef2a	Arhgef3	True	False	False	False	False	False	C
Q60929	Q9QWY8	Mef2a	Asap1	True	False	False	False	False	False	C
Q60929	B1AR74	Mef2a	B1AR74	True	False	False	False	False	False	C
Q60929	P16277	Mef2a	Blk	True	False	False	False	False	False	C
Q60929	Q06138	Mef2a	Cab39	True	False	False	False	False	False	C
Q60929	Q9CQC5	Mef2a	Cdc42ep3	True	False	False	False	False	False	C
Q60929	Q9WTK2	Mef2a	Cdyl	True	False	False	False	False	False	C
Q60929	Q8BYH8	Mef2a	Chd9	True	False	False	False	False	False	C
Q60929	Q9JLL0	Mef2a	Crim1	True	False	False	False	False	False	C
Q60929	Q8BPM0	Mef2a	Daam1	True	False	False	False	False	False	C
Q60929	P11531	Mef2a	Dmd	True	False	False	False	False	False	C
Q60929	Q8BL66	Mef2a	Eea1	True	False	False	False	False	False	C
Q60929	Q8BG67	Mef2a	Efr3a	True	False	False	False	False	False	C
Q60929	P07903	Mef2a	Ercc1	True	False	False	False	False	False	C
Q60929	Q5SRY7	Mef2a	Fbxw11	True	False	False	False	False	False	C
Q60929	D3YVW2	Mef2a	D3YVW2	True	False	False	False	False	False	C
Q60929	Q8BW56	Mef2a	Gtdc1	True	False	False	False	False	False	B
Q60929	Q3UHF7	Mef2a	Hivep2	True	False	False	False	False	False	C
Q60929	P63158	Mef2a	Hmgb1	True	False	False	False	False	False	C
Q60929	Q5DU31	Mef2a	Ipcef1	True	False	False	False	False	False	C
Q60929	P09055	Mef2a	Itgb1	True	False	False	False	False	False	C
Q60929	P11881	Mef2a	Itpr1	True	False	False	False	False	False	C
Q60929	Q69ZK6	Mef2a	Jmjd1c	True	False	False	False	False	False	C
Q60929	Q8VCD7	Mef2a	Kdm4c	True	False	False	False	False	False	C
Q60929	B1AY49	Mef2a	B1AY49	True	False	False	False	False	False	C
Q60929	Q8BPQ2	Mef2a	Q8BPQ2	True	False	False	False	False	False	C
Q60929	Q8CEC4	Mef2a	Q8CEC4	True	False	False	False	False	False	C
Q60929	Q8BGA2	Mef2a	Lhfpl2	True	False	False	False	False	False	C
Q60929	P48678	Mef2a	Lmna	True	False	False	False	False	False	C
Q60929	P62046	Mef2a	Lrch1	True	False	False	False	False	False	C
Q60929	A0A3Q4EGK3	Mef2a	A0A3Q4EGK3	True	False	False	False	False	False	C
Q60929	A0A0A6YVV8	Mef2a	A0A0A6YVV8	True	False	False	False	False	False	C
Q60929	P26041	Mef2a	Msn	True	False	False	False	False	False	C
Q60929	Q8VDD5	Mef2a	Myh9	True	False	False	False	False	False	C
Q60929	Q6PDN3	Mef2a	Mylk	True	False	False	False	False	False	C
Q60929	Q05BA5	Mef2a	Q05BA5	True	False	False	False	False	False	C
Q60929	Q6DFV7	Mef2a	Ncoa7	True	False	False	False	False	False	C
Q60929	A0A0R4J212	Mef2a	A0A0R4J212	True	False	False	False	False	False	C
Q60929	Q9ES70	Mef2a	Nek6	True	False	False	False	False	False	C
Q60929	Q9ES74	Mef2a	Nek7	True	False	False	False	False	False	C
Q60929	Q60591	Mef2a	Nfatc2	True	False	False	False	False	False	C
Q60929	Q3UW53	Mef2a	Niban1	True	False	False	False	False	False	C
Q60929	Q61043	Mef2a	Nin	True	False	False	False	False	False	C
Q60929	Q9QZS3	Mef2a	Numb	True	False	False	False	False	False	C
Q60929	Q9ET54	Mef2a	Palld	True	False	False	False	False	False	C
Q60929	P97467	Mef2a	Pam	True	False	False	False	False	False	C
Q60929	Q69Z38	Mef2a	Peak1	True	False	False	False	False	False	C
Q60929	A0A0R4J1Q1	Mef2a	A0A0R4J1Q1	True	False	False	False	False	False	C
Q60929	Q7M6Y3	Mef2a	Picalm	True	False	False	False	False	False	C
Q60929	Q9EQ32	Mef2a	Pik3ap1	True	False	False	False	False	False	C
Q60929	Q3TTY0	Mef2a	Plb1	True	False	False	False	False	False	C
Q60929	Q8K394	Mef2a	Plcl2	True	False	False	False	False	False	C
Q60929	A2A7B5	Mef2a	A2A7B5	True	False	False	False	False	False	C
Q60929	P16054	Mef2a	Prkce	True	False	False	False	False	False	C
Q60929	P34152	Mef2a	Ptk2	True	False	False	False	False	False	C
Q60929	E9Q8L9	Mef2a	E9Q8L9	True	False	False	False	False	False	C
Q60929	A6H6A9	Mef2a	Rabgap1l	True	False	False	False	False	False	C
Q60929	P31266	Mef2a	Rbpj	True	False	False	False	False	False	C
Q60929	F8WGD2	Mef2a	F8WGD2	True	False	False	False	False	False	C
Q60929	Q8CBY1	Mef2a	Samd4a	True	False	False	False	False	False	C
Q60929	F8VQK5	Mef2a	F8VQK5	True	False	False	False	False	False	C
Q60929	Q8C0T5	Mef2a	Sipa1l1	True	False	False	False	False	False	C
Q60929	Q8VI23	Mef2a	Slc12a8	True	False	False	False	False	False	C
Q60929	Q64685	Mef2a	St6gal1	True	False	False	False	False	False	C
Q60929	A0A0J9YTR8	Mef2a	A0A0J9YTR8	True	False	False	False	False	False	C
Q60929	Q8K4L3	Mef2a	Svil	True	False	False	False	False	False	C
Q60929	Q8BHJ5	Mef2a	Tbl1xr1	True	False	False	False	False	False	C
Q60929	A0A0J9YTU7	Mef2a	A0A0J9YTU7	True	False	False	False	False	False	C
Q60929	Q8BKI2	Mef2a	Tnrc6b	True	False	False	False	False	False	C
Q60929	Q0KL02	Mef2a	Trio	True	False	False	False	False	False	C
Q60929	Q8BUB6	Mef2a	Ust	True	False	False	False	False	False	C
Q60929	A0A1W2P8G5	Mef2a	A0A1W2P8G5	True	False	False	False	False	False	C
Q60929	Q8K245	Mef2a	Uvrag	True	False	False	False	False	False	C
Q60929	Q9EPK5	Mef2a	Wwtr1	True	False	False	False	False	False	C
Q60929	F8VPK6	Mef2a	F8VPK6	True	False	False	False	False	False	C
Q60929	Q64318	Mef2a	Zeb1	True	False	False	False	False	False	C
Q60929	Q8BXJ8	Mef2a	Znf385b	True	False	False	False	False	False	C
A0A0G2JEM8	Q6Y5D8	A0A0G2JEM8	Arhgap10	True	False	False	False	False	False	C
A0A0G2JEM8	Q8C4V1	A0A0G2JEM8	Arhgap24	True	False	False	False	False	False	C
A0A0G2JEM8	Q8BYW1	A0A0G2JEM8	Arhgap25	True	False	False	False	False	False	C
A0A0G2JEM8	Q91X46	A0A0G2JEM8	Arhgef3	True	False	False	False	False	False	C
A0A0G2JEM8	A2BH40	A0A0G2JEM8	Arid1a	True	False	False	False	False	False	C
A0A0G2JEM8	Q8K0L0	A0A0G2JEM8	Asb2	True	False	False	False	False	False	C
A0A0G2JEM8	P10417	A0A0G2JEM8	Bcl2	True	False	False	False	False	False	C
A0A0G2JEM8	O35495	A0A0G2JEM8	Cdk14	True	False	False	False	False	False	C
A0A0G2JEM8	Q8BXK9	A0A0G2JEM8	Clic5	True	False	False	False	False	False	B
A0A0G2JEM8	Q9QYI5	A0A0G2JEM8	Dnajb2	True	False	False	False	False	False	C
A0A0G2JEM8	Q62188	A0A0G2JEM8	Dpysl3	True	False	False	False	False	False	C
A0A0G2JEM8	Q07802	A0A0G2JEM8	Ebf1	True	False	False	False	False	False	C
A0A0G2JEM8	P55772	A0A0G2JEM8	Entpd1	True	False	False	False	False	False	C
A0A0G2JEM8	H3BK65	A0A0G2JEM8	H3BK65	True	False	False	False	False	False	C
A0A0G2JEM8	P27577	A0A0G2JEM8	Ets1	True	False	False	False	False	False	C
A0A0G2JEM8	P26323	A0A0G2JEM8	Fli1	True	False	False	False	False	False	C
A0A0G2JEM8	Q6ZPF4	A0A0G2JEM8	Fmnl3	True	False	False	False	False	False	C
A0A0G2JEM8	Q3UJF0	A0A0G2JEM8	Gpr55	True	False	False	False	False	False	C
A0A0G2JEM8	Q8BW56	A0A0G2JEM8	Gtdc1	True	False	False	False	False	False	C
A0A0G2JEM8	Q69ZS7	A0A0G2JEM8	Hbs1l	True	False	False	False	False	False	C
A0A0G2JEM8	B7ZDF4	A0A0G2JEM8	B7ZDF4	True	False	False	False	False	False	C
A0A0G2JEM8	A0A1B0GSQ5	A0A0G2JEM8	A0A1B0GSQ5	True	False	False	False	False	False	B
A0A0G2JEM8	P48346	A0A0G2JEM8	Il15	True	False	False	False	False	False	C
A0A0G2JEM8	D3YUD3	A0A0G2JEM8	D3YUD3	True	False	False	False	False	False	C
A0A0G2JEM8	Q60843	A0A0G2JEM8	Klf2	True	False	False	False	False	False	A
A0A0G2JEM8	A0A087WNX0	A0A0G2JEM8	A0A087WNX0	True	False	False	False	False	False	C
A0A0G2JEM8	A0A0R4J005	A0A0G2JEM8	A0A0R4J005	True	False	False	False	False	False	C
A0A0G2JEM8	P48678	A0A0G2JEM8	Lmna	True	False	False	False	False	False	C
A0A0G2JEM8	A0A1Y7VP67	A0A0G2JEM8	A0A1Y7VP67	True	False	False	False	False	False	C
A0A0G2JEM8	Q8VDD5	A0A0G2JEM8	Myh9	True	False	False	False	False	False	C
A0A0G2JEM8	Q3UIZ8	A0A0G2JEM8	Mylk3	True	False	False	False	False	False	C
A0A0G2JEM8	Q91X97	A0A0G2JEM8	Ncald	True	False	False	False	False	False	C
A0A0G2JEM8	Q9D6J6	A0A0G2JEM8	Ndufv2	True	False	False	False	False	False	C
A0A0G2JEM8	A0A0R4J212	A0A0G2JEM8	A0A0R4J212	True	False	False	False	False	False	C
A0A0G2JEM8	Q9ES70	A0A0G2JEM8	Nek6	True	False	False	False	False	False	C
A0A0G2JEM8	B5B2N2	A0A0G2JEM8	B5B2N2	True	False	False	False	False	False	C
B5B2N2	A0A0G2JEM8	B5B2N2	A0A0G2JEM8	True	False	False	False	False	False	B
A0A0G2JEM8	Q3UW53	A0A0G2JEM8	Niban1	True	False	False	False	False	False	C
A0A0G2JEM8	P06537	A0A0G2JEM8	Nr3c1	True	False	False	False	False	False	C
A0A0G2JEM8	Q07475	A0A0G2JEM8	Nrep	True	False	False	False	False	False	C
A0A0G2JEM8	P81117	A0A0G2JEM8	Nucb2	True	False	False	False	False	False	C
A0A0G2JEM8	Q4KMM3	A0A0G2JEM8	Oxr1	True	False	False	False	False	False	C
A0A0G2JEM8	Q8VBU5	A0A0G2JEM8	Q8VBU5	True	False	False	False	False	False	C
A0A0G2JEM8	O70172	A0A0G2JEM8	Pip4k2a	True	False	False	False	False	False	C
A0A0G2JEM8	Q8K394	A0A0G2JEM8	Plcl2	True	False	False	False	False	False	B
A0A0G2JEM8	P23298	A0A0G2JEM8	Prkch	True	False	False	False	False	False	C
A0A0G2JEM8	A0A3Q4EC09	A0A0G2JEM8	A0A3Q4EC09	True	False	False	False	False	False	C
A0A0G2JEM8	Q6A0D4	A0A0G2JEM8	Rftn1	True	False	False	False	False	False	C
A0A0G2JEM8	A0A087WNZ9	A0A0G2JEM8	A0A087WNZ9	True	False	False	False	False	False	C
A0A0G2JEM8	Q8C0T5	A0A0G2JEM8	Sipa1l1	True	False	False	False	False	False	C
A0A0G2JEM8	Q64685	A0A0G2JEM8	St6gal1	True	False	False	False	False	False	C
A0A0G2JEM8	Q8BHJ5	A0A0G2JEM8	Tbl1xr1	True	False	False	False	False	False	C
A0A0G2JEM8	A0A0J9YTU7	A0A0G2JEM8	A0A0J9YTU7	True	False	False	False	False	False	B
A0A0J9YTU7	A0A0G2JEM8	A0A0J9YTU7	A0A0G2JEM8	True	False	False	False	False	False	C
A0A0G2JEM8	Q3U3D7	A0A0G2JEM8	Tmem131l	True	False	False	False	False	False	C
A0A0G2JEM8	Q8BKT6	A0A0G2JEM8	Tspan12	True	False	False	False	False	False	C
A0A0G2JEM8	A0A3Q4EGC9	A0A0G2JEM8	A0A3Q4EGC9	True	False	False	False	False	False	C
Q60954	Q6Y5D8	Meis1	Arhgap10	True	False	False	False	False	False	C
Q60954	Q811G0	Meis1	Bbs9	True	False	False	False	False	False	C
Q60954	Q9QZK2	Meis1	Bcar3	True	False	False	False	False	False	C
Q60954	Q6PDJ1	Meis1	Cachd1	True	False	False	False	False	False	C
Q60954	P97445	Meis1	Cacna1a	True	False	False	False	False	False	C
Q60954	E9Q1U1	Meis1	Ccdc171	True	False	False	False	False	False	C
Q60954	A8Y5L4	Meis1	A8Y5L4	True	False	False	False	False	False	C
Q60954	Q8BPM0	Meis1	Daam1	True	False	False	False	False	False	C
Q60954	B2RY04	Meis1	Dock5	True	False	False	False	False	False	C
Q60954	Q62188	Meis1	Dpysl3	True	False	False	False	False	False	C
Q60954	Q8BLI4	Meis1	Dse	True	False	False	False	False	False	C
Q60954	G3UXH9	Meis1	G3UXH9	True	False	False	False	False	False	C
Q60954	Q61214	Meis1	Dyrk1a	True	False	False	False	False	False	C
Q60954	P27577	Meis1	Ets1	True	False	False	False	False	False	C
Q60954	Q61554	Meis1	Fbn1	True	False	False	False	False	False	C
Q60954	P58463	Meis1	Foxp2	True	False	False	False	False	False	C
Q60954	F8VQ05	Meis1	F8VQ05	True	False	False	False	False	False	C
Q60954	F6QB26	Meis1	F6QB26	True	False	False	False	False	False	C
Q60954	E0CXS6	Meis1	E0CXS6	True	False	False	False	False	False	C
Q60954	E0CX93	Meis1	E0CX93	True	False	False	False	False	False	C
Q60954	P27600	Meis1	Gna12	True	False	False	False	False	False	C
Q60954	A0A1B0GSQ5	Meis1	A0A1B0GSQ5	True	False	False	False	False	False	C
Q60954	Q6I6G8	Meis1	Hecw2	True	False	False	False	False	False	C
Q60954	Q5DTX6	Meis1	Jcad	True	False	False	False	False	False	C
Q60954	B1AY49	Meis1	B1AY49	True	False	False	False	False	False	C
Q60954	Q3TYE5	Meis1	Q3TYE5	True	False	False	False	False	False	C
Q60954	O70583	Meis1	Mid1	True	False	False	False	False	False	C
Q60954	Q02780	Meis1	Nfia	True	False	False	False	False	False	C
Q60954	Q9ET54	Meis1	Palld	True	False	False	False	False	False	C
Q60954	G3XA13	Meis1	G3XA13	True	False	False	False	False	False	C
Q60954	P0C1Q2	Meis1	Pde11a	True	False	False	False	False	False	C
Q60954	Q8BYK5	Meis1	Phactr3	True	False	False	False	False	False	C
Q60954	Q8K394	Meis1	Plcl2	True	False	False	False	False	False	C
Q60954	D3Z2V2	Meis1	D3Z2V2	True	False	False	False	False	False	C
Q60954	Q80TZ9	Meis1	Rere	True	False	False	False	False	False	C
Q60954	A0A140LJK7	Meis1	A0A140LJK7	True	False	False	False	False	False	C
Q60954	A0A3Q4L326	Meis1	A0A3Q4L326	True	False	False	False	False	False	C
Q60954	A0A0J9YTU7	Meis1	A0A0J9YTU7	True	False	False	False	False	False	C
Q60954	Q62441	Meis1	Tle4	True	False	False	False	False	False	C
Q60954	P52482	Meis1	Ube2e1	True	False	False	False	False	False	C
Q60954	Q5U430	Meis1	Ubr3	True	False	False	False	False	False	C
Q60954	Q80XC3	Meis1	Usp6nl	True	False	False	False	False	False	C
Q60954	Q3U4G3	Meis1	Xxylt1	True	False	False	False	False	False	C
Q60954	Q8CCH7	Meis1	Zfpm2	True	False	False	False	False	False	C
P97367	Q9QYB5	Meis2	Add3	True	False	False	False	False	False	C
P97367	Q80ZF8	Meis2	Adgrb3	True	False	False	False	False	False	C
P97367	E9Q4F7	Meis2	Ankrd11	True	False	False	False	False	False	C
P97367	Q8C4V1	Meis2	Arhgap24	True	False	False	False	False	False	C
P97367	E9Q166	Meis2	E9Q166	True	False	False	False	False	False	C
P97367	Q6Q477	Meis2	Atp2b4	True	False	False	False	False	False	C
P97367	Q8BGU5	Meis2	Ccny	True	False	False	False	False	False	C
P97367	Q8BH15	Meis2	Cnot10	True	False	False	False	False	False	C
P97367	Q6NVG7	Meis2	Colgalt2	True	False	False	False	False	False	C
P97367	Q9WUM4	Meis2	Coro1c	True	False	False	False	False	False	C
P97367	P11531	Meis2	Dmd	True	False	False	False	False	False	C
P97367	P39054	Meis2	Dnm2	True	False	False	False	False	False	C
P97367	P41164	Meis2	Etv1	True	False	False	False	False	False	C
P97367	Q8BGI4	Meis2	Fam13a	True	False	False	False	False	False	C
P97367	E9PW83	Meis2	E9PW83	True	False	False	False	False	False	C
P97367	F8VQ05	Meis2	F8VQ05	True	False	False	False	False	False	C
P97367	Q3UHD2	Meis2	Gfod1	True	False	False	False	False	False	C
P97367	Q6NZM9	Meis2	Hdac4	True	False	False	False	False	False	C
P97367	P17710	Meis2	Hk1	True	False	False	False	False	False	C
P97367	Q9Z0R4	Meis2	Itsn1	True	False	False	False	False	False	C
P97367	Q53Z09	Meis2	Q53Z09	True	False	False	False	False	False	C
P97367	Q6NXK9	Meis2	Q6NXK9	True	False	False	False	False	False	C
P97367	Q8R001	Meis2	Mapre2	True	False	False	False	False	False	C
P97367	O08746	Meis2	Matn2	True	False	False	False	False	False	C
P97367	E9PWI3	Meis2	E9PWI3	True	False	False	False	False	False	B
P97367	A0A0G2JEM8	Meis2	A0A0G2JEM8	True	False	False	False	False	False	C
P97367	Q08874	Meis2	Mitf	True	False	False	False	False	False	C
P97367	V9GXT3	Meis2	V9GXT3	True	False	False	False	False	False	C
P97367	Q91X97	Meis2	Ncald	True	False	False	False	False	False	B
P97367	Q6DFV7	Meis2	Ncoa7	True	False	False	False	False	False	C
P97367	Q02780	Meis2	Nfia	True	False	False	False	False	False	C
P97367	P43135	Meis2	Nr2f2	True	False	False	False	False	False	C
P97367	P34152	Meis2	Ptk2	True	False	False	False	False	False	C
P97367	A6H6A9	Meis2	Rabgap1l	True	False	False	False	False	False	C
P97367	Q9Z138	Meis2	Ror2	True	False	False	False	False	False	C
P97367	Q80UF4	Meis2	Sdccag8	True	False	False	False	False	False	C
P97367	A0A5F8MPJ2	Meis2	A0A5F8MPJ2	True	False	False	False	False	False	C
P97367	Q9JLI7	Meis2	Spag6	True	False	False	False	False	False	C
P97367	Q8BGX7	Meis2	Spidr	True	False	False	False	False	False	C
P97367	Q924S7	Meis2	Spred2	True	False	False	False	False	False	C
P97367	Q9CYZ8	Meis2	Ssbp2	True	False	False	False	False	False	C
P97367	Q9D032	Meis2	Ssbp3	True	False	False	False	False	False	C
P97367	Q76I79	Meis2	Ssh1	True	False	False	False	False	False	C
P97367	D3Z079	Meis2	D3Z079	True	False	False	False	False	False	C
P97367	A0A0R4J097	Meis2	A0A0R4J097	True	False	False	False	False	False	B
P97367	Q6ZPF3	Meis2	Tiam2	True	False	False	False	False	False	C
P97367	E9QM22	Meis2	E9QM22	True	False	False	False	False	False	C
P97367	Q8CCH7	Meis2	Zfpm2	True	False	False	False	False	False	C
P97367	Q6KAS7	Meis2	Znf521	True	False	False	False	False	False	C
P97367	Q56A10	Meis2	Znf608	True	False	False	False	False	False	C
Q08874	E9Q4K0	Mitf	E9Q4K0	True	False	False	False	False	False	B
Q08874	Q91V12	Mitf	Acot7	True	False	False	False	False	False	B
Q08874	Q9R0H0	Mitf	Acox1	True	False	False	False	False	False	C
Q08874	Q61824	Mitf	Adam12	True	False	False	False	False	False	B
Q08874	Q3V1Q3	Mitf	Q3V1Q3	True	False	False	False	False	False	B
Q08874	P51830	Mitf	Adcy9	True	False	False	False	False	False	B
Q08874	Q8K209	Mitf	Adgrg1	True	False	False	False	False	False	B
Q08874	P51827	Mitf	Aff3	True	False	False	False	False	False	B
Q08874	Q8BXK8	Mitf	Agap1	True	False	False	False	False	False	B
Q08874	Q9WVK0	Mitf	Agtrap	True	False	False	False	False	False	C
Q08874	Q80SW1	Mitf	Ahcyl1	True	False	False	False	False	False	B
Q08874	Q9WTP6	Mitf	Ak2	True	False	False	False	False	False	B
Q08874	Q920P5	Mitf	Ak5	True	False	False	False	False	False	B
Q08874	G3UYQ4	Mitf	Ak9	True	False	False	False	False	False	B
Q08874	O88845	Mitf	Akap10	True	False	False	False	False	False	C
Q08874	E9Q9K8	Mitf	E9Q9K8	True	False	False	False	False	False	B
Q08874	Q921Q3	Mitf	Alg1	True	False	False	False	False	False	C
Q08874	P97793	Mitf	Alk	True	False	False	False	False	False	B
Q08874	Q8JZV7	Mitf	Amdhd2	True	False	False	False	False	False	C
Q08874	Q8K298	Mitf	Anln	True	False	False	False	False	False	C
Q08874	P07356	Mitf	Anxa2	True	False	False	False	False	False	B
Q08874	P97429	Mitf	Anxa4	True	False	False	False	False	False	B
Q08874	P48036	Mitf	Anxa5	True	False	False	False	False	False	B
Q08874	P12023	Mitf	App	True	False	False	False	False	False	B
Q08874	A2A5R2	Mitf	Arfgef2	True	False	False	False	False	False	B
Q08874	Q8C4V1	Mitf	Arhgap24	True	False	False	False	False	False	B
Q08874	Q6ZQ82	Mitf	Arhgap26	True	False	False	False	False	False	B
Q08874	B2RQE8	Mitf	Arhgap42	True	False	False	False	False	False	B
Q08874	A2AWP8	Mitf	Arhgef10l	True	False	False	False	False	False	B
Q08874	Q91X46	Mitf	Arhgef3	True	False	False	False	False	False	B
Q08874	A2BH40	Mitf	Arid1a	True	False	False	False	False	False	B
Q08874	A0A338P6U8	Mitf	A0A338P6U8	True	False	False	False	False	False	B
Q08874	Q3TYD4	Mitf	Arsg	True	False	False	False	False	False	B
Q08874	Q9QWY8	Mitf	Asap1	True	False	False	False	False	False	B
Q08874	E9PX52	Mitf	E9PX52	True	False	False	False	False	False	B
Q08874	Q8VBT9	Mitf	Aspscr1	True	False	False	False	False	False	C
Q08874	F8WHB1	Mitf	F8WHB1	True	False	False	False	False	False	B
Q08874	P51863	Mitf	Atp6v0d1	True	False	False	False	False	False	C
Q08874	Q9CR51	Mitf	Atp6v1g1	True	False	False	False	False	False	C
Q08874	Q8BVE3	Mitf	Atp6v1h	True	False	False	False	False	False	C
Q08874	A2AG68	Mitf	A2AG68	True	False	False	False	False	False	C
Q08874	Q8BKX1	Mitf	Baiap2	True	False	False	False	False	False	B
Q08874	Q07813	Mitf	Bax	True	False	False	False	False	False	C
Q08874	Q9QZK2	Mitf	Bcar3	True	False	False	False	False	False	B
Q08874	Q8CGN4	Mitf	Bcor	True	False	False	False	False	False	B
Q08874	O35185	Mitf	Bhlhe40	True	False	False	False	False	False	B
Q08874	O55102	Mitf	Bloc1s1	True	False	False	False	False	False	C
Q08874	Q8BMQ3	Mitf	Bnc2	True	False	False	False	False	False	B
Q08874	Q61114	Mitf	Bpifb1	True	False	False	False	False	False	C
Q08874	A2A654	Mitf	A2A654	True	False	False	False	False	False	C
Q08874	P28662	Mitf	Bri3	True	False	False	False	False	False	B
Q08874	Q8K2Q7	Mitf	Brox	True	False	False	False	False	False	C
Q08874	Q9D8U4	Mitf	C1qtnf2	True	False	False	False	False	False	C
Q08874	P21180	Mitf	C2	True	False	False	False	False	False	C
Q08874	Q8BR90	Mitf	Rimoc1	True	False	False	False	False	False	C
Q08874	Q3U148	Mitf	Q3U148	True	False	False	False	False	False	B
Q08874	Q8R0S4	Mitf	Cacnb4	True	False	False	False	False	False	B
Q08874	Q80TJ1	Mitf	Cadps	True	False	False	False	False	False	B
Q08874	E9QA15	Mitf	E9QA15	True	False	False	False	False	False	B
Q08874	P14211	Mitf	Calr	True	False	False	False	False	False	C
Q08874	O08529	Mitf	Capn2	True	False	False	False	False	False	B
Q08874	Q8CH18	Mitf	Ccar1	True	False	False	False	False	False	C
Q08874	F6V035	Mitf	F6V035	True	False	False	False	False	False	C
Q08874	E9Q1U1	Mitf	Ccdc171	True	False	False	False	False	False	B
Q08874	Q9QWV9	Mitf	Ccnt1	True	False	False	False	False	False	C
Q08874	Q9CWK3	Mitf	Cd2bp2	True	False	False	False	False	False	C
Q08874	P39038	Mitf	Cdh4	True	False	False	False	False	False	B
Q08874	Q9JHU3	Mitf	Cdk20	True	False	False	False	False	False	C
Q08874	Q8BLF2	Mitf	Cdkl3	True	False	False	False	False	False	C
Q08874	Q9WTK2	Mitf	Cdyl	True	False	False	False	False	False	B
Q08874	Q6ZQ06	Mitf	Cep162	True	False	False	False	False	False	C
Q08874	A8Y5L4	Mitf	A8Y5L4	True	False	False	False	False	False	B
Q08874	P45591	Mitf	Cfl2	True	False	False	False	False	False	B
Q08874	A0A5F8MPT6	Mitf	A0A5F8MPT6	True	False	False	False	False	False	C
Q08874	Q9QWF0	Mitf	Chaf1a	True	False	False	False	False	False	C
Q08874	Q91VN4	Mitf	Chchd6	True	False	False	False	False	False	B
Q08874	Q8BYH8	Mitf	Chd9	True	False	False	False	False	False	B
Q08874	Q8CBW7	Mitf	Chic1	True	False	False	False	False	False	C
Q08874	Q3V2R3	Mitf	Q3V2R3	True	False	False	False	False	False	B
Q08874	Q9WVD4	Mitf	Clcn5	True	False	False	False	False	False	C
Q08874	A2A7F6	Mitf	A2A7F6	True	False	False	False	False	False	C
Q08874	Q80U30	Mitf	Clec16a	True	False	False	False	False	False	B
Q08874	Q921H9	Mitf	Coa7	True	False	False	False	False	False	C
Q08874	E9Q7P1	Mitf	E9Q7P1	True	False	False	False	False	False	B
Q08874	Q6NVG7	Mitf	Colgalt2	True	False	False	False	False	False	B
Q08874	Q9CQ02	Mitf	Commd4	True	False	False	False	False	False	C
Q08874	Q8K2Q0	Mitf	Commd9	True	False	False	False	False	False	B
Q08874	Q8BIG7	Mitf	Comtd1	True	False	False	False	False	False	C
Q08874	Q9CZ04	Mitf	Cops7a	True	False	False	False	False	False	C
Q08874	Q9WUM4	Mitf	Coro1c	True	False	False	False	False	False	B
Q08874	Q8BH44	Mitf	Coro2b	True	False	False	False	False	False	B
Q08874	O88843	Mitf	Cradd	True	False	False	False	False	False	B
Q08874	Q8CJ40	Mitf	Crocc	True	False	False	False	False	False	C
Q08874	Q8R555	Mitf	Crtac1	True	False	False	False	False	False	B
Q08874	Q62426	Mitf	Cstb	True	False	False	False	False	False	C
Q08874	P26231	Mitf	Ctnna1	True	False	False	False	False	False	B
Q08874	E0CXB9	Mitf	E0CXB9	True	False	False	False	False	False	B
Q08874	A0A2I3BQV6	Mitf	A0A2I3BQV6	True	False	False	False	False	False	B
Q08874	P10605	Mitf	Ctsb	True	False	False	False	False	False	B
Q08874	P18242	Mitf	Ctsd	True	False	False	False	False	False	C
Q08874	Q9JLB4	Mitf	Cubn	True	False	False	False	False	False	B
Q08874	Q8R3V6	Mitf	Cuedc1	True	False	False	False	False	False	B
Q08874	Q3TZ02	Mitf	Q3TZ02	True	False	False	False	False	False	B
Q08874	O08967	Mitf	Cyth3	True	False	False	False	False	False	B
Q08874	Q8CIM3	Mitf	D2hgdh	True	False	False	False	False	False	C
Q08874	Q8BPM0	Mitf	Daam1	True	False	False	False	False	False	B
Q08874	A2AUX5	Mitf	A2AUX5	True	False	False	False	False	False	B
Q08874	P43346	Mitf	Dck	True	False	False	False	False	False	C
Q08874	Q8CBY8	Mitf	Dctn4	True	False	False	False	False	False	C
Q08874	Q8K382	Mitf	Dennd1a	True	False	False	False	False	False	B
Q08874	Q8C4S8	Mitf	Dennd2a	True	False	False	False	False	False	B
Q08874	Q924W7	Mitf	Dennd2b	True	False	False	False	False	False	B
Q08874	Q8BH65	Mitf	Dennd6a	True	False	False	False	False	False	C
Q08874	Q8CIG0	Mitf	Depdc1a	True	False	False	False	False	False	C
Q08874	Q91WG7	Mitf	Dgkg	True	False	False	False	False	False	B
Q08874	Q99KU1	Mitf	Dhdds	True	False	False	False	False	False	C
Q08874	Q3UH60	Mitf	Dip2b	True	False	False	False	False	False	C
Q08874	B2RQ71	Mitf	B2RQ71	True	False	False	False	False	False	B
Q08874	B1AZP2	Mitf	Dlgap4	True	False	False	False	False	False	B
Q08874	Q9D2H9	Mitf	Dnaaf1	True	False	False	False	False	False	C
Q08874	Q8C4C9	Mitf	Q8C4C9	True	False	False	False	False	False	B
Q08874	Q6NZB0	Mitf	Dnajc8	True	False	False	False	False	False	C
Q08874	O88508	Mitf	Dnmt3a	True	False	False	False	False	False	C
Q08874	Q8BZN6	Mitf	Dock10	True	False	False	False	False	False	B
Q08874	Q8C3J5	Mitf	Dock2	True	False	False	False	False	False	B
Q08874	P59764	Mitf	Dock4	True	False	False	False	False	False	B
Q08874	G3UXH9	Mitf	G3UXH9	True	False	False	False	False	False	B
Q08874	Q91WZ8	Mitf	Dtnbp1	True	False	False	False	False	False	B
Q08874	Q61214	Mitf	Dyrk1a	True	False	False	False	False	False	B
Q08874	Q4PZA2	Mitf	Ece1	True	False	False	False	False	False	B
Q08874	O08796	Mitf	Eef2k	True	False	False	False	False	False	B
Q08874	Q6P1E8	Mitf	Efcab6	True	False	False	False	False	False	B
Q08874	Q8CDU5	Mitf	Efhb	True	False	False	False	False	False	C
Q08874	Q01279	Mitf	Egfr	True	False	False	False	False	False	B
Q08874	A0A0R4J0H9	Mitf	A0A0R4J0H9	True	False	False	False	False	False	B
Q08874	Q8JZQ9	Mitf	Eif3b	True	False	False	False	False	False	C
Q08874	Q9CRD2	Mitf	Emc2	True	False	False	False	False	False	C
Q08874	P47801	Mitf	Emp1	True	False	False	False	False	False	B
Q08874	Q80TA9	Mitf	Epg5	True	False	False	False	False	False	B
Q08874	Q8CBF3	Mitf	Ephb1	True	False	False	False	False	False	B
Q08874	Q9QZD4	Mitf	Ercc4	True	False	False	False	False	False	C
Q08874	P81270	Mitf	Erg	True	False	False	False	False	False	B
Q08874	P27577	Mitf	Ets1	True	False	False	False	False	False	B
Q08874	P41164	Mitf	Etv1	True	False	False	False	False	False	C
Q08874	A2A5C3	Mitf	A2A5C3	True	False	False	False	False	False	B
Q08874	Q9CXC9	Mitf	Etv5	True	False	False	False	False	False	B
Q08874	P97360	Mitf	Etv6	True	False	False	False	False	False	B
Q08874	O08575	Mitf	Eya2	True	False	False	False	False	False	C
Q08874	Q78T81	Mitf	Eeig1	True	False	False	False	False	False	B
Q08874	Q7TNF9	Mitf	Fam117a	True	False	False	False	False	False	C
Q08874	Q8BGI4	Mitf	Fam13a	True	False	False	False	False	False	B
Q08874	E9PXB2	Mitf	E9PXB2	True	False	False	False	False	False	B
Q08874	Q8C2S5	Mitf	Fbxl5	True	False	False	False	False	False	C
Q08874	A2AJL3	Mitf	Fggy	True	False	False	False	False	False	B
Q08874	A6PWD2	Mitf	Fhad1	True	False	False	False	False	False	B
Q08874	Q76LL6	Mitf	Fhod3	True	False	False	False	False	False	C
Q08874	Q64378	Mitf	Fkbp5	True	False	False	False	False	False	B
Q08874	Q8BX90	Mitf	Fndc3a	True	False	False	False	False	False	C
Q08874	A0A0R4J0H8	Mitf	A0A0R4J0H8	True	False	False	False	False	False	B
Q08874	D3YUC5	Mitf	D3YUC5	True	False	False	False	False	False	B
Q08874	P42128	Mitf	Foxk1	True	False	False	False	False	False	B
Q08874	Q6P1H7	Mitf	Q6P1H7	True	False	False	False	False	False	C
Q08874	Q499D0	Mitf	Foxn3	True	False	False	False	False	False	B
Q08874	Q9WVH4	Mitf	Foxo3	True	False	False	False	False	False	B
Q08874	H3BJ24	Mitf	H3BJ24	True	False	False	False	False	False	B
Q08874	Q8BIE6	Mitf	Frmd4a	True	False	False	False	False	False	B
Q08874	Q920B0	Mitf	Frmd4b	True	False	False	False	False	False	B
Q08874	Q8BGW1	Mitf	Fto	True	False	False	False	False	False	B
Q08874	P39688	Mitf	Fyn	True	False	False	False	False	False	B
Q08874	Q80T41	Mitf	Gabbr2	True	False	False	False	False	False	B
Q08874	P54818	Mitf	Galc	True	False	False	False	False	False	C
Q08874	Q3V0G7	Mitf	Garnl3	True	False	False	False	False	False	B
Q08874	F6QB26	Mitf	F6QB26	True	False	False	False	False	False	B
Q08874	A0A1D5RM07	Mitf	A0A1D5RM07	True	False	False	False	False	False	B
Q08874	Q8BFQ8	Mitf	Gatd1	True	False	False	False	False	False	C
Q08874	Q9D6Y9	Mitf	Gbe1	True	False	False	False	False	False	C
Q08874	Q6Y7W8	Mitf	Gigyf2	True	False	False	False	False	False	C
Q08874	E9PVA6	Mitf	E9PVA6	True	False	False	False	False	False	C
Q08874	Q64516	Mitf	Gk	True	False	False	False	False	False	C
Q08874	Q61602	Mitf	Gli3	True	False	False	False	False	False	C
Q08874	Q9JHJ3	Mitf	Glmp	True	False	False	False	False	False	B
Q08874	Q8K0C9	Mitf	Gmds	True	False	False	False	False	False	B
Q08874	O88513	Mitf	Gmnn	True	False	False	False	False	False	C
Q08874	Q9DCZ1	Mitf	Gmpr	True	False	False	False	False	False	B
Q08874	P27601	Mitf	Gna13	True	False	False	False	False	False	C
Q08874	P62880	Mitf	Gnb2	True	False	False	False	False	False	C
Q08874	O88958	Mitf	Gnpda1	True	False	False	False	False	False	C
Q08874	A0A140T8R4	Mitf	A0A140T8R4	True	False	False	False	False	False	C
Q08874	Q8BFR4	Mitf	Gns	True	False	False	False	False	False	C
Q08874	Q8K2C8	Mitf	Gpat4	True	False	False	False	False	False	B
Q08874	A0A0R4J022	Mitf	A0A0R4J022	True	False	False	False	False	False	B
Q08874	Q80WT4	Mitf	Gpr176	True	False	False	False	False	False	C
Q08874	Q8VDU0	Mitf	Gpsm2	True	False	False	False	False	False	C
Q08874	O89100	Mitf	Grap2	True	False	False	False	False	False	B
Q08874	Q60760	Mitf	Grb10	True	False	False	False	False	False	B
Q08874	B1AS29	Mitf	Grik3	True	False	False	False	False	False	B
Q08874	Q3U3C9	Mitf	Gse1	True	False	False	False	False	False	B
Q08874	P13020	Mitf	Gsn	True	False	False	False	False	False	B
Q08874	Q8BW56	Mitf	Gtdc1	True	False	False	False	False	False	B
Q08874	Q99PM3	Mitf	Gtf2a1	True	False	False	False	False	False	C
Q08874	Q8C3X4	Mitf	Guf1	True	False	False	False	False	False	C
Q08874	Q6NZM9	Mitf	Hdac4	True	False	False	False	False	False	B
Q08874	B7ZDF4	Mitf	B7ZDF4	True	False	False	False	False	False	C
Q08874	P29416	Mitf	Hexa	True	False	False	False	False	False	C
Q08874	Q8R409	Mitf	Hexim1	True	False	False	False	False	False	C
Q08874	Q8BMT9	Mitf	Hhat	True	False	False	False	False	False	B
Q08874	Q3UHF7	Mitf	Hivep2	True	False	False	False	False	False	B
Q08874	A2A884	Mitf	Hivep3	True	False	False	False	False	False	B
Q08874	P09602	Mitf	Hmgn2	True	False	False	False	False	False	C
Q08874	P14901	Mitf	Hmox1	True	False	False	False	False	False	C
Q08874	Q60668	Mitf	Hnrnpd	True	False	False	False	False	False	C
Q08874	Q9QWW1	Mitf	Homer2	True	False	False	False	False	False	C
Q08874	P62748	Mitf	Hpcal1	True	False	False	False	False	False	B
Q08874	Q91VB4	Mitf	Hps3	True	False	False	False	False	False	C
Q08874	Q8BTX9	Mitf	Hsdl1	True	False	False	False	False	False	C
Q08874	Q8BK58	Mitf	Hspbap1	True	False	False	False	False	False	C
Q08874	E9PZ16	Mitf	E9PZ16	True	False	False	False	False	False	C
Q08874	P97411	Mitf	Ica1	True	False	False	False	False	False	B
Q08874	E9QNX9	Mitf	E9QNX9	True	False	False	False	False	False	B
Q08874	Q5SF07	Mitf	Igf2bp2	True	False	False	False	False	False	B
Q08874	Q07113	Mitf	Igf2r	True	False	False	False	False	False	B
Q08874	O54824	Mitf	Il16	True	False	False	False	False	False	B
Q08874	Q9Z1X4	Mitf	Ilf3	True	False	False	False	False	False	C
Q08874	Q8BU33	Mitf	Ilvbl	True	False	False	False	False	False	C
Q08874	E9PUA3	Mitf	E9PUA3	True	False	False	False	False	False	B
Q08874	A0A338P795	Mitf	A0A338P795	True	False	False	False	False	False	B
Q08874	Q9Z0T9	Mitf	Itgb6	True	False	False	False	False	False	B
Q08874	B2RXC2	Mitf	B2RXC2	True	False	False	False	False	False	B
Q08874	P11881	Mitf	Itpr1	True	False	False	False	False	False	A
Q08874	Q62315	Mitf	Jarid2	True	False	False	False	False	False	B
Q08874	Q80ZQ5	Mitf	Jazf1	True	False	False	False	False	False	B
Q08874	Q8CHK4	Mitf	Kat5	True	False	False	False	False	False	C
Q08874	P62482	Mitf	Kcnab2	True	False	False	False	False	False	B
Q08874	Q8VCD7	Mitf	Kdm4c	True	False	False	False	False	False	B
Q08874	Q3UE31	Mitf	Q3UE31	True	False	False	False	False	False	B
Q08874	A0A1B0GR85	Mitf	A0A1B0GR85	True	False	False	False	False	False	B
Q08874	E9PX57	Mitf	E9PX57	True	False	False	False	False	False	B
Q08874	Q80W68	Mitf	Kirrel1	True	False	False	False	False	False	C
Q08874	G3X961	Mitf	G3X961	True	False	False	False	False	False	B
Q08874	Q8BZM0	Mitf	Klhl12	True	False	False	False	False	False	C
Q08874	Q99KR3	Mitf	Lactb2	True	False	False	False	False	False	C
Q08874	Q9CQ22	Mitf	Lamtor1	True	False	False	False	False	False	C
Q08874	Q9Z1M7	Mitf	Large1	True	False	False	False	False	False	B
Q08874	Q6ZQ58	Mitf	Larp1	True	False	False	False	False	False	B
Q08874	G3UWQ0	Mitf	G3UWQ0	True	False	False	False	False	False	C
Q08874	Q7TSJ6	Mitf	Lats2	True	False	False	False	False	False	C
Q08874	Q8BGA2	Mitf	Lhfpl2	True	False	False	False	False	False	B
Q08874	A0A0G2JGI3	Mitf	A0A0G2JGI3	True	False	False	False	False	False	B
Q08874	Q9QXD8	Mitf	Limd1	True	False	False	False	False	False	B
Q08874	Q8CD94	Mitf	Lin52	True	False	False	False	False	False	C
Q08874	Q9D1T0	Mitf	Lingo1	True	False	False	False	False	False	B
Q08874	Q9JLJ0	Mitf	Litaf	True	False	False	False	False	False	B
Q08874	P48678	Mitf	Lmna	True	False	False	False	False	False	B
Q08874	Q7TQ95	Mitf	Lnpk	True	False	False	False	False	False	B
Q08874	Q8CGK3	Mitf	Lonp1	True	False	False	False	False	False	C
Q08874	Q8BFW7	Mitf	Lpp	True	False	False	False	False	False	B
Q08874	P62046	Mitf	Lrch1	True	False	False	False	False	False	B
Q08874	Q3TYE5	Mitf	Q3TYE5	True	False	False	False	False	False	B
Q08874	A0A3Q4EGK3	Mitf	A0A3Q4EGK3	True	False	False	False	False	False	C
Q08874	Q91YU6	Mitf	Lzts2	True	False	False	False	False	False	C
Q08874	Q9WTX8	Mitf	Mad1l1	True	False	False	False	False	False	B
Q08874	Q4VC33	Mitf	Maea	True	False	False	False	False	False	B
Q08874	Q6NXK9	Mitf	Q6NXK9	True	False	False	False	False	False	B
Q08874	A0A0A6YVZ8	Mitf	A0A0A6YVZ8	True	False	False	False	False	False	B
Q08874	Q63844	Mitf	Mapk3	True	False	False	False	False	False	C
Q08874	Q8R001	Mitf	Mapre2	True	False	False	False	False	False	A
Q08874	Q3UZP0	Mitf	Marveld2	True	False	False	False	False	False	C
Q08874	D3YV97	Mitf	D3YV97	True	False	False	False	False	False	C
Q08874	P04370	Mitf	Mbp	True	False	False	False	False	False	B
Q08874	E9PWI3	Mitf	E9PWI3	True	False	False	False	False	False	B
Q08874	E9PXE2	Mitf	E9PXE2	True	False	False	False	False	False	B
Q08874	Q99J21	Mitf	Mcoln1	True	False	False	False	False	False	C
Q08874	Q3UGS4	Mitf	Mcrip1	True	False	False	False	False	False	C
Q08874	P60755	Mitf	Mdga2	True	False	False	False	False	False	B
Q08874	Q5SWW4	Mitf	Med13	True	False	False	False	False	False	C
Q08874	Q924H2	Mitf	Med15	True	False	False	False	False	False	B
Q08874	Q920D3	Mitf	Med28	True	False	False	False	False	False	C
Q08874	Q3V1N1	Mitf	Mfhas1	True	False	False	False	False	False	C
Q08874	J3QNS5	Mitf	J3QNS5	True	False	False	False	False	False	C
Q08874	Q8VCV9	Mitf	Mfsd4b1	True	False	False	False	False	False	C
Q08874	E9QLG3	Mitf	E9QLG3	True	False	False	False	False	False	B
Q08874	O35678	Mitf	Mgll	True	False	False	False	False	False	B
Q08874	Q8CJ19	Mitf	Mical3	True	False	False	False	False	False	B
Q08874	O70583	Mitf	Mid1	True	False	False	False	False	False	B
Q08874	A0A1Y7VP67	Mitf	A0A1Y7VP67	True	False	False	False	False	False	B
Q08874	Q8BK03	Mitf	Miga2	True	False	False	False	False	False	C
Q08874	Q8K3V7	Mitf	Minar1	True	False	False	False	False	False	C
Q08874	A0A0R4J075	Mitf	A0A0R4J075	True	False	False	False	False	False	B
Q08874	Q61391	Mitf	Mme	True	False	False	False	False	False	B
Q08874	Q3TEW6	Mitf	Mpzl1	True	False	False	False	False	False	B
Q08874	Q99N92	Mitf	Mrpl27	True	False	False	False	False	False	C
Q08874	Q99N90	Mitf	Mrpl36	True	False	False	False	False	False	C
Q08874	Q8R2L5	Mitf	Mrps18c	True	False	False	False	False	False	C
Q08874	Q924T2	Mitf	Mrps2	True	False	False	False	False	False	C
Q08874	Q9D6S7	Mitf	Mrrf	True	False	False	False	False	False	C
Q08874	G3X8R8	Mitf	G3X8R8	True	False	False	False	False	False	B
Q08874	Q920Q6	Mitf	Msi2	True	False	False	False	False	False	B
Q08874	Q80WJ7	Mitf	Mtdh	True	False	False	False	False	False	C
Q08874	G3X9H7	Mitf	G3X9H7	True	False	False	False	False	False	B
Q08874	A0A0R4J0N9	Mitf	A0A0R4J0N9	True	False	False	False	False	False	B
Q08874	Q5SV64	Mitf	Q5SV64	True	False	False	False	False	False	B
Q08874	Q6PDN3	Mitf	Mylk	True	False	False	False	False	False	B
Q08874	E9Q634	Mitf	Myo1e	True	False	False	False	False	False	B
Q08874	D3Z4J3	Mitf	D3Z4J3	True	False	False	False	False	False	B
Q08874	Q8VE10	Mitf	Naa40	True	False	False	False	False	False	C
Q08874	V9GXT3	Mitf	V9GXT3	True	False	False	False	False	False	B
Q08874	Q91X97	Mitf	Ncald	True	False	False	False	False	False	B
Q08874	O55033	Mitf	Nck2	True	False	False	False	False	False	B
Q08874	A2AQM9	Mitf	A2AQM9	True	False	False	False	False	False	C
Q08874	E9PY55	Mitf	E9PY55	True	False	False	False	False	False	B
Q08874	Q3UHN9	Mitf	Ndst1	True	False	False	False	False	False	B
Q08874	A2AIL4	Mitf	Ndufaf6	True	False	False	False	False	False	B
Q08874	A0A286YDV4	Mitf	A0A286YDV4	True	False	False	False	False	False	B
Q08874	A0A0R4J212	Mitf	A0A0R4J212	True	False	False	False	False	False	B
Q08874	Q9ES70	Mitf	Nek6	True	False	False	False	False	False	B
Q08874	Q60591	Mitf	Nfatc2	True	False	False	False	False	False	B
Q08874	Q02780	Mitf	Nfia	True	False	False	False	False	False	B
Q08874	B1AY10	Mitf	Nfx1	True	False	False	False	False	False	C
Q08874	Q8BGN5	Mitf	Nipal3	True	False	False	False	False	False	C
Q08874	Q3TZG8	Mitf	Q3TZG8	True	False	False	False	False	False	B
Q08874	O35604	Mitf	Npc1	True	False	False	False	False	False	B
P43135	Q08874	Nr2f2	Mitf	True	False	False	False	False	False	C
Q08874	O35181	Mitf	Nrg3	True	False	False	False	False	False	B
Q08874	P54846	Mitf	Nrl	True	False	False	False	False	False	C
Q08874	O35375	Mitf	Nrp2	True	False	False	False	False	False	B
Q08874	P0DI97	Mitf	Nrxn1	True	False	False	False	False	False	B
Q08874	Q9CS84	Mitf	Nrxn1	True	False	False	False	False	False	B
Q08874	O35242	Mitf	Nsmaf	True	False	False	False	False	False	B
Q08874	Q91VT1	Mitf	Nsmce2	True	False	False	False	False	False	B
Q08874	Q8R2U4	Mitf	Ntmt1	True	False	False	False	False	False	C
Q08874	Q8BJ71	Mitf	Nup93	True	False	False	False	False	False	B
Q08874	Q60597	Mitf	Ogdh	True	False	False	False	False	False	B
Q08874	A0A0N4SV33	Mitf	A0A0N4SV33	True	False	False	False	False	False	B
Q08874	E9PXZ2	Mitf	E9PXZ2	True	False	False	False	False	False	B
Q08874	B2RUR8	Mitf	Otud7b	True	False	False	False	False	False	B
Q08874	Q9DAK2	Mitf	Pacrg	True	False	False	False	False	False	B
Q08874	Q9WVE8	Mitf	Pacsin2	True	False	False	False	False	False	B
Q08874	Q3UF75	Mitf	Q3UF75	True	False	False	False	False	False	B
Q08874	P60335	Mitf	Pcbp1	True	False	False	False	False	False	B
Q08874	Q9R0L6	Mitf	Pcm1	True	False	False	False	False	False	C
Q08874	Q9WU78	Mitf	Pdcd6ip	True	False	False	False	False	False	C
Q08874	P0C1Q2	Mitf	Pde11a	True	False	False	False	False	False	C
Q08874	Q8VBU5	Mitf	Q8VBU5	True	False	False	False	False	False	B
Q08874	Q01063	Mitf	Pde4d	True	False	False	False	False	False	B
Q08874	O88502	Mitf	Pde8a	True	False	False	False	False	False	B
Q08874	A0A087WQ09	Mitf	A0A087WQ09	True	False	False	False	False	False	B
Q08874	Q5SQ20	Mitf	Q5SQ20	True	False	False	False	False	False	C
Q08874	A2AUP1	Mitf	A2AUP1	True	False	False	False	False	False	B
Q08874	Q9ESN3	Mitf	Pgap6	True	False	False	False	False	False	C
Q08874	Q2M3X8	Mitf	Phactr1	True	False	False	False	False	False	B
Q08874	Q8BYK5	Mitf	Phactr3	True	False	False	False	False	False	B
Q08874	Q9QWH1	Mitf	Phc2	True	False	False	False	False	False	B
Q08874	A0A087WNQ9	Mitf	A0A087WNQ9	True	False	False	False	False	False	C
Q08874	Q61753	Mitf	Phgdh	True	False	False	False	False	False	B
Q08874	A0A140T8I9	Mitf	A0A140T8I9	True	False	False	False	False	False	C
Q08874	Q9JM05	Mitf	Pias4	True	False	False	False	False	False	C
Q08874	Q7M6Y3	Mitf	Picalm	True	False	False	False	False	False	C
Q08874	O70172	Mitf	Pip4k2a	True	False	False	False	False	False	B
Q08874	Q91XU3	Mitf	Pip4k2c	True	False	False	False	False	False	C
Q08874	P70182	Mitf	Pip5k1a	True	False	False	False	False	False	C
Q08874	P70268	Mitf	Pkn1	True	False	False	False	False	False	C
Q08874	P97819	Mitf	Pla2g6	True	False	False	False	False	False	B
Q08874	Q3TTY0	Mitf	Plb1	True	False	False	False	False	False	B
Q08874	Q3TCN2	Mitf	Plbd2	True	False	False	False	False	False	C
Q08874	D3Z2V2	Mitf	D3Z2V2	True	False	False	False	False	False	B
Q08874	O35405	Mitf	Pld3	True	False	False	False	False	False	C
Q08874	D3Z5N8	Mitf	D3Z5N8	True	False	False	False	False	False	C
Q08874	Q4VAC9	Mitf	Plekhg3	True	False	False	False	False	False	B
Q08874	P55065	Mitf	Pltp	True	False	False	False	False	False	C
Q08874	P70207	Mitf	Plxna2	True	False	False	False	False	False	B
Q08874	Q9QZC2	Mitf	Plxnc1	True	False	False	False	False	False	B
Q08874	O35134	Mitf	Polr1a	True	False	False	False	False	False	B
Q08874	Q3UYC0	Mitf	Ppm1h	True	False	False	False	False	False	B
Q08874	Q9JK24	Mitf	Ppp2r3c	True	False	False	False	False	False	C
Q08874	Q60996	Mitf	Ppp2r5c	True	False	False	False	False	False	B
Q08874	A0A286YD27	Mitf	A0A286YD27	True	False	False	False	False	False	B
Q08874	Q69ZK0	Mitf	Prex1	True	False	False	False	False	False	B
Q08874	Q91WG5	Mitf	Prkag2	True	False	False	False	False	False	B
Q08874	P16054	Mitf	Prkce	True	False	False	False	False	False	B
Q08874	P23298	Mitf	Prkch	True	False	False	False	False	False	B
Q08874	Q9WVS6	Mitf	Prkn	True	False	False	False	False	False	B
Q08874	Q922H1	Mitf	Prmt3	True	False	False	False	False	False	C
Q08874	F8WHT3	Mitf	F8WHT3	True	False	False	False	False	False	B
Q08874	Q52KR3	Mitf	Prune2	True	False	False	False	False	False	B
Q08874	Q61207	Mitf	Psap	True	False	False	False	False	False	B
Q08874	Q61115	Mitf	Ptch1	True	False	False	False	False	False	B
Q08874	E9Q4S7	Mitf	E9Q4S7	True	False	False	False	False	False	B
Q08874	B0V2N1	Mitf	Ptprs	True	False	False	False	False	False	C
Q08874	Q9JMA2	Mitf	Qtrt1	True	False	False	False	False	False	C
Q08874	P35282	Mitf	Rab21	True	False	False	False	False	False	C
Q08874	E9QKE4	Mitf	E9QKE4	True	False	False	False	False	False	C
Q08874	O35719	Mitf	Rad51b	True	False	False	False	False	False	B
Q08874	Q9Z0F6	Mitf	Rad9a	True	False	False	False	False	False	C
Q08874	A2ALS5	Mitf	Rap1gap	True	False	False	False	False	False	B
Q08874	Q91ZZ2	Mitf	Q91ZZ2	True	False	False	False	False	False	B
Q08874	Q60790	Mitf	Rasa3	True	False	False	False	False	False	B
Q08874	P27671	Mitf	Rasgrf1	True	False	False	False	False	False	B
Q08874	P97868	Mitf	Rbbp6	True	False	False	False	False	False	C
Q08874	Q9JJ43	Mitf	Rbfox1	True	False	False	False	False	False	B
Q08874	Q0VBL3	Mitf	Rbm15	True	False	False	False	False	False	C
Q08874	Q91W59	Mitf	Rbms1	True	False	False	False	False	False	B
Q08874	P31266	Mitf	Rbpj	True	False	False	False	False	False	B
Q08874	Q9JHG6	Mitf	Rcan1	True	False	False	False	False	False	C
Q08874	A0A0R4J025	Mitf	A0A0R4J025	True	False	False	False	False	False	C
Q08874	Q60841	Mitf	Reln	True	False	False	False	False	False	B
Q08874	Q80TZ9	Mitf	Rere	True	False	False	False	False	False	B
Q08874	Q60695	Mitf	Rgl1	True	False	False	False	False	False	B
Q08874	Q8CGE9	Mitf	Rgs12	True	False	False	False	False	False	C
Q08874	Q9D1H0	Mitf	Rita1	True	False	False	False	False	False	C
Q08874	Q8VC42	Mitf	Rmc1	True	False	False	False	False	False	C
Q08874	Q9D0C1	Mitf	Rnf115	True	False	False	False	False	False	B
Q08874	Q925F3	Mitf	Rnf144a	True	False	False	False	False	False	B
Q08874	Q9CZW6	Mitf	Rnf146	True	False	False	False	False	False	B
Q08874	Q9Z138	Mitf	Ror2	True	False	False	False	False	False	C
Q08874	Q8VEE4	Mitf	Rpa1	True	False	False	False	False	False	C
Q08874	Q9WUT3	Mitf	Rps6ka2	True	False	False	False	False	False	B
Q08874	A2ACM0	Mitf	A2ACM0	True	False	False	False	False	False	B
Q08874	Q3UH06	Mitf	Rreb1	True	False	False	False	False	False	B
Q08874	Q99P72	Mitf	Rtn4	True	False	False	False	False	False	B
Q08874	A0A087WR05	Mitf	A0A087WR05	True	False	False	False	False	False	B
Q08874	Q8CBY1	Mitf	Samd4a	True	False	False	False	False	False	B
Q08874	F8VQK5	Mitf	F8VQK5	True	False	False	False	False	False	B
Q08874	A0A0G2JEM3	Mitf	A0A0G2JEM3	True	False	False	False	False	False	C
Q08874	O88822	Mitf	Sc5d	True	False	False	False	False	False	C
Q08874	Q61009	Mitf	Scarb1	True	False	False	False	False	False	B
Q08874	Q9CZC8	Mitf	Scrn1	True	False	False	False	False	False	B
Q08874	Q3UH53	Mitf	Sdk1	True	False	False	False	False	False	B
Q08874	Q3UPZ0	Mitf	Q3UPZ0	True	False	False	False	False	False	B
Q08874	P84102	Mitf	Serf2	True	False	False	False	False	False	C
Q08874	Q8BHJ6	Mitf	Serinc5	True	False	False	False	False	False	B
Q08874	Q9CXH7	Mitf	Sgo1	True	False	False	False	False	False	C
Q08874	Q8R550	Mitf	Sh3kbp1	True	False	False	False	False	False	B
Q08874	A0A5F8MPP7	Mitf	A0A5F8MPP7	True	False	False	False	False	False	B
Q08874	D3Z5K8	Mitf	D3Z5K8	True	False	False	False	False	False	B
Q08874	Q9EPK6	Mitf	Sil1	True	False	False	False	False	False	B
Q08874	Q80TE4	Mitf	Sipa1l2	True	False	False	False	False	False	B
Q08874	G3X9J0	Mitf	Sipa1l3	True	False	False	False	False	False	B
Q08874	Q923E4	Mitf	Sirt1	True	False	False	False	False	False	C
Q08874	Q91Y63	Mitf	Slc13a3	True	False	False	False	False	False	C
Q08874	Q3UHH2	Mitf	Slc22a23	True	False	False	False	False	False	B
Q08874	Q9EPR4	Mitf	Slc23a2	True	False	False	False	False	False	B
Q08874	Q5U680	Mitf	Slc25a26	True	False	False	False	False	False	B
Q08874	Q8BMG8	Mitf	Slc25a32	True	False	False	False	False	False	C
Q08874	Q5HZI9	Mitf	Slc25a51	True	False	False	False	False	False	C
Q08874	Q99J27	Mitf	Slc33a1	True	False	False	False	False	False	C
Q08874	Q91ZN5	Mitf	Slc35b2	True	False	False	False	False	False	C
Q08874	Q8BWY7	Mitf	Slc39a11	True	False	False	False	False	False	B
Q08874	Q6X893	Mitf	Slc44a1	True	False	False	False	False	False	B
Q08874	Q921V7	Mitf	Slc44a3	True	False	False	False	False	False	B
Q08874	Q09143	Mitf	Slc7a1	True	False	False	False	False	False	B
Q08874	A0A3Q4L326	Mitf	A0A3Q4L326	True	False	False	False	False	False	B
Q08874	Q8R3L5	Mitf	Slco3a1	True	False	False	False	False	False	B
Q08874	Q9WVB4	Mitf	Slit3	True	False	False	False	False	False	B
Q08874	Q78PY7	Mitf	Snd1	True	False	False	False	False	False	B
Q08874	Q9D3S3	Mitf	Snx29	True	False	False	False	False	False	B
Q08874	A0A0G2JDT3	Mitf	A0A0G2JDT3	True	False	False	False	False	False	B
Q08874	Q91VH2	Mitf	Snx9	True	False	False	False	False	False	B
Q08874	O35717	Mitf	Socs2	True	False	False	False	False	False	C
Q08874	O54928	Mitf	Socs5	True	False	False	False	False	False	C
Q08874	P09671	Mitf	Sod2	True	False	False	False	False	False	B
Q08874	A0A5F8MPJ2	Mitf	A0A5F8MPJ2	True	False	False	False	False	False	B
Q08874	P40645	Mitf	Sox6	True	False	False	False	False	False	B
Q08874	Q8R1X6	Mitf	Spart	True	False	False	False	False	False	B
Q08874	Q52KF3	Mitf	Spire1	True	False	False	False	False	False	B
Q08874	Q8BKQ3	Mitf	Q8BKQ3	True	False	False	False	False	False	B
Q08874	Q9D032	Mitf	Ssbp3	True	False	False	False	False	False	B
Q08874	Q76I79	Mitf	Ssh1	True	False	False	False	False	False	B
Q08874	Q8VIB3	Mitf	St3gal6	True	False	False	False	False	False	B
Q08874	Q64685	Mitf	St6gal1	True	False	False	False	False	False	B
Q08874	A0A0J9YTR8	Mitf	A0A0J9YTR8	True	False	False	False	False	False	A
A0A087WSP5	Q08874	A0A087WSP5	Mitf	True	False	False	False	False	False	C
Q08874	O55098	Mitf	Stk10	True	False	False	False	False	False	B
Q08874	Q9JJX8	Mitf	Stk32b	True	False	False	False	False	False	B
Q08874	P70452	Mitf	Stx4	True	False	False	False	False	False	C
Q08874	Q9JKK1	Mitf	Stx6	True	False	False	False	False	False	C
Q08874	O08599	Mitf	Stxbp1	True	False	False	False	False	False	B
Q08874	D3Z079	Mitf	D3Z079	True	False	False	False	False	False	B
Q08874	P11031	Mitf	Sub1	True	False	False	False	False	False	C
Q08874	Q8R0F3	Mitf	Sumf1	True	False	False	False	False	False	C
Q08874	G3UZA7	Mitf	G3UZA7	True	False	False	False	False	False	C
Q08874	G3UZ60	Mitf	G3UZ60	True	False	False	False	False	False	C
Q08874	P61957	Mitf	Sumo2	True	False	False	False	False	False	C
Q08874	Q8K4L3	Mitf	Svil	True	False	False	False	False	False	B
Q08874	Q8JZP2	Mitf	Syn3	True	False	False	False	False	False	B
Q08874	Q6ZWQ0	Mitf	Syne2	True	False	False	False	False	False	B
Q08874	O89104	Mitf	Sypl2	True	False	False	False	False	False	C
Q08874	F8VQ95	Mitf	F8VQ95	True	False	False	False	False	False	B
Q08874	Q99LM9	Mitf	Tada1	True	False	False	False	False	False	C
Q08874	H3BK01	Mitf	H3BK01	True	False	False	False	False	False	C
Q08874	Q9D3R9	Mitf	Taf7l	True	False	False	False	False	False	C
Q08874	Q3V063	Mitf	Q3V063	True	False	False	False	False	False	C
Q08874	Q9EQH4	Mitf	Taf8	True	False	False	False	False	False	C
Q08874	Q91WE9	Mitf	Tafa5	True	False	False	False	False	False	B
Q08874	Q60949	Mitf	Tbc1d1	True	False	False	False	False	False	A
Q08874	D3YWM7	Mitf	D3YWM7	True	False	False	False	False	False	B
Q08874	Q9WUN2	Mitf	Tbk1	True	False	False	False	False	False	C
Q08874	O88968	Mitf	Tcn2	True	False	False	False	False	False	C
Q08874	Q9JLC6	Mitf	Tef	True	False	False	False	False	False	C
Q08874	Q3UHK6	Mitf	Tenm4	True	False	False	False	False	False	B
Q08874	Q6ZPJ0	Mitf	Tex2	True	False	False	False	False	False	B
Q08874	A8C756	Mitf	Thada	True	False	False	False	False	False	B
Q08874	Q569Z6	Mitf	Thrap3	True	False	False	False	False	False	C
Q08874	Q9CZB3	Mitf	Thumpd2	True	False	False	False	False	False	C
Q08874	G3UWG2	Mitf	G3UWG2	True	False	False	False	False	False	B
Q08874	Q08122	Mitf	Tle3	True	False	False	False	False	False	B
Q08874	A0A1L1SQ51	Mitf	A0A1L1SQ51	True	False	False	False	False	False	B
Q08874	B1ATB3	Mitf	B1ATB3	True	False	False	False	False	False	C
Q08874	D3Z5R2	Mitf	D3Z5R2	True	False	False	False	False	False	C
Q08874	O70472	Mitf	Tmem131	True	False	False	False	False	False	B
Q08874	F7BAB2	Mitf	F7BAB2	True	False	False	False	False	False	B
Q08874	Q8C996	Mitf	Tmem163	True	False	False	False	False	False	B
Q08874	Q8BG50	Mitf	Tmem169	True	False	False	False	False	False	C
Q08874	Q8BFQ2	Mitf	TMEM229B	True	False	False	False	False	False	B
Q08874	Q60769	Mitf	Tnfaip3	True	False	False	False	False	False	C
Q08874	A0A1B0GT37	Mitf	A0A1B0GT37	True	False	False	False	False	False	C
Q08874	Q8BKI2	Mitf	Tnrc6b	True	False	False	False	False	False	B
Q08874	Q5SSZ5	Mitf	Tns3	True	False	False	False	False	False	B
Q08874	O88746	Mitf	Tom1	True	False	False	False	False	False	B
Q08874	Q5SRX1	Mitf	Tom1l2	True	False	False	False	False	False	C
Q08874	Q8BWC0	Mitf	Tpcn2	True	False	False	False	False	False	B
Q08874	Q6PD31	Mitf	Trak1	True	False	False	False	False	False	B
Q08874	Q9JME7	Mitf	Trappc2l	True	False	False	False	False	False	C
Q08874	Q3U0M1	Mitf	Trappc9	True	False	False	False	False	False	B
Q08874	Q8K4K4	Mitf	Trib1	True	False	False	False	False	False	B
Q08874	Q9ESN6	Mitf	Trim2	True	False	False	False	False	False	B
Q08874	Q0KL02	Mitf	Trio	True	False	False	False	False	False	B
Q08874	Q9Z1Y4	Mitf	Trip6	True	False	False	False	False	False	C
Q08874	Q923J1	Mitf	Trpm7	True	False	False	False	False	False	C
Q08874	Q8R4D5	Mitf	Trpm8	True	False	False	False	False	False	B
Q08874	G3UW90	Mitf	G3UW90	True	False	False	False	False	False	B
Q08874	Q91WG3	Mitf	Trub2	True	False	False	False	False	False	C
Q08874	Q9EP53	Mitf	Tsc1	True	False	False	False	False	False	C
Q08874	E9Q7M2	Mitf	Tsc22d2	True	False	False	False	False	False	B
Q08874	Q8QZY6	Mitf	Tspan14	True	False	False	False	False	False	B
Q08874	Q8BJU2	Mitf	Tspan9	True	False	False	False	False	False	B
Q08874	Q80UG8	Mitf	Ttll4	True	False	False	False	False	False	B
Q08874	O88413	Mitf	Tulp3	True	False	False	False	False	False	C
Q08874	Q91VX2	Mitf	Ubap2	True	False	False	False	False	False	C
Q08874	Q9D2M8	Mitf	Ube2v2	True	False	False	False	False	False	C
Q08874	Q9ES00	Mitf	Ube4b	True	False	False	False	False	False	B
Q08874	E9Q2P5	Mitf	E9Q2P5	True	False	False	False	False	False	B
Q08874	Q8R370	Mitf	Ushbp1	True	False	False	False	False	False	C
Q08874	Q5I043	Mitf	Usp28	True	False	False	False	False	False	C
Q08874	F8VPZ3	Mitf	Usp32	True	False	False	False	False	False	C
Q08874	A2ALR9	Mitf	A2ALR9	True	False	False	False	False	False	B
Q08874	Q80XC3	Mitf	Usp6nl	True	False	False	False	False	False	B
Q08874	Q8BUB6	Mitf	Ust	True	False	False	False	False	False	B
Q08874	A0A1W2P6J9	Mitf	A0A1W2P6J9	True	False	False	False	False	False	C
Q08874	A0A0R4J114	Mitf	A0A0R4J114	True	False	False	False	False	False	B
Q08874	Q80WQ2	Mitf	Vac14	True	False	False	False	False	False	B
Q08874	Q9WV55	Mitf	Vapa	True	False	False	False	False	False	B
Q08874	Q9R0C8	Mitf	Vav3	True	False	False	False	False	False	B
Q08874	Q0VGU4	Mitf	Vgf	True	False	False	False	False	False	C
Q08874	B1ART2	Mitf	B1ART2	True	False	False	False	False	False	B
Q08874	G3X8X7	Mitf	G3X8X7	True	False	False	False	False	False	C
Q08874	P40336	Mitf	Vps26a	True	False	False	False	False	False	C
Q08874	O35075	Mitf	Vps26c	True	False	False	False	False	False	C
Q08874	Q9D2N9	Mitf	Vps33a	True	False	False	False	False	False	C
Q08874	Q8CCB4	Mitf	Vps53	True	False	False	False	False	False	B
Q08874	E9Q4P1	Mitf	Wdfy1	True	False	False	False	False	False	B
Q08874	A0A338P6H6	Mitf	A0A338P6H6	True	False	False	False	False	False	C
Q08874	Q5ND34	Mitf	Wdr81	True	False	False	False	False	False	C
Q08874	Q8K1I7	Mitf	Wipf1	True	False	False	False	False	False	C
Q08874	Q9DBH0	Mitf	Wwp2	True	False	False	False	False	False	B
Q08874	Q6P1B1	Mitf	Xpnpep1	True	False	False	False	False	False	B
Q08874	Q3U4G3	Mitf	Xxylt1	True	False	False	False	False	False	B
Q08874	F8VPK6	Mitf	F8VPK6	True	False	False	False	False	False	B
Q08874	Q9CQW1	Mitf	Ykt6	True	False	False	False	False	False	C
Q08874	Q3V3W4	Mitf	Q3V3W4	True	False	False	False	False	False	C
Q08874	D3Z1Y7	Mitf	D3Z1Y7	True	False	False	False	False	False	B
Q08874	Q6NZF1	Mitf	Zc3h11a	True	False	False	False	False	False	C;D
Q08874	G3X8T2	Mitf	G3X8T2	True	False	False	False	False	False	C
Q08874	Q8C0Q2	Mitf	Zhx3	True	False	False	False	False	False	B
Q08874	Q6P1E1	Mitf	Zmiz1	True	False	False	False	False	False	B
Q08874	A2A484	Mitf	A2A484	True	False	False	False	False	False	B
Q08874	Q8K3J5	Mitf	Znf131	True	False	False	False	False	False	B
Q08874	Q9Z2U2	Mitf	Zfp292	True	False	False	False	False	False	C
Q08874	Q78F42	Mitf	Q78F42	True	False	False	False	False	False	C
Q08874	Q8BG89	Mitf	Znf365	True	False	False	False	False	False	B
Q08874	Q6KAS7	Mitf	Znf521	True	False	False	False	False	False	B
Q08874	Q56A10	Mitf	Znf608	True	False	False	False	False	False	B
Q08874	Q9ERQ3	Mitf	Znf704	True	False	False	False	False	False	B
Q08874	Q91V17	Mitf	Znrf1	True	False	False	False	False	False	B
O08789	Q9JIX8	Mnt	Acin1	True	False	False	False	False	False	C
O08789	B8JJE0	Mnt	B8JJE0	True	False	False	False	False	False	C
O08789	F8VQE9	Mnt	F8VQE9	True	False	False	False	False	False	C
O08789	E9Q4F7	Mnt	Ankrd11	True	False	False	False	False	False	C
O08789	O54774	Mnt	Ap3d1	True	False	False	False	False	False	C
O08789	Q67FY2	Mnt	Bcl9l	True	False	False	False	False	False	C
O08789	Q6PAJ1	Mnt	Bcr	True	False	False	False	False	False	C
O08789	Q3U148	Mnt	Q3U148	True	False	False	False	False	False	C
O08789	P51125	Mnt	Cast	True	False	False	False	False	False	C
O08789	Q9D486	Mnt	Cmip	True	False	False	False	False	False	C
O08789	Q5NBX1	Mnt	Cobl	True	False	False	False	False	False	C
O08789	Q9DC28	Mnt	Csnk1d	True	False	False	False	False	False	C
O08789	Q4PZA2	Mnt	Ece1	True	False	False	False	False	False	C
O08789	O08856	Mnt	Ell	True	False	False	False	False	False	C
O08789	A8Y5D4	Mnt	A8Y5D4	True	False	False	False	False	False	C
O08789	P70429	Mnt	Evl	True	False	False	False	False	False	C
O08789	Q8BWU3	Mnt	Fam131a	True	False	False	False	False	False	C
O08789	A0A1D5RM07	Mnt	A0A1D5RM07	True	False	False	False	False	False	B
O08789	Q3UHK3	Mnt	Greb1	True	False	False	False	False	False	C
O08789	P13020	Mnt	Gsn	True	False	False	False	False	False	C
O08789	Q5NCY0	Mnt	Kdm6b	True	False	False	False	False	False	C
O08789	Q3UZ39	Mnt	Lrrfip1	True	False	False	False	False	False	C
O08789	Q61827	Mnt	Mafk	True	False	False	False	False	False	C
O08789	E9PZ55	Mnt	E9PZ55	True	False	False	False	False	False	C
O08789	Q924H2	Mnt	Med15	True	False	False	False	False	False	C
O08789	Q9D074	Mnt	Mgrn1	True	False	False	False	False	False	C
O08789	A0A1Y7VP67	Mnt	A0A1Y7VP67	True	False	False	False	False	False	C
O08789	Q8VDD5	Mnt	Myh9	True	False	False	False	False	False	C
O08789	E9PY55	Mnt	E9PY55	True	False	False	False	False	False	C
O08789	Q9Z206	Mnt	Net1	True	False	False	False	False	False	C
O08789	Q9JI78	Mnt	Ngly1	True	False	False	False	False	False	C
O08789	Q8K183	Mnt	Pdxk	True	False	False	False	False	False	C
O08789	Q69ZS0	Mnt	Pdzrn3	True	False	False	False	False	False	C
O08789	A2AUP1	Mnt	A2AUP1	True	False	False	False	False	False	C
O08789	Q9QXS1	Mnt	Plec	True	False	False	False	False	False	B
O08789	P37040	Mnt	Por	True	False	False	False	False	False	C
O08789	Q8BG02	Mnt	Ppp2r2c	True	False	False	False	False	False	C
O08789	Q91WG5	Mnt	Prkag2	True	False	False	False	False	False	C
O08789	F8WHT3	Mnt	F8WHT3	True	False	False	False	False	False	C
O08789	Q8VHQ4	Mnt	Rab40c	True	False	False	False	False	False	C
O08789	Q61818	Mnt	Rai1	True	False	False	False	False	False	C
O08789	Q91ZZ2	Mnt	Q91ZZ2	True	False	False	False	False	False	C
O08789	P11416	Mnt	Rara	True	False	False	False	False	False	C
P11416	O08789	Rara	Mnt	True	False	False	False	False	False	C
O08789	P48379	Mnt	Rfx2	True	False	False	False	False	False	C
O08789	D3Z107	Mnt	D3Z107	True	False	False	False	False	False	B
O08789	B1AUF1	Mnt	B1AUF1	True	False	False	False	False	False	C
O08789	P57787	Mnt	Slc16a3	True	False	False	False	False	False	C
O08789	Q80X82	Mnt	Sympk	True	False	False	False	False	False	C
O08789	Q08122	Mnt	Tle3	True	False	False	False	False	False	C
O08789	Q8BGP5	Mnt	Tmem127	True	False	False	False	False	False	C
O08789	Q8CB49	Mnt	Tprg1	True	False	False	False	False	False	C
O08789	A0A286YDB9	Mnt	A0A286YDB9	True	False	False	False	False	False	C
P50540	Q6NXL5	Mxi1	Q6NXL5	True	False	False	False	False	False	C
P50540	Q3V117	Mxi1	Q3V117	True	False	False	False	False	False	C
P50540	A0A494BBD5	Mxi1	A0A494BBD5	True	False	False	False	False	False	C
P50540	Q9WTP6	Mxi1	Ak2	True	False	False	False	False	False	C
P50540	Q9DBT5	Mxi1	Ampd2	True	False	False	False	False	False	C
P50540	O54774	Mxi1	Ap3d1	True	False	False	False	False	False	C
P50540	Q4LDD4	Mxi1	Arap1	True	False	False	False	False	False	C
P50540	D3Z7R7	Mxi1	D3Z7R7	True	False	False	False	False	False	C
P50540	Q91X46	Mxi1	Arhgef3	True	False	False	False	False	False	C
P50540	A0A338P6U8	Mxi1	A0A338P6U8	True	False	False	False	False	False	C
P50540	Q62431	Mxi1	Arid3a	True	False	False	False	False	False	C
P50540	G3X963	Mxi1	G3X963	True	False	False	False	False	False	C
P50540	A0A7N9VSJ5	Mxi1	A0A7N9VSJ5	True	False	False	False	False	False	C
P50540	Q61140	Mxi1	Bcar1	True	False	False	False	False	False	C
P50540	P51125	Mxi1	Cast	True	False	False	False	False	False	B
P50540	Q64261	Mxi1	Cdk6	True	False	False	False	False	False	C
P50540	Q60772	Mxi1	Cdkn2c	True	False	False	False	False	False	C
P50540	P56546	Mxi1	Ctbp2	True	False	False	False	False	False	B
P50540	E9Q1U6	Mxi1	E9Q1U6	True	False	False	False	False	False	C
P50540	Q3TZ02	Mxi1	Q3TZ02	True	False	False	False	False	False	C
P50540	Q7TNG5	Mxi1	Eml2	True	False	False	False	False	False	C
P50540	P48193	Mxi1	Epb41	True	False	False	False	False	False	C
P50540	Q3UN58	Mxi1	Faap20	True	False	False	False	False	False	C
P50540	Q8BGI4	Mxi1	Fam13a	True	False	False	False	False	False	B
P50540	Q8BR27	Mxi1	Atosb	True	False	False	False	False	False	C
P50540	A2AJL3	Mxi1	Fggy	True	False	False	False	False	False	C
P50540	P42128	Mxi1	Foxk1	True	False	False	False	False	False	C
P50540	Q499D0	Mxi1	Foxn3	True	False	False	False	False	False	C
P50540	Q9WVH4	Mxi1	Foxo3	True	False	False	False	False	False	C
P50540	Q80Y14	Mxi1	Glrx5	True	False	False	False	False	False	C
P50540	Q99JX3	Mxi1	Gorasp2	True	False	False	False	False	False	C
P50540	B7ZDF4	Mxi1	B7ZDF4	True	False	False	False	False	False	C
P50540	P63158	Mxi1	Hmgb1	True	False	False	False	False	False	C
P50540	O70252	Mxi1	Hmox2	True	False	False	False	False	False	C
P50540	E9QNX9	Mxi1	E9QNX9	True	False	False	False	False	False	C
P50540	Q9QXV3	Mxi1	Ing1	True	False	False	False	False	False	C
P50540	O89091	Mxi1	Klf10	True	False	False	False	False	False	C
P50540	P58334	Mxi1	Klf16	True	False	False	False	False	False	C
P50540	P48678	Mxi1	Lmna	True	False	False	False	False	False	C
P50540	Q9CQV6	Mxi1	Map1lc3b	True	False	False	False	False	False	C
P50540	Q9CQB2	Mxi1	Mcrip2	True	False	False	False	False	False	C
P50540	Q920Q6	Mxi1	Msi2	True	False	False	False	False	False	C
P50540	Q61985	Mxi1	Nfe2l1	True	False	False	False	False	False	C
P50540	Q60795	Mxi1	Nfe2l2	True	False	False	False	False	False	C
P50540	Q3TZG8	Mxi1	Q3TZG8	True	False	False	False	False	False	C
P50540	P60335	Mxi1	Pcbp1	True	False	False	False	False	False	C
P50540	Q8K183	Mxi1	Pdxk	True	False	False	False	False	False	C
P50540	A2AUP1	Mxi1	A2AUP1	True	False	False	False	False	False	C
P50540	P52480	Mxi1	Pkm	True	False	False	False	False	False	C
P50540	P58389	Mxi1	Ptpa	True	False	False	False	False	False	C
P50540	Q8BP71	Mxi1	Rbfox2	True	False	False	False	False	False	C
P50540	Q8BG26	Mxi1	Rusc1	True	False	False	False	False	False	C
P50540	P60122	Mxi1	Ruvbl1	True	False	False	False	False	False	C
P50540	Q8VCQ6	Mxi1	Sgms1	True	False	False	False	False	False	C
P50540	Q8BUN5	Mxi1	Smad3	True	False	False	False	False	False	C
P50540	Q9D032	Mxi1	Ssbp3	True	False	False	False	False	False	B
P50540	Q8QZV4	Mxi1	Stk32c	True	False	False	False	False	False	C
P50540	Q08122	Mxi1	Tle3	True	False	False	False	False	False	C
P50540	Q62441	Mxi1	Tle4	True	False	False	False	False	False	C
P50540	Q3U0M1	Mxi1	Trappc9	True	False	False	False	False	False	C
P50540	Q9DCK3	Mxi1	Tspan4	True	False	False	False	False	False	C
P50540	Q6P5F7	Mxi1	Ttyh3	True	False	False	False	False	False	C
P50540	A0A0G2JE32	Mxi1	A0A0G2JE32	True	False	False	False	False	False	C
P50540	Q91YL3	Mxi1	Uckl1	True	False	False	False	False	False	C
P50540	Q60992	Mxi1	Vav2	True	False	False	False	False	False	C
P50540	Q5ND34	Mxi1	Wdr81	True	False	False	False	False	False	C
P50540	P47810	Mxi1	Wee1	True	False	False	False	False	False	C
P50540	Q00899	Mxi1	Yy1	True	False	False	False	False	False	C
Q00899	P50540	Yy1	Mxi1	True	False	False	False	False	False	C
P50540	A0A286YDB9	Mxi1	A0A286YDB9	True	False	False	False	False	False	C
A0A087WPA7	Q3URE1	A0A087WPA7	Acsf3	True	False	False	False	False	False	C
A0A087WPA7	Q6Q477	A0A087WPA7	Atp2b4	True	False	False	False	False	False	C
A0A087WPA7	F7C0E4	A0A087WPA7	F7C0E4	True	False	False	False	False	False	C
A0A087WPA7	Q6VGS5	A0A087WPA7	Ccdc88c	True	False	False	False	False	False	C
A0A087WPA7	A2AUX5	A0A087WPA7	A2AUX5	True	False	False	False	False	False	C
A0A087WPA7	Q8C9B9	A0A087WPA7	Dido1	True	False	False	False	False	False	C
A0A087WPA7	Q3TGF2	A0A087WPA7	Fam107b	True	False	False	False	False	False	C
A0A087WPA7	Q920B0	A0A087WPA7	Frmd4b	True	False	False	False	False	False	C
A0A087WPA7	O09100	A0A087WPA7	Gata2	True	False	False	False	False	False	C
A0A087WPA7	O89100	A0A087WPA7	Grap2	True	False	False	False	False	False	C
A0A087WPA7	O54824	A0A087WPA7	Il16	True	False	False	False	False	False	C
A0A087WPA7	A0A087WQN5	A0A087WPA7	A0A087WQN5	True	False	False	False	False	False	B
A0A087WPA7	Q8BWJ4	A0A087WPA7	Ldlrad4	True	False	False	False	False	False	C
A0A087WPA7	Q9WVS7	A0A087WPA7	Map2k5	True	False	False	False	False	False	C
A0A087WPA7	A0A0A6YVZ8	A0A087WPA7	A0A0A6YVZ8	True	False	False	False	False	False	C
A0A087WPA7	Q5RJH2	A0A087WPA7	Mctp2	True	False	False	False	False	False	C
A0A087WPA7	Q91X97	A0A087WPA7	Ncald	True	False	False	False	False	False	C
A0A087WPA7	Q9CXG9	A0A087WPA7	Phf19	True	False	False	False	False	False	C
A0A087WPA7	O70274	A0A087WPA7	Ptp4a2	True	False	False	False	False	False	C
A0A087WPA7	Q8BQX0	A0A087WPA7	Q8BQX0	True	False	False	False	False	False	C
A0A087WPA7	Q9D3G9	A0A087WPA7	Rhoh	True	False	False	False	False	False	C
A0A087WPA7	Q3U1Q3	A0A087WPA7	Q3U1Q3	True	False	False	False	False	False	C
A0A087WPA7	Q75N73	A0A087WPA7	Slc39a14	True	False	False	False	False	False	C
A0A087WPA7	A0A140LIK7	A0A087WPA7	A0A140LIK7	True	False	False	False	False	False	C
A0A087WPA7	O88968	A0A087WPA7	Tcn2	True	False	False	False	False	False	C
A0A087WPA7	Q3U132	A0A087WPA7	Tespa1	True	False	False	False	False	False	C
A0A087WPA7	Q9R0C8	A0A087WPA7	Vav3	True	False	False	False	False	False	C
A0A087WPA7	O88342	A0A087WPA7	Wdr1	True	False	False	False	False	False	C
A0A087WPA7	P83741	A0A087WPA7	Wnk1	True	False	False	False	False	False	C
A0A087WPA7	P43404	A0A087WPA7	Zap70	True	False	False	False	False	False	C
P48972	P07356	Mybl2	Anxa2	True	False	False	False	False	False	C
P48972	A2BH40	Mybl2	Arid1a	True	False	False	False	False	False	C
P48972	Q9QZK2	Mybl2	Bcar3	True	False	False	False	False	False	C
P48972	E9QA15	Mybl2	E9QA15	True	False	False	False	False	False	C
P48972	Q810P3	Mybl2	Cdkn3	True	False	False	False	False	False	C
P48972	E9Q3P4	Mybl2	E9Q3P4	True	False	False	False	False	False	C
P48972	E9PZM4	Mybl2	Chd2	True	False	False	False	False	False	C
P48972	Q8BH88	Mybl2	Depdc1b	True	False	False	False	False	False	C
P48972	Q5XG69	Mybl2	Fam169a	True	False	False	False	False	False	C
P48972	H3BJ24	Mybl2	H3BJ24	True	False	False	False	False	False	C
P48972	P47876	Mybl2	Igfbp1	True	False	False	False	False	False	C
P48972	Q91WG1	Mybl2	Insig2	True	False	False	False	False	False	C
P48972	P14733	Mybl2	Lmnb1	True	False	False	False	False	False	C
P48972	A0A0A6YVZ8	Mybl2	A0A0A6YVZ8	True	False	False	False	False	False	C
P48972	Q3THS6	Mybl2	Mat2a	True	False	False	False	False	False	C
P48972	V9GXT3	Mybl2	V9GXT3	True	False	False	False	False	False	C
P48972	Q9D7Y9	Mybl2	Slx4ip	True	False	False	False	False	False	C
P48972	D3YWM9	Mybl2	D3YWM9	True	False	False	False	False	False	C
P48972	Q01320	Mybl2	Top2a	True	False	False	False	False	False	C
P48972	P46938	Mybl2	Yap1	True	False	False	False	False	False	C
P48972	Q56A10	Mybl2	Znf608	True	False	False	False	False	False	C
P01108	E9Q236	Myc	Abcc4	True	False	False	False	False	False	C
P01108	Q91V12	Myc	Acot7	True	False	False	False	False	False	C
P01108	Q9D517	Myc	Agpat3	True	False	False	False	False	False	C
P01108	E0CYY3	Myc	E0CYY3	True	False	False	False	False	False	C
P01108	Q91X46	Myc	Arhgef3	True	False	False	False	False	False	C
P01108	Q61140	Myc	Bcar1	True	False	False	False	False	False	C
P01108	Q3U3J1	Myc	Q3U3J1	True	False	False	False	False	False	C
P01108	Q6VGS5	Myc	Ccdc88c	True	False	False	False	False	False	C
P01108	Q9JM96	Myc	Cdc42ep4	True	False	False	False	False	False	C
P01108	Q9D486	Myc	Cmip	True	False	False	False	False	False	B
P01108	Q9WUM4	Myc	Coro1c	True	False	False	False	False	False	C
P01108	Q8R3V6	Myc	Cuedc1	True	False	False	False	False	False	C
P01108	Q3TZ02	Myc	Q3TZ02	True	False	False	False	False	False	C
P01108	Q60925	Myc	Dbp	True	False	False	False	False	False	C
P01108	B9EJR8	Myc	Dnaaf5	True	False	False	False	False	False	C
P01108	Q9WVK4	Myc	Ehd1	True	False	False	False	False	False	C
P01108	Q7TNG5	Myc	Eml2	True	False	False	False	False	False	C
P01108	P70429	Myc	Evl	True	False	False	False	False	False	C
P01108	Q8BGI4	Myc	Fam13a	True	False	False	False	False	False	C
P01108	Q8C552	Myc	Fam78a	True	False	False	False	False	False	C
P01108	P47930	Myc	Fosl2	True	False	False	False	False	False	C
P01108	Q8K0C9	Myc	Gmds	True	False	False	False	False	False	B
P01108	P13020	Myc	Gsn	True	False	False	False	False	False	C
P01108	P63158	Myc	Hmgb1	True	False	False	False	False	False	C
P01108	Q9Z2X1	Myc	Hnrnpf	True	False	False	False	False	False	C
P01108	Q9D4G2	Myc	Hsf2bp	True	False	False	False	False	False	C
P01108	P17950	Myc	Ier2	True	False	False	False	False	False	B
P01108	O89113	Myc	Ier5	True	False	False	False	False	False	C
P01108	A2A5F7	Myc	A2A5F7	True	False	False	False	False	False	C
P01108	Q5NCY0	Myc	Kdm6b	True	False	False	False	False	False	C
P01108	Q61166	Myc	Mapre1	True	False	False	False	False	False	C
P01108	Q8K0P3	Myc	Meak7	True	False	False	False	False	False	C
P01108	Q920Q6	Myc	Msi2	True	False	False	False	False	False	C
P01108	Q91VD9	Myc	Ndufs1	True	False	False	False	False	False	C
P70255	P01108	Nfic	Myc	True	False	False	False	False	False	A
P01108	Q3TZG8	Myc	Q3TZG8	True	False	False	False	False	False	C
P01108	Q8K4F6	Myc	Nsun5	True	False	False	False	False	False	C
P01108	P60335	Myc	Pcbp1	True	False	False	False	False	False	C
P01108	O89084	Myc	Pde4a	True	False	False	False	False	False	C
P01108	Q9JK42	Myc	Pdk2	True	False	False	False	False	False	C
P01108	Q8K183	Myc	Pdxk	True	False	False	False	False	False	C
P01108	A2AUP1	Myc	A2AUP1	True	False	False	False	False	False	C
P01108	P62962	Myc	Pfn1	True	False	False	False	False	False	C
P01108	Q8BYK5	Myc	Phactr3	True	False	False	False	False	False	C
P01108	P52480	Myc	Pkm	True	False	False	False	False	False	A
P01108	Q9QXS1	Myc	Plec	True	False	False	False	False	False	C
P01108	P12849	Myc	Prkar1b	True	False	False	False	False	False	C
P01108	Q02956	Myc	Prkcz	True	False	False	False	False	False	C
P01108	A2A8L5	Myc	Ptprf	True	False	False	False	False	False	B
P01108	P62492	Myc	Rab11a	True	False	False	False	False	False	B
P01108	Q03385	Myc	Ralgds	True	False	False	False	False	False	C
P01108	Q5SVL6	Myc	Rap1gap2	True	False	False	False	False	False	C
P01108	Q9WUT3	Myc	Rps6ka2	True	False	False	False	False	False	B
P01108	O09126	Myc	Sema4d	True	False	False	False	False	False	C
P01108	Q9ESU7	Myc	Q9ESU7	True	False	False	False	False	False	B
P01108	Q31125	Myc	Slc39a7	True	False	False	False	False	False	C
P01108	Q9JIW5	Myc	Smad9	True	False	False	False	False	False	C
P01108	A0A140LIK7	Myc	A0A140LIK7	True	False	False	False	False	False	C
P01108	P09671	Myc	Sod2	True	False	False	False	False	False	C
P01108	Q8BGX7	Myc	Spidr	True	False	False	False	False	False	C
P01108	Q8BYA0	Myc	Tbcd	True	False	False	False	False	False	C
P01108	P70284	Myc	Tgif1	True	False	False	False	False	False	C
P01108	Q3U3D7	Myc	Tmem131l	True	False	False	False	False	False	C
P01108	Q8N7N6	Myc	Traf3ip2	True	False	False	False	False	False	C
P01108	Q8K4K4	Myc	Trib1	True	False	False	False	False	False	B
P01108	Q91W90	Myc	Txndc5	True	False	False	False	False	False	C
P01108	A0A0G2JE32	Myc	A0A0G2JE32	True	False	False	False	False	False	B
P01108	Q60992	Myc	Vav2	True	False	False	False	False	False	C
P01108	P23949	Myc	Zfp36l2	True	False	False	False	False	False	B
P03966	Q6NXL5	Mycn	Q6NXL5	True	False	False	False	False	False	C
P03966	F8VQE9	Mycn	F8VQE9	True	False	False	False	False	False	C
P03966	Q9DBT5	Mycn	Ampd2	True	False	False	False	False	False	C
P03966	Q91X46	Mycn	Arhgef3	True	False	False	False	False	False	C
P03966	P16460	Mycn	Ass1	True	False	False	False	False	False	C
P03966	P58660	Mycn	Card10	True	False	False	False	False	False	C
P03966	Q9Z0H8	Mycn	Clip2	True	False	False	False	False	False	C
P03966	D3Z556	Mycn	D3Z556	True	False	False	False	False	False	C
P03966	P56546	Mycn	Ctbp2	True	False	False	False	False	False	C
P03966	Q60720	Mycn	Cyb561	True	False	False	False	False	False	C
P03966	E9PV41	Mycn	E9PV41	True	False	False	False	False	False	C
P03966	Q99KE3	Mycn	Dok4	True	False	False	False	False	False	C
P03966	P41971	Mycn	Elk3	True	False	False	False	False	False	C
P03966	O35709	Mycn	Enc1	True	False	False	False	False	False	C
P03966	A0A0R4J0I0	Mycn	A0A0R4J0I0	True	False	False	False	False	False	C
P03966	Q3UN58	Mycn	Faap20	True	False	False	False	False	False	C
P03966	P42128	Mycn	Foxk1	True	False	False	False	False	False	C
P03966	Q61553	Mycn	Fscn1	True	False	False	False	False	False	C
P03966	O88477	Mycn	Igf2bp1	True	False	False	False	False	False	C
P03966	P48678	Mycn	Lmna	True	False	False	False	False	False	C
P03966	O08789	Mycn	Mnt	True	False	False	False	False	False	C
P03966	Q3UHU5	Mycn	Mtcl1	True	False	False	False	False	False	C
P03966	Q91UZ1	Mycn	Q91UZ1	True	False	False	False	False	False	C
P03966	Q9QXS1	Mycn	Plec	True	False	False	False	False	False	C
P03966	Q66T02	Mycn	Plekhg5	True	False	False	False	False	False	C
P03966	Q69ZK0	Mycn	Prex1	True	False	False	False	False	False	C
P03966	Q812A5	Mycn	Prr5	True	False	False	False	False	False	B
P03966	Q8BKG3	Mycn	Ptk7	True	False	False	False	False	False	C
P03966	P58389	Mycn	Ptpa	True	False	False	False	False	False	C
P03966	P28700	Mycn	Rxra	True	False	False	False	False	False	C
P03966	D3Z107	Mycn	D3Z107	True	False	False	False	False	False	C
P03966	G3X9F6	Mycn	G3X9F6	True	False	False	False	False	False	C
P03966	Q8BWY7	Mycn	Slc39a11	True	False	False	False	False	False	C
P03966	A0A0R4J101	Mycn	A0A0R4J101	True	False	False	False	False	False	C
P03966	Q8BUN5	Mycn	Smad3	True	False	False	False	False	False	C
P03966	Q8R5B6	Mycn	Spsb4	True	False	False	False	False	False	C
P03966	Q8QZV4	Mycn	Stk32c	True	False	False	False	False	False	C
P03966	Q8BYA0	Mycn	Tbcd	True	False	False	False	False	False	C
P03966	Q6P1E1	Mycn	Zmiz1	True	False	False	False	False	False	C
Q99MD8	Q9CXW2	Mynn	Mrps22	True	False	False	False	False	False	C
Q99MD8	Q9WV02	Mynn	Rbmx	True	False	False	False	False	False	C
Q99MD8	P97770	Mynn	Thumpd3	True	False	False	False	False	False	C
Q99MD8	P62996	Mynn	Tra2b	True	False	False	False	False	False	C
P10085	P51830	Myod1	Adcy9	True	False	False	False	False	False	C
P10085	Q6Y5D8	Myod1	Arhgap10	True	False	False	False	False	False	C
P10085	D3Z763	Myod1	D3Z763	True	False	False	False	False	False	C
P10085	A0A494BBD0	Myod1	A0A494BBD0	True	False	False	False	False	False	C
P10085	Q8R3V6	Myod1	Cuedc1	True	False	False	False	False	False	C
P10085	B2RQ71	Myod1	B2RQ71	True	False	False	False	False	False	C
P10085	Q4PZA2	Myod1	Ece1	True	False	False	False	False	False	C
P10085	O35382	Myod1	Exoc4	True	False	False	False	False	False	C
P10085	Q8BHD4	Myod1	Frmd3	True	False	False	False	False	False	C
P10085	P39688	Myod1	Fyn	True	False	False	False	False	False	C
P10085	Q6NZM9	Myod1	Hdac4	True	False	False	False	False	False	C
P10085	Q07113	Myod1	Igf2r	True	False	False	False	False	False	C
P10085	A0A338P795	Myod1	A0A338P795	True	False	False	False	False	False	C
P10085	A2CG49	Myod1	Kalrn	True	False	False	False	False	False	C
P10085	O88932	Myod1	Kcnj15	True	False	False	False	False	False	C
P10085	A0A087WQN5	Myod1	A0A087WQN5	True	False	False	False	False	False	C
P10085	A0A087WSU7	Myod1	A0A087WSU7	True	False	False	False	False	False	C
P10085	D3Z499	Myod1	D3Z499	True	False	False	False	False	False	C
P10085	Q924H2	Myod1	Med15	True	False	False	False	False	False	C
P10085	Q6DIB5	Myod1	Megf10	True	False	False	False	False	False	C
P10085	Q3V3R1	Myod1	Mthfd1l	True	False	False	False	False	False	C
P10085	Q8R1F1	Myod1	Niban2	True	False	False	False	False	False	C
P10085	Q11136	Myod1	Pepd	True	False	False	False	False	False	C
P10085	Q3UYC0	Myod1	Ppm1h	True	False	False	False	False	False	C
P10085	P23298	Myod1	Prkch	True	False	False	False	False	False	C
P10085	Q812A5	Myod1	Prr5	True	False	False	False	False	False	C
P10085	F8WHT3	Myod1	F8WHT3	True	False	False	False	False	False	C
P10085	Q03385	Myod1	Ralgds	True	False	False	False	False	False	C
P10085	P11416	Myod1	Rara	True	False	False	False	False	False	C
P10085	Q9JJ43	Myod1	Rbfox1	True	False	False	False	False	False	C
P10085	O89032	Myod1	Sh3pxd2a	True	False	False	False	False	False	C
P10085	Q3UHH2	Myod1	Slc22a23	True	False	False	False	False	False	C
P10085	Q8K4L3	Myod1	Svil	True	False	False	False	False	False	C
P10085	D3YWM9	Myod1	D3YWM9	True	False	False	False	False	False	C
P10085	E9Q8T1	Myod1	E9Q8T1	True	False	False	False	False	False	C
P10085	Q60949	Myod1	Tbc1d1	True	False	False	False	False	False	C
P10085	Q8R310	Myod1	Tmcc3	True	False	False	False	False	False	C
P10085	Q8BQQ1	Myod1	Zdhhc14	True	False	False	False	False	False	C
P10085	Q7TS63	Myod1	Zfat	True	False	False	False	False	False	C
Q80Z64	A0A0G2JGM8	Nanog	A0A0G2JGM8	True	False	False	False	False	False	C
Q80Z64	B8JJE0	Nanog	B8JJE0	True	False	False	False	False	False	C
Q80Z64	F7C0E4	Nanog	F7C0E4	True	False	False	False	False	False	C
Q80Z64	Q9QZK2	Nanog	Bcar3	True	False	False	False	False	False	C
Q80Z64	Q6PDJ1	Nanog	Cachd1	True	False	False	False	False	False	C
Q80Z64	Q80TJ1	Nanog	Cadps	True	False	False	False	False	False	C
Q80Z64	E9Q9Q6	Nanog	E9Q9Q6	True	False	False	False	False	False	C
Q80Z64	Q91WE6	Nanog	Cdkal1	True	False	False	False	False	False	C
Q80Z64	A0A0G2JE70	Nanog	A0A0G2JE70	True	False	False	False	False	False	C
Q80Z64	Q8BLR2	Nanog	Cpne4	True	False	False	False	False	False	C
Q80Z64	Q924W7	Nanog	Dennd2b	True	False	False	False	False	False	C
Q80Z64	A0A571BEZ4	Nanog	A0A571BEZ4	True	False	False	False	False	False	C
Q80Z64	Q9WV92	Nanog	Epb41l3	True	False	False	False	False	False	C
Q80Z64	Q6T5E4	Nanog	Q6T5E4	True	False	False	False	False	False	C
Q80Z64	Q8R3X6	Nanog	Q8R3X6	True	False	False	False	False	False	C
Q80Z64	A0A1B0GSQ5	Nanog	A0A1B0GSQ5	True	False	False	False	False	False	C
Q80Z64	Q9CPN8	Nanog	Igf2bp3	True	False	False	False	False	False	C
Q80Z64	Q69ZK6	Nanog	Jmjd1c	True	False	False	False	False	False	C
Q80Z64	O55203	Nanog	Ldb2	True	False	False	False	False	False	C
Q80Z64	Q9WVQ1	Nanog	Magi2	True	False	False	False	False	False	C
Q80Z64	A0A0G2JET8	Nanog	A0A0G2JET8	True	False	False	False	False	False	C
Q80Z64	Q9CZJ0	Nanog	Mpped2	True	False	False	False	False	False	C
Q80Z64	Q9EPN1	Nanog	Nbea	True	False	False	False	False	False	C
Q80Z64	A2API8	Nanog	A2API8	True	False	False	False	False	False	C
Q80Z64	A3KMN5	Nanog	Prr16	True	False	False	False	False	False	C
Q80Z64	A6H6A9	Nanog	Rabgap1l	True	False	False	False	False	False	C
Q80Z64	Q8BI21	Nanog	Rnf38	True	False	False	False	False	False	C
Q80Z64	Q61909	Nanog	Runx1t1	True	False	False	False	False	False	C
Q80Z64	E9QMY5	Nanog	E9QMY5	True	False	False	False	False	False	C
Q80Z64	P63163	Nanog	Snrpn	True	False	False	False	False	False	C
Q80Z64	Q6ZWQ0	Nanog	Syne2	True	False	False	False	False	False	C
Q80Z64	E9Q8T1	Nanog	E9Q8T1	True	False	False	False	False	False	C
Q80Z64	A0A0J9YTU7	Nanog	A0A0J9YTU7	True	False	False	False	False	False	C
Q80Z64	Q6ZPF3	Nanog	Tiam2	True	False	False	False	False	False	C
Q80Z64	Q5H8C4	Nanog	Vps13a	True	False	False	False	False	False	C
P70365	Q9DAX9	Ncoa1	Appbp2	True	False	False	False	False	False	C
P70365	A2A5R2	Ncoa1	Arfgef2	True	False	False	False	False	False	C
P70365	Q9QWY8	Ncoa1	Asap1	True	False	False	False	False	False	C
P70365	A2A654	Ncoa1	A2A654	True	False	False	False	False	False	C
P70365	A3KFM7	Ncoa1	Chd6	True	False	False	False	False	False	C
P70365	O88904	Ncoa1	Hipk1	True	False	False	False	False	False	C
P70365	Q9JIT0	Ncoa1	Lmbr1	True	False	False	False	False	False	C
P70365	P39098	Ncoa1	Man1a2	True	False	False	False	False	False	C
P70365	Q8BKH7	Ncoa1	Mapkap1	True	False	False	False	False	False	C
P70365	Q9DBR7	Ncoa1	Ppp1r12a	True	False	False	False	False	False	C
P70365	P34152	Ncoa1	Ptk2	True	False	False	False	False	False	C
P70365	Q9JI10	Ncoa1	Stk3	True	False	False	False	False	False	C
P70365	D3YZ08	Ncoa1	D3YZ08	True	False	False	False	False	False	C
P70365	Q69ZZ6	Ncoa1	Tmcc1	True	False	False	False	False	False	C
P70365	E9QP19	Ncoa1	E9QP19	True	False	False	False	False	False	C
P70365	A0A2I3BQS6	Ncoa1	A0A2I3BQS6	True	False	False	False	False	False	C
P70365	Q80TY5	Ncoa1	Vps13b	True	False	False	False	False	False	C
P70365	B1ART2	Ncoa1	B1ART2	True	False	False	False	False	False	C
P70365	Q6P1E1	Ncoa1	Zmiz1	True	False	False	False	False	False	C
Q61026	A2A5R2	Ncoa2	Arfgef2	True	False	False	False	False	False	C
Q61026	A2A654	Ncoa2	A2A654	True	False	False	False	False	False	C
Q61026	A3KFM7	Ncoa2	Chd6	True	False	False	False	False	False	C
Q61026	Q8BPM0	Ncoa2	Daam1	True	False	False	False	False	False	C
Q61026	Q3U3C9	Ncoa2	Gse1	True	False	False	False	False	False	C
Q61026	O88904	Ncoa2	Hipk1	True	False	False	False	False	False	C
Q61026	B1AY49	Ncoa2	B1AY49	True	False	False	False	False	False	C
Q61026	Q920Q6	Ncoa2	Msi2	True	False	False	False	False	False	C
Q61026	Q4KMM3	Ncoa2	Oxr1	True	False	False	False	False	False	C
Q61026	P34152	Ncoa2	Ptk2	True	False	False	False	False	False	C
Q61026	A6H6A9	Ncoa2	Rabgap1l	True	False	False	False	False	False	C
Q61026	A0A0G2JDT6	Ncoa2	A0A0G2JDT6	True	False	False	False	False	False	C
Q61026	E9QP19	Ncoa2	E9QP19	True	False	False	False	False	False	C
Q61026	A0A1W2P8G5	Ncoa2	A0A1W2P8G5	True	False	False	False	False	False	C
Q61026	Q80TY5	Ncoa2	Vps13b	True	False	False	False	False	False	C
Q05BA5	Q505D1	Q05BA5	Ankrd28	True	False	False	False	False	False	C
Q05BA5	A2A5R2	Q05BA5	Arfgef2	True	False	False	False	False	False	C
Q05BA5	Q6Y5D8	Q05BA5	Arhgap10	True	False	False	False	False	False	C
Q05BA5	Q9QWY8	Q05BA5	Asap1	True	False	False	False	False	False	C
Q05BA5	A2A654	Q05BA5	A2A654	True	False	False	False	False	False	C
Q05BA5	Q9D5D8	Q05BA5	Cdyl2	True	False	False	False	False	False	C
Q05BA5	Q69ZK7	Q05BA5	Atosa	True	False	False	False	False	False	C
Q05BA5	Q6DFV5	Q05BA5	Helz	True	False	False	False	False	False	C
Q05BA5	O88904	Q05BA5	Hipk1	True	False	False	False	False	False	C
Q05BA5	Q8BFW7	Q05BA5	Lpp	True	False	False	False	False	False	C
Q05BA5	Q5SWW4	Q05BA5	Med13	True	False	False	False	False	False	C
Q05BA5	P46935	Q05BA5	Nedd4	True	False	False	False	False	False	C
Q05BA5	Q4KMM3	Q05BA5	Oxr1	True	False	False	False	False	False	C
Q05BA5	O70172	Q05BA5	Pip4k2a	True	False	False	False	False	False	C
Q05BA5	Q6X893	Q05BA5	Slc44a1	True	False	False	False	False	False	C
Q05BA5	Q6ZWQ0	Q05BA5	Syne2	True	False	False	False	False	False	C
Q05BA5	O55047	Q05BA5	Tlk2	True	False	False	False	False	False	C
Q05BA5	A0A2I3BQS6	Q05BA5	A0A2I3BQS6	True	False	False	False	False	False	C
Q05BA5	Q80XC3	Q05BA5	Usp6nl	True	False	False	False	False	False	C
Q05BA5	Q80TY5	Q05BA5	Vps13b	True	False	False	False	False	False	C
Q05BA5	A2A484	Q05BA5	A2A484	True	False	False	False	False	False	C
Q60867	Q6NXL5	Neurod1	Q6NXL5	True	False	False	False	False	False	C
Q60867	Q8BWA8	Neurod1	Arhgef19	True	False	False	False	False	False	C
Q60867	Q7TNS7	Neurod1	Asic4	True	False	False	False	False	False	C
Q60867	Q99PF4	Neurod1	Cdh23	True	False	False	False	False	False	C
Q60867	A0A5F8MPH2	Neurod1	A0A5F8MPH2	True	False	False	False	False	False	C
Q60867	P10605	Neurod1	Ctsb	True	False	False	False	False	False	C
Q60867	Q3TZ02	Neurod1	Q3TZ02	True	False	False	False	False	False	C
Q60867	Q80T41	Neurod1	Gabbr2	True	False	False	False	False	False	C
Q60867	G3XA00	Neurod1	G3XA00	True	False	False	False	False	False	B
Q60867	Q61792	Neurod1	Lasp1	True	False	False	False	False	False	C
Q60867	Q9JLJ0	Neurod1	Litaf	True	False	False	False	False	False	C
Q60867	Q924H2	Neurod1	Med15	True	False	False	False	False	False	C
Q60867	E9QKT0	Neurod1	E9QKT0	True	False	False	False	False	False	C
Q60867	Q99N91	Neurod1	Mrpl34	True	False	False	False	False	False	C
Q60867	E9PY55	Neurod1	E9PY55	True	False	False	False	False	False	C
Q60867	Q8VIK5	Neurod1	Pear1	True	False	False	False	False	False	C
Q60867	Q8R143	Neurod1	Pttg1ip	True	False	False	False	False	False	C
Q60867	Q9CQE5	Neurod1	Rgs10	True	False	False	False	False	False	C
Q60867	A1L3T7	Neurod1	Ripor3	True	False	False	False	False	False	C
Q60867	Q99P72	Neurod1	Rtn4	True	False	False	False	False	False	C
Q60867	Q99M85	Neurod1	Scrt1	True	False	False	False	False	False	C
Q60867	D3Z107	Neurod1	D3Z107	True	False	False	False	False	False	C
Q60867	Q8K596	Neurod1	Slc8a2	True	False	False	False	False	False	C
Q60867	P22091	Neurod1	Tal1	True	False	False	False	False	False	C
Q60867	P54797	Neurod1	Tango2	True	False	False	False	False	False	C
Q60867	B9EII4	Neurod1	B9EII4	True	False	False	False	False	False	C
Q60867	P63002	Neurod1	Tle5	True	False	False	False	False	False	C
Q60867	Q8BGB2	Neurod1	Ttc7a	True	False	False	False	False	False	C
Q60867	Q91YL3	Neurod1	Uckl1	True	False	False	False	False	False	C
Q60867	P70460	Neurod1	Vasp	True	False	False	False	False	False	C
B5B2N2	P60710	B5B2N2	Actb	True	False	False	False	False	False	C
B5B2N2	G3X975	B5B2N2	G3X975	True	False	False	False	False	False	C
B5B2N2	O35732	B5B2N2	Cflar	True	False	False	False	False	False	C
B5B2N2	E9PZM4	B5B2N2	Chd2	True	False	False	False	False	False	C
B5B2N2	Q8C166	B5B2N2	Cpne1	True	False	False	False	False	False	C
B5B2N2	A0A0N4SV71	B5B2N2	A0A0N4SV71	True	False	False	False	False	False	B
B5B2N2	P39688	B5B2N2	Fyn	True	False	False	False	False	False	B
B5B2N2	Q3U6B2	B5B2N2	Gpr183	True	False	False	False	False	False	C
B5B2N2	Q3UHF7	B5B2N2	Hivep2	True	False	False	False	False	False	C
B5B2N2	P81183	B5B2N2	Ikzf2	True	False	False	False	False	False	C
B5B2N2	A0A0N4SUJ3	B5B2N2	A0A0N4SUJ3	True	False	False	False	False	False	C
B5B2N2	E9PY55	B5B2N2	E9PY55	True	False	False	False	False	False	C
B5B2N2	A0A0R4J212	B5B2N2	A0A0R4J212	True	False	False	False	False	False	B
B5B2N2	P25799	B5B2N2	Nfkb1	True	False	False	False	False	False	C
B5B2N2	Q9CXG9	B5B2N2	Phf19	True	False	False	False	False	False	C
B5B2N2	O88907	B5B2N2	Pias1	True	False	False	False	False	False	C
B5B2N2	O70172	B5B2N2	Pip4k2a	True	False	False	False	False	False	C
B5B2N2	Q9QVP9	B5B2N2	Ptk2b	True	False	False	False	False	False	C
B5B2N2	A0A140LIK7	B5B2N2	A0A140LIK7	True	False	False	False	False	False	C
B5B2N2	Q7TSE6	B5B2N2	Stk38l	True	False	False	False	False	False	C
B5B2N2	A0A0J9YTU7	B5B2N2	A0A0J9YTU7	True	False	False	False	False	False	C
B5B2N2	Q3U3D7	B5B2N2	Tmem131l	True	False	False	False	False	False	C
B5B2N2	Q60769	B5B2N2	Tnfaip3	True	False	False	False	False	False	C
B5B2N2	A0A2I3BQS6	B5B2N2	A0A2I3BQS6	True	False	False	False	False	False	C
Q3UZ64	Q62386	Q3UZ64	Il17a	True	False	False	False	False	False	C
Q3UZ64	Q9JHG6	Q3UZ64	Rcan1	True	False	False	False	False	False	C
Q8K120	Q61143	Nfatc4	Trpc6	True	False	False	False	False	False	C
A0A0R4J0Y5	Q9D0L4	A0A0R4J0Y5	Adck1	True	False	False	False	False	False	C
A0A0R4J0Y5	B8JJE0	A0A0R4J0Y5	B8JJE0	True	False	False	False	False	False	C
A0A0R4J0Y5	A2BH40	A0A0R4J0Y5	Arid1a	True	False	False	False	False	False	C
A0A0R4J0Y5	Q923T9	A0A0R4J0Y5	Camk2g	True	False	False	False	False	False	C
A0A0R4J0Y5	A2AUX5	A0A0R4J0Y5	A2AUX5	True	False	False	False	False	False	C
A0A0R4J0Y5	A0A0N4SV63	A0A0R4J0Y5	A0A0N4SV63	True	False	False	False	False	False	C
A0A0R4J0Y5	Q8CDU5	A0A0R4J0Y5	Efhb	True	False	False	False	False	False	C
A0A0R4J0Y5	A0A0R4J0H9	A0A0R4J0Y5	A0A0R4J0H9	True	False	False	False	False	False	C
A0A0R4J0Y5	Q9DC16	A0A0R4J0Y5	Ergic1	True	False	False	False	False	False	C
A0A0R4J0Y5	A6PWD2	A0A0R4J0Y5	Fhad1	True	False	False	False	False	False	C
A0A0R4J0Y5	P42128	A0A0R4J0Y5	Foxk1	True	False	False	False	False	False	C
A0A0R4J0Y5	O35601	A0A0R4J0Y5	Fyb1	True	False	False	False	False	False	C
A0A0R4J0Y5	P27600	A0A0R4J0Y5	Gna12	True	False	False	False	False	False	C
A0A0R4J0Y5	Q9ES52	A0A0R4J0Y5	Inpp5d	True	False	False	False	False	False	C
A0A0R4J0Y5	A0A087WQN5	A0A0R4J0Y5	A0A087WQN5	True	False	False	False	False	False	C
A0A0R4J0Y5	O09110	A0A0R4J0Y5	Map2k3	True	False	False	False	False	False	C
A0A0R4J0Y5	Q8BGW5	A0A0R4J0Y5	Nabp1	True	False	False	False	False	False	C
A0A0R4J0Y5	Q9EQ32	A0A0R4J0Y5	Pik3ap1	True	False	False	False	False	False	C
A0A0R4J0Y5	D3Z0X7	A0A0R4J0Y5	D3Z0X7	True	False	False	False	False	False	C
A0A0R4J0Y5	Q3TTY0	A0A0R4J0Y5	Plb1	True	False	False	False	False	False	C
A0A0R4J0Y5	A0A1L1SRM4	A0A0R4J0Y5	A0A1L1SRM4	True	False	False	False	False	False	C
A0A0R4J0Y5	P68404	A0A0R4J0Y5	Prkcb	True	False	False	False	False	False	C
A0A0R4J0Y5	Q812A5	A0A0R4J0Y5	Prr5	True	False	False	False	False	False	C
A0A0R4J0Y5	P34152	A0A0R4J0Y5	Ptk2	True	False	False	False	False	False	C
A0A0R4J0Y5	P49446	A0A0R4J0Y5	Ptpre	True	False	False	False	False	False	C
A0A0R4J0Y5	Q80TZ9	A0A0R4J0Y5	Rere	True	False	False	False	False	False	C
A0A0R4J0Y5	Q3UH06	A0A0R4J0Y5	Rreb1	True	False	False	False	False	False	C
A0A0R4J0Y5	Q61009	A0A0R4J0Y5	Scarb1	True	False	False	False	False	False	C
A0A0R4J0Y5	O09126	A0A0R4J0Y5	Sema4d	True	False	False	False	False	False	C
A0A0R4J0Y5	Q9Z131	A0A0R4J0Y5	Sh3bp5	True	False	False	False	False	False	C
A0A0R4J0Y5	G3X9F6	A0A0R4J0Y5	G3X9F6	True	False	False	False	False	False	C
A0A0R4J0Y5	Q920G8	A0A0R4J0Y5	Slc25a37	True	False	False	False	False	False	C
A0A0R4J0Y5	Q9D3S3	A0A0R4J0Y5	Snx29	True	False	False	False	False	False	C
A0A0R4J0Y5	O55098	A0A0R4J0Y5	Stk10	True	False	False	False	False	False	C
A0A0R4J0Y5	Q7TNL3	A0A0R4J0Y5	Stk40	True	False	False	False	False	False	C
A0A0R4J0Y5	P0CG50	A0A0R4J0Y5	Ubc	True	False	False	False	False	False	C
A0A0R4J0Y5	Q8K0L9	A0A0R4J0Y5	Zbtb20	True	False	False	False	False	False	C
Q61985	P51830	Nfe2l1	Adcy9	True	False	False	False	False	False	C
Q61985	Q8BH79	Nfe2l1	Ano10	True	False	False	False	False	False	C
Q61985	O54834	Nfe2l1	Arhgap6	True	False	False	False	False	False	C
Q61985	Q9WTL8	Nfe2l1	Bmal1	True	False	False	False	False	False	C
Q61985	B1AR74	Nfe2l1	B1AR74	True	False	False	False	False	False	C
Q61985	E9QA15	Nfe2l1	E9QA15	True	False	False	False	False	False	C
Q61985	Q9WVJ3	Nfe2l1	Cpq	True	False	False	False	False	False	C
Q61985	Q8K382	Nfe2l1	Dennd1a	True	False	False	False	False	False	C
Q61985	Q9D415	Nfe2l1	Dlgap1	True	False	False	False	False	False	C
Q61985	A6H5Z3	Nfe2l1	Exoc6b	True	False	False	False	False	False	C
Q61985	P42128	Nfe2l1	Foxk1	True	False	False	False	False	False	C
Q61985	Q8CGK7	Nfe2l1	Gnal	True	False	False	False	False	False	C
Q61985	Q9WUX5	Nfe2l1	Irag1	True	False	False	False	False	False	C
Q61985	A0A286YDX6	Nfe2l1	A0A286YDX6	True	False	False	False	False	False	C
Q61985	Q3UF75	Nfe2l1	Q3UF75	True	False	False	False	False	False	B
Q61985	Q9ES81	Nfe2l1	Popdc3	True	False	False	False	False	False	C
Q61985	Q99P72	Nfe2l1	Rtn4	True	False	False	False	False	False	C
Q61985	A0A5F8MPJ2	Nfe2l1	A0A5F8MPJ2	True	False	False	False	False	False	C
Q61985	Q6PHU5	Nfe2l1	Sort1	True	False	False	False	False	False	C
Q61985	Q64337	Nfe2l1	Sqstm1	True	False	False	False	False	False	C
Q61985	Q80XQ2	Nfe2l1	Tbc1d5	True	False	False	False	False	False	C
Q61985	D3YWD3	Nfe2l1	D3YWD3	True	False	False	False	False	False	C
Q61985	P62257	Nfe2l1	Ube2h	True	False	False	False	False	False	C
Q61985	Q7TS63	Nfe2l1	Zfat	True	False	False	False	False	False	C
Q60795	B8JJE0	Nfe2l2	B8JJE0	True	False	False	False	False	False	C
Q60795	P05064	Nfe2l2	Aldoa	True	False	False	False	False	False	C
Q60795	P10107	Nfe2l2	Anxa1	True	False	False	False	False	False	C
Q60795	Q8BHL7	Nfe2l2	Cdc42se1	True	False	False	False	False	False	C
Q60795	Q8BYH8	Nfe2l2	Chd9	True	False	False	False	False	False	C
Q60795	Q921M7	Nfe2l2	Cyrib	True	False	False	False	False	False	C
Q60795	Q9QYJ3	Nfe2l2	Dnajb1	True	False	False	False	False	False	C
Q60795	A0A0R4J0H9	Nfe2l2	A0A0R4J0H9	True	False	False	False	False	False	C
Q60795	O70273	Nfe2l2	Ehf	True	False	False	False	False	False	C
Q60795	P35505	Nfe2l2	Fah	True	False	False	False	False	False	C
Q60795	A6PWD2	Nfe2l2	Fhad1	True	False	False	False	False	False	C
Q60795	P48316	Nfe2l2	Gadd45a	True	False	False	False	False	False	C
Q60795	A0A1D5RM07	Nfe2l2	A0A1D5RM07	True	False	False	False	False	False	C
Q60795	O09131	Nfe2l2	Gsto1	True	False	False	False	False	False	C
Q60795	P62806	Nfe2l2	H4c1; H4c2; H4c3; H4c4; H4c6; H4c8; H4c9; H4c11; H4c12; Hist1h4m; H4c14; H4c16	True	False	False	False	False	False	C
Q60795	B7ZDF4	Nfe2l2	B7ZDF4	True	False	False	False	False	False	C
Q60795	O09173	Nfe2l2	Hgd	True	False	False	False	False	False	C
Q60795	Q61666	Nfe2l2	Hira	True	False	False	False	False	False	C
Q60795	P13504	Nfe2l2	Il1r1	True	False	False	False	False	False	C
Q60795	Q7TNC9	Nfe2l2	Inpp5a	True	False	False	False	False	False	C
Q60795	A0A087WQN5	Nfe2l2	A0A087WQN5	True	False	False	False	False	False	C
Q60795	Q3TEW6	Nfe2l2	Mpzl1	True	False	False	False	False	False	C
Q60795	Q8K1Z8	Nfe2l2	Q8K1Z8	True	False	False	False	False	False	C
Q60795	Q6DFV7	Nfe2l2	Ncoa7	True	False	False	False	False	False	C
Q60795	A0A286YDV4	Nfe2l2	A0A286YDV4	True	False	False	False	False	False	C
Q60795	Q8VBU5	Nfe2l2	Q8VBU5	True	False	False	False	False	False	C
Q60795	Q01063	Nfe2l2	Pde4d	True	False	False	False	False	False	C
Q60795	Q9QXS1	Nfe2l2	Plec	True	False	False	False	False	False	C
Q60795	P62492	Nfe2l2	Rab11a	True	False	False	False	False	False	C
Q60795	P54728	Nfe2l2	Rad23b	True	False	False	False	False	False	C
P11416	Q60795	Rara	Nfe2l2	True	False	False	False	False	False	C
Q60795	P11416	Nfe2l2	Rara	True	False	False	False	False	False	C
Q60795	Q6ZQM0	Nfe2l2	Rffl	True	False	False	False	False	False	C
Q60795	Q3UH06	Nfe2l2	Rreb1	True	False	False	False	False	False	C
Q60795	Q61009	Nfe2l2	Scarb1	True	False	False	False	False	False	C
Q60795	Q8VCQ6	Nfe2l2	Sgms1	True	False	False	False	False	False	C
Q60795	Q9Z131	Nfe2l2	Sh3bp5	True	False	False	False	False	False	C
Q60795	G3X9F6	Nfe2l2	G3X9F6	True	False	False	False	False	False	C
Q60795	Q9CWR2	Nfe2l2	Smyd3	True	False	False	False	False	False	C
Q60795	A0A5F8MPJ2	Nfe2l2	A0A5F8MPJ2	True	False	False	False	False	False	C
Q60795	D3YWM7	Nfe2l2	D3YWM7	True	False	False	False	False	False	C
Q60795	P70284	Nfe2l2	Tgif1	True	False	False	False	False	False	B
Q60795	P0CG50	Nfe2l2	Ubc	True	False	False	False	False	False	C
Q60795	A0A0G2JE32	Nfe2l2	A0A0G2JE32	True	False	False	False	False	False	C
Q60795	Q9CZJ1	Nfe2l2	Utp11	True	False	False	False	False	False	C
Q60795	Q9EPK5	Nfe2l2	Wwtr1	True	False	False	False	False	False	C
Q60795	Q9JII7	Nfe2l2	Zfand2a	True	False	False	False	False	False	C
P06537	Q02780	Nr3c1	Nfia	True	False	False	False	False	False	C
P70255	D3YYQ6	Nfic	D3YYQ6	True	False	False	False	False	False	C
P70255	Q6P9J9	Nfic	Ano6	True	False	False	False	False	False	C
P70255	P12023	Nfic	App	True	False	False	False	False	False	B
P70255	A2AWP8	Nfic	Arhgef10l	True	False	False	False	False	False	C
P70255	A2BH40	Nfic	Arid1a	True	False	False	False	False	False	B
P70255	E9QA15	Nfic	E9QA15	True	False	False	False	False	False	C
P70255	O08529	Nfic	Capn2	True	False	False	False	False	False	C
P70255	A2APM2	Nfic	A2APM2	True	False	False	False	False	False	C
P70255	Q9JM96	Nfic	Cdc42ep4	True	False	False	False	False	False	C
P70255	E9Q1U6	Nfic	E9Q1U6	True	False	False	False	False	False	C
P70255	Q3TZ02	Nfic	Q3TZ02	True	False	False	False	False	False	C
P70255	E9QKB1	Nfic	E9QKB1	True	False	False	False	False	False	C
P70255	Q8C4C9	Nfic	Q8C4C9	True	False	False	False	False	False	C
P70255	P58269	Nfic	Dpf3	True	False	False	False	False	False	C
P70255	G3UXH9	Nfic	G3UXH9	True	False	False	False	False	False	C
P70255	Q4PZA2	Nfic	Ece1	True	False	False	False	False	False	C
P70255	P97481	Nfic	Epas1	True	False	False	False	False	False	C
P70255	O70318	Nfic	Epb41l2	True	False	False	False	False	False	C
P70255	Q9DC16	Nfic	Ergic1	True	False	False	False	False	False	C
P70255	Q8CIB5	Nfic	Fermt2	True	False	False	False	False	False	C
P70255	Q920B0	Nfic	Frmd4b	True	False	False	False	False	False	C
P70255	Q8BGW1	Nfic	Fto	True	False	False	False	False	False	C
P70255	Q3UHD2	Nfic	Gfod1	True	False	False	False	False	False	C
P70255	P05201	Nfic	Got1	True	False	False	False	False	False	C
P70255	Q64521	Nfic	Gpd2	True	False	False	False	False	False	C
P70255	P13020	Nfic	Gsn	True	False	False	False	False	False	C
P70255	P11881	Nfic	Itpr1	True	False	False	False	False	False	C
P70255	B1AY49	Nfic	B1AY49	True	False	False	False	False	False	C
P70255	Q61001	Nfic	Lama5	True	False	False	False	False	False	C
P70255	F8VQJ3	Nfic	F8VQJ3	True	False	False	False	False	False	C
P70255	P48678	Nfic	Lmna	True	False	False	False	False	False	C
P70255	Q9WUL6	Nfic	Map3k14	True	False	False	False	False	False	C
P70255	Q8BKH7	Nfic	Mapkap1	True	False	False	False	False	False	C
P70255	P04370	Nfic	Mbp	True	False	False	False	False	False	B
P70255	O35678	Nfic	Mgll	True	False	False	False	False	False	C
P70255	Q6PDN3	Nfic	Mylk	True	False	False	False	False	False	C
P70255	A0A589P973	Nfic	A0A589P973	True	False	False	False	False	False	C
P70255	E9PY55	Nfic	E9PY55	True	False	False	False	False	False	C
P70255	Q3UHN9	Nfic	Ndst1	True	False	False	False	False	False	B
P70255	Q3UW53	Nfic	Niban1	True	False	False	False	False	False	C
P70255	Q07475	Nfic	Nrep	True	False	False	False	False	False	C
P70255	Q9ET54	Nfic	Palld	True	False	False	False	False	False	C
P70255	G3XA13	Nfic	G3XA13	True	False	False	False	False	False	C
P70255	Q69ZS0	Nfic	Pdzrn3	True	False	False	False	False	False	C
P70255	Q8K1N2	Nfic	Phldb2	True	False	False	False	False	False	C
P70255	P26450	Nfic	Pik3r1	True	False	False	False	False	False	C
P70255	Q69ZK0	Nfic	Prex1	True	False	False	False	False	False	C
P70255	Q91WG5	Nfic	Prkag2	True	False	False	False	False	False	C
P70255	A6H6A9	Nfic	Rabgap1l	True	False	False	False	False	False	C
P70255	Q91ZZ2	Nfic	Q91ZZ2	True	False	False	False	False	False	C
P70255	Q9EQZ6	Nfic	Rapgef4	True	False	False	False	False	False	C
P70255	Q80TZ9	Nfic	Rere	True	False	False	False	False	False	C
P70255	Q8R550	Nfic	Sh3kbp1	True	False	False	False	False	False	C
P70255	E9QMY5	Nfic	E9QMY5	True	False	False	False	False	False	C
P70255	A0A5F8MPJ2	Nfic	A0A5F8MPJ2	True	False	False	False	False	False	C
P70255	Q8K4L3	Nfic	Svil	True	False	False	False	False	False	C
P70255	E0CYK1	Nfic	E0CYK1	True	False	False	False	False	False	C
P70255	A0A0R4J097	Nfic	A0A0R4J097	True	False	False	False	False	False	C
P70255	Q3UTY6	Nfic	Thsd4	True	False	False	False	False	False	C
P70255	A0A1L1SQ51	Nfic	A0A1L1SQ51	True	False	False	False	False	False	C
P70255	Q3U3D7	Nfic	Tmem131l	True	False	False	False	False	False	C
P70255	Q80YX1	Nfic	Tnc	True	False	False	False	False	False	C
P70255	Q5SSZ5	Nfic	Tns3	True	False	False	False	False	False	C
P02340	P70255	Tp53	Nfic	True	False	False	False	False	False	B
P70255	P02340	Nfic	Tp53	True	False	False	False	False	False	A
P70255	B1ART2	Nfic	B1ART2	True	False	False	False	False	False	C
P70255	Q8K1I7	Nfic	Wipf1	True	False	False	False	False	False	C
P70255	Q9EPK5	Nfic	Wwtr1	True	False	False	False	False	False	C
P70255	F8VPK6	Nfic	F8VPK6	True	False	False	False	False	False	C
P70255	Q6P1E1	Nfic	Zmiz1	True	False	False	False	False	False	C
P25799	P60710	Nfkb1	Actb	True	False	False	False	False	False	C
P25799	E9PY16	Nfkb1	E9PY16	True	False	False	False	False	False	C
P25799	E9QJS7	Nfkb1	E9QJS7	True	False	False	False	False	False	C
P25799	Q80YS6	Nfkb1	Afap1	True	False	False	False	False	False	C
P25799	Q3U0L2	Nfkb1	Ankrd33b	True	False	False	False	False	False	C
P25799	B7ZCJ0	Nfkb1	B7ZCJ0	True	False	False	False	False	False	C
P25799	Q8C4V1	Nfkb1	Arhgap24	True	False	False	False	False	False	C
P25799	A2BH40	Nfkb1	Arid1a	True	False	False	False	False	False	B
P25799	Q9QZW0	Nfkb1	Atp11c	True	False	False	False	False	False	C
P25799	Q8CGN4	Nfkb1	Bcor	True	False	False	False	False	False	C
P25799	P48754	Nfkb1	Brca1	True	False	False	False	False	False	A
P25799	F6R5P4	Nfkb1	F6R5P4	True	False	False	False	False	False	B
P25799	Q9EP73	Nfkb1	Cd274	True	False	False	False	False	False	B
P25799	A2APM2	Nfkb1	A2APM2	True	False	False	False	False	False	B
P25799	P26231	Nfkb1	Ctnna1	True	False	False	False	False	False	C
P25799	P97821	Nfkb1	Ctsc	True	False	False	False	False	False	C
P25799	Q9WVK4	Nfkb1	Ehd1	True	False	False	False	False	False	C
P25799	A0A0R4J0H8	Nfkb1	A0A0R4J0H8	True	False	False	False	False	False	C
P25799	Q61553	Nfkb1	Fscn1	True	False	False	False	False	False	B
P25799	P48316	Nfkb1	Gadd45a	True	False	False	False	False	False	A
P25799	A0A1D5RM07	Nfkb1	A0A1D5RM07	True	False	False	False	False	False	B
P25799	P27600	Nfkb1	Gna12	True	False	False	False	False	False	C
P25799	A0A1Y7VJI1	Nfkb1	A0A1Y7VJI1	True	False	False	False	False	False	C
P25799	Q20BD0	Nfkb1	Q20BD0	True	False	False	False	False	False	C
P25799	Q9Z2X1	Nfkb1	Hnrnpf	True	False	False	False	False	False	C
P25799	Q8R081	Nfkb1	Hnrnpl	True	False	False	False	False	False	B
P25799	Q63953	Nfkb1	Q63953	True	False	False	False	False	False	C
P25799	Q07113	Nfkb1	Igf2r	True	False	False	False	False	False	C
P25799	Q60819	Nfkb1	Il15ra	True	False	False	False	False	False	B
P25799	P13504	Nfkb1	Il1r1	True	False	False	False	False	False	B
P25799	P16382	Nfkb1	Il4r	True	False	False	False	False	False	B
P25799	P04401	Nfkb1	Il5	True	False	False	False	False	False	A
P25799	P62482	Nfkb1	Kcnab2	True	False	False	False	False	False	C
P25799	A0A087WQN5	Nfkb1	A0A087WQN5	True	False	False	False	False	False	B
P25799	Q61233	Nfkb1	Lcp1	True	False	False	False	False	False	C
P25799	Q8BWJ4	Nfkb1	Ldlrad4	True	False	False	False	False	False	C
P25799	P48678	Nfkb1	Lmna	True	False	False	False	False	False	C
P25799	A0A0R4J0I9	Nfkb1	A0A0R4J0I9	True	False	False	False	False	False	C
P25799	Q924H2	Nfkb1	Med15	True	False	False	False	False	False	C
P25799	E9QKT0	Nfkb1	E9QKT0	True	False	False	False	False	False	C
P25799	Q8CJ19	Nfkb1	Mical3	True	False	False	False	False	False	C
P25799	Q8CDB0	Nfkb1	Mknk2	True	False	False	False	False	False	C
P25799	Q8VDD5	Nfkb1	Myh9	True	False	False	False	False	False	C
P25799	P70365	Nfkb1	Ncoa1	True	False	False	False	False	False	C
P25799	Q9ES70	Nfkb1	Nek6	True	False	False	False	False	False	C
P25799	P52480	Nfkb1	Pkm	True	False	False	False	False	False	C
P25799	F8WHT3	Nfkb1	F8WHT3	True	False	False	False	False	False	C
P25799	Q99LH2	Nfkb1	Ptdss1	True	False	False	False	False	False	C
P25799	P51150	Nfkb1	Rab7a	True	False	False	False	False	False	C
P25799	Q9JIW9	Nfkb1	Ralb	True	False	False	False	False	False	C
P25799	P11416	Nfkb1	Rara	True	False	False	False	False	False	C
P25799	Q6A0D4	Nfkb1	Rftn1	True	False	False	False	False	False	C
P25799	Q60854	Nfkb1	Serpinb6	True	False	False	False	False	False	C
P25799	Q7TML3	Nfkb1	Slc35f2	True	False	False	False	False	False	C
P25799	E9Q1K0	Nfkb1	E9Q1K0	True	False	False	False	False	False	C
P25799	A0A0G2JDT6	Nfkb1	A0A0G2JDT6	True	False	False	False	False	False	C
P25799	Q76I79	Nfkb1	Ssh1	True	False	False	False	False	False	C
P25799	O55098	Nfkb1	Stk10	True	False	False	False	False	False	C
P25799	Q99KH8	Nfkb1	Stk24	True	False	False	False	False	False	C
P25799	Q9WVA4	Nfkb1	Tagln2	True	False	False	False	False	False	C
P25799	Q91Z22	Nfkb1	Tmem123	True	False	False	False	False	False	C
P25799	D3Z3B6	Nfkb1	D3Z3B6	True	False	False	False	False	False	C
P25799	Q91XL3	Nfkb1	Uxs1	True	False	False	False	False	False	C
P25799	P70460	Nfkb1	Vasp	True	False	False	False	False	False	C
P25799	P27870	Nfkb1	Vav1	True	False	False	False	False	False	C
P25799	P97953	Nfkb1	Vegfc	True	False	False	False	False	False	A
P25799	Q8R1C3	Nfkb1	Vopp1	True	False	False	False	False	False	C
P25799	Q924Z6	Nfkb1	Xpo6	True	False	False	False	False	False	C
P25799	G3X8T2	Nfkb1	G3X8T2	True	False	False	False	False	False	C
P25799	Q3U0X6	Nfkb1	Q3U0X6	True	False	False	False	False	False	C
Q9WTK5	Q5SSE9	Nfkb2	Abca13	True	False	False	False	False	False	C
Q9WTK5	E9QNX4	Nfkb2	E9QNX4	True	False	False	False	False	False	C
Q9WTK5	Q3U0L2	Nfkb2	Ankrd33b	True	False	False	False	False	False	C
Q9WTK5	Q8C4V1	Nfkb2	Arhgap24	True	False	False	False	False	False	C
Q9WTK5	Q9D275	Nfkb2	Batf3	True	False	False	False	False	False	C
Q9WTK5	Q9Z2F6	Nfkb2	Bcl3	True	False	False	False	False	False	B
Q9WTK5	O35185	Nfkb2	Bhlhe40	True	False	False	False	False	False	C
Q9WTK5	Q8BW96	Nfkb2	Camk1d	True	False	False	False	False	False	C
Q9WTK5	Q62401	Nfkb2	Ccl12	True	False	False	False	False	False	C
Q9WTK5	Q01147	Nfkb2	Creb1	True	False	False	False	False	False	C
Q9WTK5	P97821	Nfkb2	Ctsc	True	False	False	False	False	False	C
Q9WTK5	Q3TZ02	Nfkb2	Q3TZ02	True	False	False	False	False	False	C
Q9WTK5	O70318	Nfkb2	Epb41l2	True	False	False	False	False	False	C
Q9WTK5	P97360	Nfkb2	Etv6	True	False	False	False	False	False	C
Q9WTK5	A0A0R4J0H8	Nfkb2	A0A0R4J0H8	True	False	False	False	False	False	C
Q9WTK5	P16382	Nfkb2	Il4r	True	False	False	False	False	False	C
Q9WTK5	A0A140T8Q8	Nfkb2	A0A140T8Q8	True	False	False	False	False	False	C
Q9WTK5	Q61233	Nfkb2	Lcp1	True	False	False	False	False	False	C
Q9WTK5	Q64133	Nfkb2	Maoa	True	False	False	False	False	False	C
Q9WTK5	Q8CDB0	Nfkb2	Mknk2	True	False	False	False	False	False	C
Q9WTK5	Q9ES70	Nfkb2	Nek6	True	False	False	False	False	False	C
Q9WTK5	Q8CJC5	Nfkb2	Neurl3	True	False	False	False	False	False	B
Q9WTK5	Q8VBU5	Nfkb2	Q8VBU5	True	False	False	False	False	False	C
Q9WTK5	P26450	Nfkb2	Pik3r1	True	False	False	False	False	False	C
Q9WTK5	Q8BZ97	Nfkb2	Prdm8	True	False	False	False	False	False	C
Q9WTK5	Q03385	Nfkb2	Ralgds	True	False	False	False	False	False	C
Q9WTK5	P11416	Nfkb2	Rara	True	False	False	False	False	False	B
Q9WTK5	Q9Z1S3	Nfkb2	Rasgrp1	True	False	False	False	False	False	C
Q9WTK5	P59729	Nfkb2	Rin3	True	False	False	False	False	False	C
Q9WTK5	G3UZI3	Nfkb2	G3UZI3	True	False	False	False	False	False	C
Q9WTK5	Q6PHU5	Nfkb2	Sort1	True	False	False	False	False	False	C
Q9WTK5	E9Q8T1	Nfkb2	E9Q8T1	True	False	False	False	False	False	C
Q9WTK5	Q9WVA4	Nfkb2	Tagln2	True	False	False	False	False	False	C
Q9WTK5	A0A5K1VVQ7	Nfkb2	A0A5K1VVQ7	True	False	False	False	False	False	C
Q9WTK5	E9QPR6	Nfkb2	E9QPR6	True	False	False	False	False	False	C
Q9WTK5	Q60769	Nfkb2	Tnfaip3	True	False	False	False	False	False	B
Q9WTK5	D3Z3B6	Nfkb2	D3Z3B6	True	False	False	False	False	False	B
Q9WTK5	P39428	Nfkb2	Traf1	True	False	False	False	False	False	B
Q9WTK5	Q3UE37	Nfkb2	Ube2z	True	False	False	False	False	False	C
Q9WTK5	D3YY75	Nfkb2	D3YY75	True	False	False	False	False	False	C
Q9WTK5	Q99KU0	Nfkb2	Vmp1	True	False	False	False	False	False	C
Q9WTK5	P70701	Nfkb2	Wnt10a	True	False	False	False	False	False	C
Q9WTK5	Q8VCZ7	Nfkb2	Zbtb7c	True	False	False	False	False	False	C
Q9WTK5	A0A571BE87	Nfkb2	A0A571BE87	True	False	False	False	False	False	C
P23708	Q9JIX8	Nfya	Acin1	True	False	False	False	False	False	C
P23708	Q9WTP6	Nfya	Ak2	True	False	False	False	False	False	C
P23708	Q8BTZ4	Nfya	Anapc5	True	False	False	False	False	False	C
P23708	Q8R2R9	Nfya	Ap3m2	True	False	False	False	False	False	B
P23708	Q69Z98	Nfya	Brsk2	True	False	False	False	False	False	C
P23708	Q61686	Nfya	Cbx5	True	False	False	False	False	False	C
P23708	P04441	Nfya	Cd74	True	False	False	False	False	False	B
P23708	P61924	Nfya	Copz1	True	False	False	False	False	False	C
P23708	A0A0R4J217	Nfya	A0A0R4J217	True	False	False	False	False	False	C
P23708	Q9QYJ3	Nfya	Dnajb1	True	False	False	False	False	False	C
P23708	E9QQ30	Nfya	E9QQ30	True	False	False	False	False	False	C
P23708	Q7TNG5	Nfya	Eml2	True	False	False	False	False	False	C
P23708	Q7TNF9	Nfya	Fam117a	True	False	False	False	False	False	C
P23708	Q8K2I9	Nfya	Fbh1	True	False	False	False	False	False	C
P23708	P13346	Nfya	Fosb	True	False	False	False	False	False	C
P23708	Q64737	Nfya	Gart	True	False	False	False	False	False	C
P23708	P27600	Nfya	Gna12	True	False	False	False	False	False	C
P23708	Q9QWV1	Nfya	Q9QWV1	True	False	False	False	False	False	C
P23708	P14438	Nfya	H2-Aa	True	False	False	False	False	False	C
P23708	P04227	Nfya	H2-Aa	True	False	False	False	False	False	C
P23708	P01910	Nfya	H2-Aa	True	False	False	False	False	False	C
P23708	P14436	Nfya	H2-Aa	True	False	False	False	False	False	C
P23708	P14435	Nfya	H2-Aa	True	False	False	False	False	False	C
P23708	P14437	Nfya	H2-Aa	True	False	False	False	False	False	C
P23708	P14434	Nfya	H2-Aa	True	False	False	False	False	False	C
P23708	P04228	Nfya	H2-Aa	True	False	False	False	False	False	C
P23708	A0A494B9M4	Nfya	A0A494B9M4	True	False	False	False	False	False	C
P23708	Q5EBP8	Nfya	Q5EBP8	True	False	False	False	False	False	C
P23708	O70503	Nfya	Hsd17b12	True	False	False	False	False	False	C
P23708	P62482	Nfya	Kcnab2	True	False	False	False	False	False	C
P23708	P14733	Nfya	Lmnb1	True	False	False	False	False	False	C
P23708	Q8CDB0	Nfya	Mknk2	True	False	False	False	False	False	C
P23708	Q80TA6	Nfya	Mtmr12	True	False	False	False	False	False	C
P23708	Q9R008	Nfya	Mvk	True	False	False	False	False	False	C
P23708	P54846	Nfya	Nrl	True	False	False	False	False	False	C
P23708	Q6P9R2	Nfya	Oxsr1	True	False	False	False	False	False	C
P23708	Q3TQR0	Nfya	Pgap2	True	False	False	False	False	False	C
P23708	Q3TWH3	Nfya	Q3TWH3	True	False	False	False	False	False	C
P23708	Q60996	Nfya	Ppp2r5c	True	False	False	False	False	False	C
P23708	Q8BZ03	Nfya	Prkd2	True	False	False	False	False	False	C
P23708	Q8CCF0	Nfya	Prpf31	True	False	False	False	False	False	C
P23708	P17225	Nfya	Ptbp1	True	False	False	False	False	False	C
P23708	P46638	Nfya	Rab11b	True	False	False	False	False	False	C
P23708	Q9D300	Nfya	Rasgef1c	True	False	False	False	False	False	C
P23708	Q0VBL3	Nfya	Rbm15	True	False	False	False	False	False	C
P23708	Q8BYP3	Nfya	Rhof	True	False	False	False	False	False	C
P23708	Q8C050	Nfya	Rps6ka5	True	False	False	False	False	False	C
P23708	Q3TZ89	Nfya	Sec31b	True	False	False	False	False	False	C
P23708	Q8VDQ8	Nfya	Sirt2	True	False	False	False	False	False	C
P23708	Q60714	Nfya	Slc27a1	True	False	False	False	False	False	C
P23708	Q9D174	Nfya	Ss18l2	True	False	False	False	False	False	C
P23708	Q6NXY1	Nfya	Tbc1d31	True	False	False	False	False	False	C
P23708	A8C756	Nfya	Thada	True	False	False	False	False	False	C
P23708	P70399	Nfya	Tp53bp1	True	False	False	False	False	False	C
P23708	Q5NC05	Nfya	Ttf2	True	False	False	False	False	False	C
P23708	Q8R105	Nfya	Vps37c	True	False	False	False	False	False	C
P23708	Q9D0R9	Nfya	Wdr89	True	False	False	False	False	False	C
P23708	Q8VD12	Nfya	Znf385a	True	False	False	False	False	False	C
P23708	Q56A10	Nfya	Znf608	True	False	False	False	False	False	B
P23708	Q8C7B8	Nfya	Zswim4	True	False	False	False	False	False	C
P63139	B8JKV0	Nfyb	Amn1	True	False	False	False	False	False	C
P63139	P17426	Nfyb	Ap2a1	True	False	False	False	False	False	C
P63139	Q8BMG1	Nfyb	Atrip	True	False	False	False	False	False	C
P63139	Q9Z277	Nfyb	Baz1b	True	False	False	False	False	False	C
P63139	A2AMT1	Nfyb	Bfsp1	True	False	False	False	False	False	C
P63139	Q69Z98	Nfyb	Brsk2	True	False	False	False	False	False	C
P63139	P24860	Nfyb	Ccnb1	True	False	False	False	False	False	B
P63139	P30276	Nfyb	Ccnb2	True	False	False	False	False	False	C
P63139	P11440	Nfyb	Cdk1	True	False	False	False	False	False	C
P63139	P56390	Nfyb	Cks2	True	False	False	False	False	False	C
P63139	G5E8J7	Nfyb	G5E8J7	True	False	False	False	False	False	C
P63139	Q60936	Nfyb	Coq8a	True	False	False	False	False	False	C
P63139	Q8CDG5	Nfyb	Crebrf	True	False	False	False	False	False	B
P63139	Q921W4	Nfyb	Cryzl1	True	False	False	False	False	False	B
P63139	A2BEF2	Nfyb	A2BEF2	True	False	False	False	False	False	C
P63139	Q9QYJ3	Nfyb	Dnajb1	True	False	False	False	False	False	C
P63139	D3YY44	Nfyb	D3YY44	True	False	False	False	False	False	C
P63139	E9QQ30	Nfyb	E9QQ30	True	False	False	False	False	False	C
P63139	Q8BPU7	Nfyb	Elmo1	True	False	False	False	False	False	C
P63139	P48193	Nfyb	Epb41	True	False	False	False	False	False	C
P63139	Q920L1	Nfyb	Fads1	True	False	False	False	False	False	C
P63139	Q7TNF9	Nfyb	Fam117a	True	False	False	False	False	False	C
P63139	Q8K285	Nfyb	Fcho1	True	False	False	False	False	False	C
P63139	P53798	Nfyb	Fdft1	True	False	False	False	False	False	C
P63139	Q9JIP6	Nfyb	Fzd2	True	False	False	False	False	False	C
P63139	Q6T5E4	Nfyb	Q6T5E4	True	False	False	False	False	False	C
P63139	P27600	Nfyb	Gna12	True	False	False	False	False	False	C
P63139	D3YTQ3	Nfyb	D3YTQ3	True	False	False	False	False	False	C
P63139	P62482	Nfyb	Kcnab2	True	False	False	False	False	False	C
P63139	Q03717	Nfyb	Kcnb1	True	False	False	False	False	False	C
P63139	Q8R2P1	Nfyb	Klhl25	True	False	False	False	False	False	C
P63139	Q3U9G9	Nfyb	Lbr	True	False	False	False	False	False	C
P63139	Q3U1D0	Nfyb	Lins1	True	False	False	False	False	False	C
P63139	Q9Z0M5	Nfyb	Lipa	True	False	False	False	False	False	C
P63139	P97823	Nfyb	Lypla1	True	False	False	False	False	False	C
P63139	Q99LB6	Nfyb	Mat2b	True	False	False	False	False	False	C
P63139	A0A0A6YVV8	Nfyb	A0A0A6YVV8	True	False	False	False	False	False	C
P63139	Q8CDB0	Nfyb	Mknk2	True	False	False	False	False	False	C
P63139	E9QAG7	Nfyb	E9QAG7	True	False	False	False	False	False	C
P63139	Q6ZQI3	Nfyb	Mlec	True	False	False	False	False	False	C
P63139	A6H5Y1	Nfyb	Mphosph9	True	False	False	False	False	False	C
P63139	Q8BLF1	Nfyb	Nceh1	True	False	False	False	False	False	C
P63139	Q9ES74	Nfyb	Nek7	True	False	False	False	False	False	C
P63139	P81117	Nfyb	Nucb2	True	False	False	False	False	False	C
P63139	E9PXZ2	Nfyb	E9PXZ2	True	False	False	False	False	False	C
P63139	Q3TVP5	Nfyb	Otulinl	True	False	False	False	False	False	C
P63139	Q8BTW9	Nfyb	Pak4	True	False	False	False	False	False	C
P63139	Q8CEE6	Nfyb	Pask	True	False	False	False	False	False	C
P63139	P17918	Nfyb	Pcna	True	False	False	False	False	False	B
P63139	A0A0R4J0Z1	Nfyb	A0A0R4J0Z1	True	False	False	False	False	False	C
P63139	Q91XC9	Nfyb	Pex16	True	False	False	False	False	False	C
P63139	Q8BYP3	Nfyb	Rhof	True	False	False	False	False	False	C
P63139	Q8R527	Nfyb	Rhoq	True	False	False	False	False	False	C
P63139	Q8BXT9	Nfyb	Sec22c	True	False	False	False	False	False	C
P63139	Q60714	Nfyb	Slc27a1	True	False	False	False	False	False	C
P63139	P09671	Nfyb	Sod2	True	False	False	False	False	False	C
P63139	Q9D032	Nfyb	Ssbp3	True	False	False	False	False	False	C
P63139	Q6NXY1	Nfyb	Tbc1d31	True	False	False	False	False	False	C
P63139	Q9CQN6	Nfyb	Tmem14c	True	False	False	False	False	False	C
P63139	D3YWD3	Nfyb	D3YWD3	True	False	False	False	False	False	C
P63139	Q8BG60	Nfyb	Txnip	True	False	False	False	False	False	C
P63139	Q811S7	Nfyb	Ubp1	True	False	False	False	False	False	C
P63139	Q8VDF2	Nfyb	Uhrf1	True	False	False	False	False	False	C
P63139	Q8K245	Nfyb	Uvrag	True	False	False	False	False	False	C
P63139	Q01853	Nfyb	Vcp	True	False	False	False	False	False	C
P63139	P97751	Nfyb	Vipr1	True	False	False	False	False	False	C
P63139	Q56A10	Nfyb	Znf608	True	False	False	False	False	False	C
P70353	P14438	Nfyc	H2-Aa	True	False	False	False	False	False	C
P70353	P04227	Nfyc	H2-Aa	True	False	False	False	False	False	C
P70353	P01910	Nfyc	H2-Aa	True	False	False	False	False	False	C
P70353	P14436	Nfyc	H2-Aa	True	False	False	False	False	False	C
P70353	P14435	Nfyc	H2-Aa	True	False	False	False	False	False	C
P70353	P14437	Nfyc	H2-Aa	True	False	False	False	False	False	C
P70353	P14434	Nfyc	H2-Aa	True	False	False	False	False	False	C
P70353	P04228	Nfyc	H2-Aa	True	False	False	False	False	False	C
P70353	A0A494B9M4	Nfyc	A0A494B9M4	True	False	False	False	False	False	C
Q60644	Q9JM96	Nr1h2	Cdc42ep4	True	False	False	False	False	False	C
Q60644	Q8C4C9	Nr1h2	Q8C4C9	True	False	False	False	False	False	C
Q60644	P48024	Nr1h2	Eif1	True	False	False	False	False	False	C
Q60644	P19096	Nr1h2	Fasn	True	False	False	False	False	False	B
Q60644	O08789	Nr1h2	Mnt	True	False	False	False	False	False	C
Q60644	E9PY55	Nr1h2	E9PY55	True	False	False	False	False	False	C
Q60644	Q64337	Nr1h2	Sqstm1	True	False	False	False	False	False	C
Q60644	Q60949	Nr1h2	Tbc1d1	True	False	False	False	False	False	C
Q9Z0Y9	P48410	Nr1h3	Abcd1	True	False	False	False	False	False	C
Q9Z0Y9	B1AY49	Nr1h3	B1AY49	True	False	False	False	False	False	C
Q9Z0Y9	Q5SWK7	Nr1h3	Rnf145	True	False	False	False	False	False	C
Q9Z0Y9	Q9CYV5	Nr1h3	Tmem135	True	False	False	False	False	False	C
P49117	A0A0R4J079	Nr2c2	A0A0R4J079	True	False	False	False	False	False	C
P49117	Q58Y75	Nr2c2	ADGRF3	True	False	False	False	False	False	C
P49117	A2AL50	Nr2c2	A2AL50	True	False	False	False	False	False	C
P49117	P60007	Nr2c2	Anapc15	True	False	False	False	False	False	C
P49117	Q6ZPS6	Nr2c2	Ankib1	True	False	False	False	False	False	C
P49117	P97384	Nr2c2	Anxa11	True	False	False	False	False	False	C
P49117	A0A0R4J1W1	Nr2c2	A0A0R4J1W1	True	False	False	False	False	False	C
P49117	P59598	Nr2c2	Asxl1	True	False	False	False	False	False	B
P49117	P98197	Nr2c2	Atp11a	True	False	False	False	False	False	C
P49117	Q9Z277	Nr2c2	Baz1b	True	False	False	False	False	False	C
P49117	A0A0R4J175	Nr2c2	A0A0R4J175	True	False	False	False	False	False	C
P49117	E9Q9F7	Nr2c2	Ccdc146	True	False	False	False	False	False	C
P49117	Q3URS9	Nr2c2	Ccdc51	True	False	False	False	False	False	C
P49117	Q8VEG0	Nr2c2	Ccdc71	True	False	False	False	False	False	C
P49117	A8Y5L4	Nr2c2	A8Y5L4	True	False	False	False	False	False	C
P49117	Q9D8B3	Nr2c2	Chmp4b	True	False	False	False	False	False	C
P49117	Q9JKY0	Nr2c2	Cnot9	True	False	False	False	False	False	C
P49117	Q9JHS9	Nr2c2	Cwc15	True	False	False	False	False	False	C
P49117	Q810A7	Nr2c2	Ddx42	True	False	False	False	False	False	C
P49117	Q8C2P3	Nr2c2	Dus1l	True	False	False	False	False	False	C
P49117	Q9D0V7	Nr2c2	Ebag9	True	False	False	False	False	False	C
P49117	Q5DW34	Nr2c2	Ehmt1	True	False	False	False	False	False	C
P49117	Q99JX4	Nr2c2	Eif3m	True	False	False	False	False	False	C
P49117	A0A286YE27	Nr2c2	A0A286YE27	True	False	False	False	False	False	C
P49117	Q8CHG3	Nr2c2	Gcc2	True	False	False	False	False	False	B
P49117	E9PVA8	Nr2c2	Gcn1	True	False	False	False	False	False	C
P49117	E9PVZ8	Nr2c2	E9PVZ8	True	False	False	False	False	False	C
P49117	A2A6A1	Nr2c2	Gpatch8	True	False	False	False	False	False	C
P49117	Q3U2K5	Nr2c2	Kdm4d	True	False	False	False	False	False	C
P49117	Q3UXZ9	Nr2c2	Kdm5a	True	False	False	False	False	False	C
P49117	E9QNB8	Nr2c2	E9QNB8	True	False	False	False	False	False	C
P49117	Q9CQQ8	Nr2c2	Lsm7	True	False	False	False	False	False	C
P49117	Q80XI6	Nr2c2	Map3k11	True	False	False	False	False	False	C
P49117	Q8BKH7	Nr2c2	Mapkap1	True	False	False	False	False	False	C
P49117	Q9CQL4	Nr2c2	Mrpl20	True	False	False	False	False	False	C
P49117	Q9CQP0	Nr2c2	Mrpl33	True	False	False	False	False	False	C
P49117	Q9CY16	Nr2c2	Mrps28	True	False	False	False	False	False	C
P49117	Q6PGB6	Nr2c2	Naa50	True	False	False	False	False	False	C
P49117	A2AIL4	Nr2c2	Ndufaf6	True	False	False	False	False	False	C
P49117	Q9CR61	Nr2c2	Ndufb7	True	False	False	False	False	False	C
P49117	A0A1Y7VM38	Nr2c2	A0A1Y7VM38	True	False	False	False	False	False	C
P49117	Q60795	Nr2c2	Nfe2l2	True	False	False	False	False	False	C
P49117	E9Q3K1	Nr2c2	E9Q3K1	True	False	False	False	False	False	C
P49117	Q9D7Z3	Nr2c2	Nol7	True	False	False	False	False	False	C
P49117	Q8BH74	Nr2c2	Nup107	True	False	False	False	False	False	C
P49117	Q9CWU9	Nr2c2	Nup37	True	False	False	False	False	False	C
P49117	Q8BTW9	Nr2c2	Pak4	True	False	False	False	False	False	C
P49117	P60335	Nr2c2	Pcbp1	True	False	False	False	False	False	C
P49117	Q5SPL2	Nr2c2	Phf12	True	False	False	False	False	False	C
P49117	Q9D868	Nr2c2	Ppih	True	False	False	False	False	False	C
P49117	A0A494B9V8	Nr2c2	A0A494B9V8	True	False	False	False	False	False	C
P49117	G3XA57	Nr2c2	Rab11fip2	True	False	False	False	False	False	C
P49117	A0A0R4J195	Nr2c2	A0A0R4J195	True	False	False	False	False	False	C
P49117	Q9CQR2	Nr2c2	Rps21	True	False	False	False	False	False	C
P49117	P97351	Nr2c2	Rps3a	True	False	False	False	False	False	C
P49117	E9QMX4	Nr2c2	E9QMX4	True	False	False	False	False	False	C
P49117	E9Q317	Nr2c2	E9Q317	True	False	False	False	False	False	C
P49117	Q8K136	Nr2c2	Scnm1	True	False	False	False	False	False	C
P49117	Q80TA1	Nr2c2	Selenoi	True	False	False	False	False	False	C
P49117	G3X9M2	Nr2c2	G3X9M2	True	False	False	False	False	False	C
P49117	Q99JR8	Nr2c2	Smarcd2	True	False	False	False	False	False	C
P49117	Q6P4T2	Nr2c2	Snrnp200	True	False	False	False	False	False	B
P49117	P62307	Nr2c2	Snrpf	True	False	False	False	False	False	C
P49117	Q3TD49	Nr2c2	Sppl2b	True	False	False	False	False	False	C
P49117	A0A087WQ44	Nr2c2	A0A087WQ44	True	False	False	False	False	False	C
P49117	B9EJX5	Nr2c2	B9EJX5	True	False	False	False	False	False	B
P49117	Q8R5A6	Nr2c2	Tbc1d22a	True	False	False	False	False	False	C
P49117	Q8K003	Nr2c2	Tma7	True	False	False	False	False	False	C
P49117	Q921L3	Nr2c2	Tmco1	True	False	False	False	False	False	C
P49117	Q3TBN1	Nr2c2	Tmem248	True	False	False	False	False	False	C
P49117	Q3UHK8	Nr2c2	Tnrc6a	True	False	False	False	False	False	C
P49117	Q9QYA2	Nr2c2	Tomm40	True	False	False	False	False	False	C
P49117	Q3UA06	Nr2c2	Trip13	True	False	False	False	False	False	C
P49117	Q91V83	Nr2c2	Tti1	True	False	False	False	False	False	C
P49117	Q8CDN6	Nr2c2	Txnl1	True	False	False	False	False	False	C
P49117	A0A087WQE4	Nr2c2	A0A087WQE4	True	False	False	False	False	False	C
P49117	B1ART2	Nr2c2	B1ART2	True	False	False	False	False	False	C
P49117	A0A3B2W4D2	Nr2c2	A0A3B2W4D2	True	False	False	False	False	False	C
P49117	Q8C689	Nr2c2	Q8C689	True	False	False	False	False	False	C
P49117	Q6PD29	Nr2c2	Znf513	True	False	False	False	False	False	C
Q64104	G3X8Q7	Nr2e1	G3X8Q7	True	False	True	True	False	True	A
Q64104	S4R168	Nr2e1	S4R168	True	False	True	True	False	True	A
Q32NY6	A2AJ26	Q32NY6	A2AJ26	True	False	False	False	False	False	C
Q32NY6	E9PY16	Q32NY6	E9PY16	True	False	False	False	False	False	C
Q32NY6	Q8K209	Q32NY6	Adgrg1	True	False	False	False	False	False	C
Q32NY6	Q9D517	Q32NY6	Agpat3	True	False	False	False	False	False	C
Q32NY6	Q6PAL7	Q32NY6	Ahdc1	True	False	False	False	False	False	C
Q32NY6	P98197	Q32NY6	Atp11a	True	False	False	False	False	False	C
Q32NY6	Q0VF55	Q32NY6	Q0VF55	True	False	False	False	False	False	C
Q32NY6	Q69Z98	Q32NY6	Brsk2	True	False	False	False	False	False	C
Q32NY6	Q5QNQ9	Q32NY6	Col27a1	True	False	False	False	False	False	C
Q32NY6	O88207	Q32NY6	Col5a1	True	False	False	False	False	False	C
Q32NY6	Q0VE82	Q32NY6	Cpne7	True	False	False	False	False	False	C
Q32NY6	Q80YA8	Q32NY6	Crb2	True	False	False	False	False	False	C
Q32NY6	P56546	Q32NY6	Ctbp2	True	False	False	False	False	False	C
Q32NY6	E9Q1U6	Q32NY6	E9Q1U6	True	False	False	False	False	False	C
Q32NY6	Q5DW34	Q32NY6	Ehmt1	True	False	False	False	False	False	C
Q32NY6	Q08879	Q32NY6	Fbln1	True	False	False	False	False	False	C
Q32NY6	E9QKY4	Q32NY6	E9QKY4	True	False	False	False	False	False	C
Q32NY6	P35917	Q32NY6	Flt4	True	False	False	False	False	False	C
Q32NY6	Q61553	Q32NY6	Fscn1	True	False	False	False	False	False	C
Q32NY6	Q640M6	Q32NY6	Gdpd5	True	False	False	False	False	False	C
Q32NY6	Q8CB44	Q32NY6	Gramd4	True	False	False	False	False	False	C
Q32NY6	Q8C2B3	Q32NY6	Hdac7	True	False	False	False	False	False	C
Q32NY6	E9PUA3	Q32NY6	E9PUA3	True	False	False	False	False	False	C
Q32NY6	P62482	Q32NY6	Kcnab2	True	False	False	False	False	False	C
Q32NY6	F8VQE2	Q32NY6	F8VQE2	True	False	False	False	False	False	C
Q32NY6	Q9D1T0	Q32NY6	Lingo1	True	False	False	False	False	False	C
Q32NY6	A0A0R4J0I9	Q32NY6	A0A0R4J0I9	True	False	False	False	False	False	C
Q32NY6	Q9WTX8	Q32NY6	Mad1l1	True	False	False	False	False	False	C
Q32NY6	A0A1Y7VP67	Q32NY6	A0A1Y7VP67	True	False	False	False	False	False	C
Q32NY6	Q9JMH9	Q32NY6	Myo18a	True	False	False	False	False	False	C
Q32NY6	Q9ES70	Q32NY6	Nek6	True	False	False	False	False	False	C
Q32NY6	E9Q7X7	Q32NY6	Nrxn2	True	False	False	False	False	False	C
Q32NY6	E9PUN2	Q32NY6	Nrxn2	True	False	False	False	False	False	C
Q32NY6	Q9ER64	Q32NY6	Osbpl5	True	False	False	False	False	False	C
Q32NY6	Q8BTW9	Q32NY6	Pak4	True	False	False	False	False	False	C
Q32NY6	Q9Z0P4	Q32NY6	Palm	True	False	False	False	False	False	C
Q32NY6	Q8K183	Q32NY6	Pdxk	True	False	False	False	False	False	C
Q32NY6	Q11136	Q32NY6	Pepd	True	False	False	False	False	False	C
Q32NY6	Q8BYK5	Q32NY6	Phactr3	True	False	False	False	False	False	C
Q32NY6	P70207	Q32NY6	Plxna2	True	False	False	False	False	False	C
Q32NY6	Q3UH93	Q32NY6	Plxnd1	True	False	False	False	False	False	C
Q32NY6	P12849	Q32NY6	Prkar1b	True	False	False	False	False	False	C
Q32NY6	Q80WQ6	Q32NY6	Rhbdf2	True	False	False	False	False	False	C
Q32NY6	A1L3T7	Q32NY6	Ripor3	True	False	False	False	False	False	C
Q32NY6	Q9Z138	Q32NY6	Ror2	True	False	False	False	False	False	C
Q32NY6	Q6V4S5	Q32NY6	Sdk2	True	False	False	False	False	False	C
Q32NY6	Q8CFG0	Q32NY6	Sulf2	True	False	False	False	False	False	C
Q32NY6	O35400	Q32NY6	Sult2b1	True	False	False	False	False	False	C
Q32NY6	D3YWM9	Q32NY6	D3YWM9	True	False	False	False	False	False	C
Q32NY6	E9Q8T1	Q32NY6	E9Q8T1	True	False	False	False	False	False	C
Q32NY6	Q8R4U6	Q32NY6	Top1mt	True	False	False	False	False	False	C
Q32NY6	Q9EQJ0	Q32NY6	Tpcn1	True	False	False	False	False	False	C
Q32NY6	Q8VDI7	Q32NY6	Ubac1	True	False	False	False	False	False	C
Q32NY6	Q6ZPK7	Q32NY6	Zfyve28	True	False	False	False	False	False	C
Q32NY6	A0A571BDK1	Q32NY6	A0A571BDK1	True	False	False	False	False	False	C
P43135	P68134	Nr2f2	Acta1	True	False	False	False	False	False	A
P43135	P07724	Nr2f2	Alb	True	False	False	False	False	False	C
P43135	O08739	Nr2f2	Ampd3	True	False	False	False	False	False	C
P43135	P97429	Nr2f2	Anxa4	True	False	False	False	False	False	C
P43135	Q05020	Nr2f2	Apoc2	True	False	False	False	False	False	A
P43135	Q9QWY8	Nr2f2	Asap1	True	False	False	False	False	False	C
P43135	G5E829	Nr2f2	Atp2b1	True	False	False	False	False	False	C
P43135	E9Q6D8	Nr2f2	C6	True	False	False	False	False	False	C
P43135	Q9WTK2	Nr2f2	Cdyl	True	False	False	False	False	False	C
P43135	Q8BYH8	Nr2f2	Chd9	True	False	False	False	False	False	C
P43135	O88207	Nr2f2	Col5a1	True	False	False	False	False	False	C
P43135	B2RX70	Nr2f2	B2RX70	True	False	False	False	False	False	C
P43135	Q8BPM0	Nr2f2	Daam1	True	False	False	False	False	False	C
P43135	E9QKB1	Nr2f2	E9QKB1	True	False	False	False	False	False	C
P43135	Q80TZ3	Nr2f2	Dnajc6	True	False	False	False	False	False	C
P43135	P16294	Nr2f2	F9	True	False	False	False	False	False	A
P43135	Q08879	Nr2f2	Fbln1	True	False	False	False	False	False	C
P43135	H3BJ24	Nr2f2	H3BJ24	True	False	False	False	False	False	C
P43135	P39688	Nr2f2	Fyn	True	False	False	False	False	False	C
P43135	P27600	Nr2f2	Gna12	True	False	False	False	False	False	C
P43135	P13020	Nr2f2	Gsn	True	False	False	False	False	False	C
P43135	Q8C2B3	Nr2f2	Hdac7	True	False	False	False	False	False	C
P43135	D3YXG0	Nr2f2	Hmcn1	True	False	False	False	False	False	C
P43135	E9PZ16	Nr2f2	E9PZ16	True	False	False	False	False	False	C
P43135	A0A338P795	Nr2f2	A0A338P795	True	False	False	False	False	False	C
P43135	A0A087WQN5	Nr2f2	A0A087WQN5	True	False	False	False	False	False	C
P43135	P11679	Nr2f2	Krt8	True	False	False	False	False	False	C
P43135	A2ARI4	Nr2f2	Lgr4	True	False	False	False	False	False	C
P43135	Q8BFW7	Nr2f2	Lpp	True	False	False	False	False	False	C
P43135	A0A3Q4EGK3	Nr2f2	A0A3Q4EGK3	True	False	False	False	False	False	C
P43135	Q8K4G1	Nr2f2	Ltbp4	True	False	False	False	False	False	B
P43135	Q02566	Nr2f2	Myh6	True	False	False	False	False	False	A
P43135	Q8VDD5	Nr2f2	Myh9	True	False	False	False	False	False	C
P43135	Q6PDN3	Nr2f2	Mylk	True	False	False	False	False	False	C
P43135	P12979	Nr2f2	Myog	True	False	False	False	False	False	A
P43135	A0A0R4J212	Nr2f2	A0A0R4J212	True	False	False	False	False	False	C
P43135	Q02780	Nr2f2	Nfia	True	False	False	False	False	False	C
P43135	S4R1M9	Nr2f2	Osbpl10	True	False	False	False	False	False	C
P43135	Q9WVE8	Nr2f2	Pacsin2	True	False	False	False	False	False	C
P43135	Q9CSB4	Nr2f2	Pard3b	True	False	False	False	False	False	C
P43135	P41778	Nr2f2	Pbx1	True	False	False	False	False	False	C
P43135	P05622	Nr2f2	Pdgfrb	True	False	False	False	False	False	C
P43135	P22005	Nr2f2	Penk	True	False	False	False	False	False	A
P43135	O70172	Nr2f2	Pip4k2a	True	False	False	False	False	False	C
P43135	Q9Z1B3	Nr2f2	Plcb1	True	False	False	False	False	False	C
P43135	P70207	Nr2f2	Plxna2	True	False	False	False	False	False	C
P43135	Q80Y24	Nr2f2	Prickle2	True	False	False	False	False	False	C
P43135	O35074	Nr2f2	Ptgis	True	False	False	False	False	False	C
P43135	P34152	Nr2f2	Ptk2	True	False	False	False	False	False	C
P43135	Q91WT8	Nr2f2	Rbm47	True	False	False	False	False	False	C
P43135	Q9WVB0	Nr2f2	Rbpms	True	False	False	False	False	False	C
P43135	Q6A0D4	Nr2f2	Rftn1	True	False	False	False	False	False	B
P43135	Q9Z131	Nr2f2	Sh3bp5	True	False	False	False	False	False	C
P43135	D3YWM9	Nr2f2	D3YWM9	True	False	False	False	False	False	C
P43135	Q60949	Nr2f2	Tbc1d1	True	False	False	False	False	False	C
P43135	D3YWM7	Nr2f2	D3YWM7	True	False	False	False	False	False	C
P43135	A0A0J9YTU7	Nr2f2	A0A0J9YTU7	True	False	False	False	False	False	C
P43135	Q921I1	Nr2f2	Tf	True	False	False	False	False	False	A
P43135	Q9EQJ0	Nr2f2	Tpcn1	True	False	False	False	False	False	C
P43135	A0A1W2P8G5	Nr2f2	A0A1W2P8G5	True	False	False	False	False	False	C
P43135	A0A087WQ36	Nr2f2	A0A087WQ36	True	False	False	False	False	False	C
P43135	Q8CCH7	Nr2f2	Zfpm2	True	False	False	False	False	False	C
P43136	B1AVP1	Nr2f6	B1AVP1	True	False	False	False	False	False	C
P43136	Q9D517	Nr2f6	Agpat3	True	False	False	False	False	False	B
P43136	Q3U5C8	Nr2f6	Arhgef16	True	False	False	False	False	False	C
P43136	Q8BM75	Nr2f6	Arid5b	True	False	False	False	False	False	C
P43136	Q8VBT9	Nr2f6	Aspscr1	True	False	False	False	False	False	C
P43136	F8WHB1	Nr2f6	F8WHB1	True	False	False	False	False	False	C
P43136	Q8R344	Nr2f6	Ccdc12	True	False	False	False	False	False	C
P43136	Q8BGT5	Nr2f6	Gpt2	True	False	False	False	False	False	C
P43136	Q8CB44	Nr2f6	Gramd4	True	False	False	False	False	False	C
P43136	Q3UHF7	Nr2f6	Hivep2	True	False	False	False	False	False	C
P43136	Q91UZ5	Nr2f6	Impa2	True	False	False	False	False	False	C
P43136	A0A1B0GQZ9	Nr2f6	A0A1B0GQZ9	True	False	False	False	False	False	C
P43136	Q9R008	Nr2f6	Mvk	True	False	False	False	False	False	C
P43136	Q9JMH9	Nr2f6	Myo18a	True	False	False	False	False	False	C
P43136	S4R1M9	Nr2f6	Osbpl10	True	False	False	False	False	False	C
P43136	B1AVP0	Nr2f6	B1AVP0	True	False	False	False	False	False	C
P43136	Q9Z1B3	Nr2f6	Plcb1	True	False	False	False	False	False	C
P43136	Q8K2J0	Nr2f6	Plcd3	True	False	False	False	False	False	C
P43136	A2A8L5	Nr2f6	Ptprf	True	False	False	False	False	False	C
P43136	Q8BQP8	Nr2f6	Rab11fip4	True	False	False	False	False	False	B
P43136	Q921E2	Nr2f6	Rab31	True	False	False	False	False	False	C
P43136	P31266	Nr2f6	Rbpj	True	False	False	False	False	False	C
P28700	P43136	Rxra	Nr2f6	True	False	False	False	False	False	C
P43136	P28700	Nr2f6	Rxra	True	False	False	False	False	False	C
P43136	Q925N0	Nr2f6	Sfxn5	True	False	False	False	False	False	C
P43136	Z4YKJ7	Nr2f6	Z4YKJ7	True	False	False	False	False	False	C
P43136	Q58A65	Nr2f6	Spag9	True	False	False	False	False	False	C
P43136	Q80ZI1	Nr2f6	Trnp1	True	False	False	False	False	False	C
P43136	Q8BGB2	Nr2f6	Ttc7a	True	False	False	False	False	False	C
P43136	Q5SPW0	Nr2f6	Vps54	True	False	False	False	False	False	C
P06537	B2RXR6	Nr3c1	Ankrd44	True	False	False	False	False	False	C
P06537	Q6P9J9	Nr3c1	Ano6	True	False	False	False	False	False	C
P06537	Q8C0D4	Nr3c1	Arhgap12	True	False	False	False	False	False	C
P06537	E9PX52	Nr3c1	E9PX52	True	False	False	False	False	False	B
P06537	Q8BMQ3	Nr3c1	Bnc2	True	False	False	False	False	False	C
P06537	A0A494BBD0	Nr3c1	A0A494BBD0	True	False	False	False	False	False	C
P06537	A0A087WQ31	Nr3c1	A0A087WQ31	True	False	False	False	False	False	C
P06537	Q80U30	Nr3c1	Clec16a	True	False	False	False	False	False	C
P06537	Q8BH44	Nr3c1	Coro2b	True	False	False	False	False	False	C
P06537	Q9JLL0	Nr3c1	Crim1	True	False	False	False	False	False	C
P06537	O08796	Nr3c1	Eef2k	True	False	False	False	False	False	C
P06537	Q8BPU7	Nr3c1	Elmo1	True	False	False	False	False	False	C
P06537	A6H5Z3	Nr3c1	Exoc6b	True	False	False	False	False	False	C
P06537	P13020	Nr3c1	Gsn	True	False	False	False	False	False	C
P06537	Q8BW56	Nr3c1	Gtdc1	True	False	False	False	False	False	B
P06537	Q8K2A1	Nr3c1	Gulp1	True	False	False	False	False	False	C
P06537	Q6NZM9	Nr3c1	Hdac4	True	False	False	False	False	False	C
P06537	A0A1B0GSQ5	Nr3c1	A0A1B0GSQ5	True	False	False	False	False	False	C
P06537	Q7TNC9	Nr3c1	Inpp5a	True	False	False	False	False	False	C
P06537	Q9Z0R4	Nr3c1	Itsn1	True	False	False	False	False	False	C
P06537	Q80ZQ5	Nr3c1	Jazf1	True	False	False	False	False	False	C
P06537	A0A0A6YVV8	Nr3c1	A0A0A6YVV8	True	False	False	False	False	False	C
P06537	Q8C181	Nr3c1	Mbnl2	True	False	False	False	False	False	C
P06537	Q08874	Nr3c1	Mitf	True	False	False	False	False	False	C
P06537	P46935	Nr3c1	Nedd4	True	False	False	False	False	False	C
P06537	P97333	Nr3c1	Nrp1	True	False	False	False	False	False	C
P06537	Q9WVE8	Nr3c1	Pacsin2	True	False	False	False	False	False	C
P06537	Q9CSB4	Nr3c1	Pard3b	True	False	False	False	False	False	C
P06537	Q01063	Nr3c1	Pde4d	True	False	False	False	False	False	C
P06537	Q8K1N2	Nr3c1	Phldb2	True	False	False	False	False	False	C
P06537	Q9QXS1	Nr3c1	Plec	True	False	False	False	False	False	C
P06537	Q9ERS5	Nr3c1	Plekha2	True	False	False	False	False	False	C
P06537	Q3UYC0	Nr3c1	Ppm1h	True	False	False	False	False	False	C
P06537	P63328	Nr3c1	Ppp3ca	True	False	False	False	False	False	C
P06537	Q80Y24	Nr3c1	Prickle2	True	False	False	False	False	False	C
P06537	Q9QVP9	Nr3c1	Ptk2b	True	False	False	False	False	False	C
P06537	E9Q4S7	Nr3c1	E9Q4S7	True	False	False	False	False	False	C
P06537	G5E843	Nr3c1	G5E843	True	False	False	False	False	False	C
P06537	Q62181	Nr3c1	Sema3c	True	False	False	False	False	False	C
P06537	Q8C0T5	Nr3c1	Sipa1l1	True	False	False	False	False	False	C
P06537	Q8K2P7	Nr3c1	Slc38a1	True	False	False	False	False	False	C
P06537	A0A3Q4L326	Nr3c1	A0A3Q4L326	True	False	False	False	False	False	C
P06537	Q99K82	Nr3c1	Smox	True	False	False	False	False	False	C
P06537	P40645	Nr3c1	Sox6	True	False	False	False	False	False	C
P06537	Q91WJ7	Nr3c1	Spats2l	True	False	False	False	False	False	C
P06537	Q9CYZ8	Nr3c1	Ssbp2	True	False	False	False	False	False	C
P06537	Q64685	Nr3c1	St6gal1	True	False	False	False	False	False	C
P06537	F8VQ95	Nr3c1	F8VQ95	True	False	False	False	False	False	C
P06537	Q60949	Nr3c1	Tbc1d1	True	False	False	False	False	False	C
P06537	Q61286	Nr3c1	Tcf12	True	False	False	False	False	False	C
P06537	O08710	Nr3c1	Tg	True	False	False	False	False	False	C
P06537	Q62440	Nr3c1	Tle1	True	False	False	False	False	False	C
P06537	Q9CWU6	Nr3c1	Uqcc1	True	False	False	False	False	False	C
P06537	Q8BUB6	Nr3c1	Ust	True	False	False	False	False	False	C
P06537	D3Z1Y7	Nr3c1	D3Z1Y7	True	False	False	False	False	False	B
P06537	P23950	Nr3c1	Zfp36l1	True	False	False	False	False	False	C
P06537	A2A484	Nr3c1	A2A484	True	False	False	False	False	False	C
P12813	Q9QYB5	Nr4a1	Add3	True	False	False	False	False	False	C
P12813	E9Q394	Nr4a1	Akap13	True	False	False	False	False	False	C
P12813	Q8VC19	Nr4a1	Alas1	True	False	False	False	False	False	C
P12813	O08739	Nr4a1	Ampd3	True	False	False	False	False	False	C
P12813	P97384	Nr4a1	Anxa11	True	False	False	False	False	False	C
P12813	Q8CGN4	Nr4a1	Bcor	True	False	False	False	False	False	C
P12813	A0A1W2P731	Nr4a1	A0A1W2P731	True	False	False	False	False	False	C
P12813	D3YZP9	Nr4a1	Ccdc6	True	False	False	False	False	False	C
P12813	Q91WE6	Nr4a1	Cdkal1	True	False	False	False	False	False	C
P12813	Q8BYH8	Nr4a1	Chd9	True	False	False	False	False	False	C
P12813	Q8BH52	Nr4a1	Creb3l2	True	False	False	False	False	False	C
P12813	E9Q1U6	Nr4a1	E9Q1U6	True	False	False	False	False	False	C
P12813	Q8R3V6	Nr4a1	Cuedc1	True	False	False	False	False	False	C
P12813	Q1HL35	Nr4a1	Q1HL35	True	False	False	False	False	False	C
P12813	A6PWD2	Nr4a1	Fhad1	True	False	False	False	False	False	C
P12813	O89106	Nr4a1	Fhit	True	False	False	False	False	False	C
P12813	F6QB26	Nr4a1	F6QB26	True	False	False	False	False	False	C
P12813	Q9JIT0	Nr4a1	Lmbr1	True	False	False	False	False	False	C
P12813	P61793	Nr4a1	Lpar1	True	False	False	False	False	False	C
P12813	Q8BFW7	Nr4a1	Lpp	True	False	False	False	False	False	C
P12813	Q9ES46	Nr4a1	Parvb	True	False	False	False	False	False	C
P12813	Q80TZ9	Nr4a1	Rere	True	False	False	False	False	False	C
P12813	Q8R550	Nr4a1	Sh3kbp1	True	False	False	False	False	False	C
P12813	Q6P4S6	Nr4a1	Sik3	True	False	False	False	False	False	C
P12813	O35253	Nr4a1	Smad7	True	False	False	False	False	False	C
P12813	Q7TN29	Nr4a1	Smap2	True	False	False	False	False	False	C
P12813	Q7TNL3	Nr4a1	Stk40	True	False	False	False	False	False	C
P12813	D3YWM7	Nr4a1	D3YWM7	True	False	False	False	False	False	C
P12813	Q8BGW2	Nr4a1	Wbp1l	True	False	False	False	False	False	C
P12813	Q8K0L9	Nr4a1	Zbtb20	True	False	False	False	False	False	C
P12813	Q8C0Q2	Nr4a1	Zhx3	True	False	False	False	False	False	C
P12813	A2A484	Nr4a1	A2A484	True	False	False	False	False	False	C
A0A0A6YWQ4	A0A0R4J0B6	A0A0A6YWQ4	A0A0R4J0B6	True	False	False	False	False	False	C
A0A0A6YWQ4	Q8CJ69	A0A0A6YWQ4	Bmper	True	False	False	False	False	False	C
A0A0A6YWQ4	Q6IR41	A0A0A6YWQ4	C1qtnf6	True	False	False	False	False	False	C
A0A0A6YWQ4	P39054	A0A0A6YWQ4	Dnm2	True	False	False	False	False	False	C
A0A0A6YWQ4	O88792	A0A0A6YWQ4	F11r	True	False	False	False	False	False	C
A0A0A6YWQ4	Q505K2	A0A0A6YWQ4	Fhip1a	True	False	False	False	False	False	C
A0A0A6YWQ4	O70497	A0A0A6YWQ4	Fcn2	True	False	False	False	False	False	C
A0A0A6YWQ4	E9QKY4	A0A0A6YWQ4	E9QKY4	True	False	False	False	False	False	C
A0A0A6YWQ4	Q03717	A0A0A6YWQ4	Kcnb1	True	False	False	False	False	False	C
A0A0A6YWQ4	P05784	A0A0A6YWQ4	Krt18	True	False	False	False	False	False	C
A0A0A6YWQ4	Q9WUL6	A0A0A6YWQ4	Map3k14	True	False	False	False	False	False	C
A0A0A6YWQ4	F8VQB6	A0A0A6YWQ4	Myo10	True	False	False	False	False	False	C
A0A0A6YWQ4	D3YV80	A0A0A6YWQ4	D3YV80	True	False	False	False	False	False	C
A0A0A6YWQ4	E9Q1F5	A0A0A6YWQ4	E9Q1F5	True	False	False	False	False	False	C
A0A0A6YWQ4	Q68FH0	A0A0A6YWQ4	Pkp4	True	False	False	False	False	False	C
A0A0A6YWQ4	Q3TB82	A0A0A6YWQ4	Plekhf1	True	False	False	False	False	False	C
A0A0A6YWQ4	Q9QZ67	A0A0A6YWQ4	Ppm1d	True	False	False	False	False	False	C
A0A0A6YWQ4	P23298	A0A0A6YWQ4	Prkch	True	False	False	False	False	False	C
A0A0A6YWQ4	P11416	A0A0A6YWQ4	Rara	True	False	False	False	False	False	C
A0A0A6YWQ4	Q9WU38	A0A0A6YWQ4	Scnn1b	True	False	False	False	False	False	C
A0A0A6YWQ4	A0A140LHC0	A0A0A6YWQ4	A0A140LHC0	True	False	False	False	False	False	C
A0A0A6YWQ4	Q69ZT9	A0A0A6YWQ4	Tbc1d30	True	False	False	False	False	False	C
A0A0A6YWQ4	P48281	A0A0A6YWQ4	Vdr	True	False	False	False	False	False	C
A0A0A6YWQ4	Q6P1B1	A0A0A6YWQ4	Xpnpep1	True	False	False	False	False	False	C
A0A0A6YWQ4	A2A484	A0A0A6YWQ4	A2A484	True	False	False	False	False	False	C
Q9WU00	Q9JIX8	Nrf1	Acin1	True	False	False	False	False	False	C
Q9WU00	Q8BNU0	Nrf1	Armc6	True	False	False	False	False	False	C
Q9WU00	Q7TPQ9	Nrf1	Arrdc3	True	False	False	False	False	False	C
Q9WU00	Q9R1S0	Nrf1	B9d1	True	False	False	False	False	False	C
Q9WU00	G3X8S2	Nrf1	G3X8S2	True	False	False	False	False	False	C
Q9WU00	Q61686	Nrf1	Cbx5	True	False	False	False	False	False	C
Q9WU00	A0A087WQ31	Nrf1	A0A087WQ31	True	False	False	False	False	False	C
Q9WU00	Q68ED7	Nrf1	Crtc1	True	False	False	False	False	False	B
Q9WU00	Q8QZV0	Nrf1	Dedd2	True	False	False	False	False	False	C
Q9WU00	Q6P5E8	Nrf1	Dgkq	True	False	False	False	False	False	C
Q9WU00	Q8C9B9	Nrf1	Dido1	True	False	False	False	False	False	C
Q9WU00	Q5DW34	Nrf1	Ehmt1	True	False	False	False	False	False	C
Q9WU00	Q9EST3	Nrf1	Eif4enif1	True	False	False	False	False	False	C
Q9WU00	Q920L1	Nrf1	Fads1	True	False	False	False	False	False	C
Q9WU00	Q9Z0R9	Nrf1	Fads2	True	False	False	False	False	False	C
Q9WU00	Q6P539	Nrf1	Fam222b	True	False	False	False	False	False	C
Q9WU00	Q91W61	Nrf1	Fbxl15	True	False	False	False	False	False	C
Q9WU00	Q8K0D7	Nrf1	Get1	True	False	False	False	False	False	C
Q9WU00	Q8VEB1	Nrf1	Grk5	True	False	False	False	False	False	C
Q9WU00	Q9ESZ8	Nrf1	Gtf2i	True	False	False	False	False	False	C
Q9WU00	Q61666	Nrf1	Hira	True	False	False	False	False	False	C
Q9WU00	Q9QXV3	Nrf1	Ing1	True	False	False	False	False	False	C
Q9WU00	Q60677	Nrf1	Itgae	True	False	False	False	False	False	C
Q9WU00	Q4VBE7	Nrf1	Q4VBE7	True	False	False	False	False	False	C
Q9WU00	F6YRW4	Nrf1	F6YRW4	True	False	False	False	False	False	B
Q9WU00	H3BKP8	Nrf1	H3BKP8	True	False	False	False	False	False	C
Q9WU00	Q8BTF7	Nrf1	Lig4	True	False	False	False	False	False	C
Q9WU00	Q7TNC4	Nrf1	Luc7l2	True	False	False	False	False	False	C
Q9WU00	O54790	Nrf1	Mafg	True	False	False	False	False	False	C
Q9WU00	Q8K3A9	Nrf1	Mepce	True	False	False	False	False	False	C
Q9WU00	Q80SY4	Nrf1	Mib1	True	False	False	False	False	False	C
Q9WU00	Q8R516	Nrf1	Mib2	True	False	False	False	False	False	C
Q9WU00	Q99N91	Nrf1	Mrpl34	True	False	False	False	False	False	C
Q9WU00	Q99N90	Nrf1	Mrpl36	True	False	False	False	False	False	C
Q9WU00	Q3U2S4	Nrf1	Otud5	True	False	False	False	False	False	B
Q9WU00	A0A1Y7VLZ7	Nrf1	A0A1Y7VLZ7	True	False	False	False	False	False	C
Q9WU00	Q9DCL9	Nrf1	Paics	True	False	False	False	False	False	C
Q9WU00	P59114	Nrf1	Pcif1	True	False	False	False	False	False	C
Q9WU00	O35973	Nrf1	Per1	True	False	False	False	False	False	C
Q9WU00	Q3TZU5	Nrf1	Q3TZU5	True	False	False	False	False	False	C
Q9WU00	Q9ESG9	Nrf1	Pkmyt1	True	False	False	False	False	False	C
Q9WU00	Q8CFI7	Nrf1	Polr2b	True	False	False	False	False	False	C
Q9WU00	Q8CIH9	Nrf1	Ppat	True	False	False	False	False	False	C
Q9WU00	Q5DTT2	Nrf1	Psd	True	False	False	False	False	False	C
Q9WU00	Q8R143	Nrf1	Pttg1ip	True	False	False	False	False	False	C
Q9WU00	A0A0C3SFZ4	Nrf1	A0A0C3SFZ4	True	False	False	False	False	False	C
Q9WU00	Q9D3W1	Nrf1	Rsph14	True	False	False	False	False	False	C
Q9WU00	Q3UC65	Nrf1	Rsrp1	True	False	False	False	False	False	C
Q9WU00	Q80U62	Nrf1	Rubcn	True	False	False	False	False	False	C
Q9WU00	Q9Z1W5	Nrf1	Serp1	True	False	False	False	False	False	C
Q9WU00	Q64213	Nrf1	Sf1	True	False	False	False	False	False	C
Q9WU00	Q60520	Nrf1	Sin3a	True	False	False	False	False	False	C
Q9WU00	P70178	Nrf1	Six5	True	False	False	False	False	False	C
Q9WU00	Q62245	Nrf1	Sos1	True	False	False	False	False	False	C
Q9WU00	Q8CH09	Nrf1	Sugp2	True	False	False	False	False	False	C
Q9WU00	Q9D1E6	Nrf1	Tbcb	True	False	False	False	False	False	C
Q9WU00	G3X983	Nrf1	G3X983	True	False	False	False	False	False	C
Q9WU00	Q9JLC6	Nrf1	Tef	True	False	False	False	False	False	C
Q9WU00	Q3TB48	Nrf1	Tmem104	True	False	False	False	False	False	C
Q9WU00	Q9JM55	Nrf1	Tob2	True	False	False	False	False	False	C
Q9WU00	P26369	Nrf1	U2af2	True	False	False	False	False	False	C
Q9WU00	A0A0R4J073	Nrf1	A0A0R4J073	True	False	False	False	False	False	C
Q9WU00	Q9JJA4	Nrf1	Wdr12	True	False	False	False	False	False	C
Q9WU00	Q60821	Nrf1	Zbtb17	True	False	False	False	False	False	C
Q9WU00	Q5F293	Nrf1	Zbtb4	True	False	False	False	False	False	C
Q9WU00	Q6IR42	Nrf1	Zcwpw1	True	False	False	False	False	False	C
Q9WU00	Q8CF60	Nrf1	Znf263	True	False	False	False	False	False	C
O08755	Q14DH7	Onecut1	Acss3	True	False	False	False	False	False	C
O08755	Q9WUR9	Onecut1	Ak4	True	False	False	False	False	False	C
O08755	O55074	Onecut1	Akap7	True	False	False	False	False	False	C
O08755	Q7TN79	Onecut1	Akap7	True	False	False	False	False	False	C
O08755	P24549	Onecut1	Aldh1a1	True	False	False	False	False	False	C
O08755	E0CXD0	Onecut1	E0CXD0	True	False	False	False	False	False	C
O08755	Q8BM75	Onecut1	Arid5b	True	False	False	False	False	False	C
O08755	Q9DCB4	Onecut1	Arpp21	True	False	False	False	False	False	C
O08755	Q8VBW5	Onecut1	Bbx	True	False	False	False	False	False	C
O08755	Q8BMQ3	Onecut1	Bnc2	True	False	False	False	False	False	C
O08755	O08532	Onecut1	Cacna2d1	True	False	False	False	False	False	C
O08755	Q8R5M8	Onecut1	Cadm1	True	False	False	False	False	False	C
O08755	Q76EC5	Onecut1	Chst9	True	False	False	False	False	False	C
O08755	B2RX70	Onecut1	B2RX70	True	False	False	False	False	False	C
O08755	Q80T79	Onecut1	Csmd3	True	False	False	False	False	False	C
O08755	Q9Z207	Onecut1	Diaph3	True	False	False	False	False	False	C
O08755	A0A571BGC3	Onecut1	A0A571BGC3	True	False	False	False	False	False	C
O08755	Q61214	Onecut1	Dyrk1a	True	False	False	False	False	False	C
O08755	P60229	Onecut1	Eif3e	True	False	False	False	False	False	C
O08755	P19785	Onecut1	Esr1	True	False	False	False	False	False	C
O08755	O35382	Onecut1	Exoc4	True	False	False	False	False	False	C
O08755	Q925T6	Onecut1	Grip1	True	False	False	False	False	False	C
O08755	D3YXG0	Onecut1	Hmcn1	True	False	False	False	False	False	C
O08755	E9QPS1	Onecut1	E9QPS1	True	False	False	False	False	False	C
O08755	P81183	Onecut1	Ikzf2	True	False	False	False	False	False	C
O08755	Q3UQ44	Onecut1	Iqgap2	True	False	False	False	False	False	C
O08755	Q9Z0R4	Onecut1	Itsn1	True	False	False	False	False	False	C
O08755	A2AAE1	Onecut1	Bltp1	True	False	False	False	False	False	C
O08755	B1AY49	Onecut1	B1AY49	True	False	False	False	False	False	C
O08755	Q5FW52	Onecut1	Mlip	True	False	False	False	False	False	C
O08755	Q6PDN3	Onecut1	Mylk	True	False	False	False	False	False	C
O08755	P0DI97	Onecut1	Nrxn1	True	False	False	False	False	False	C
O08755	Q9CS84	Onecut1	Nrxn1	True	False	False	False	False	False	C
O08755	P63056	Onecut1	Olfm3	True	False	False	False	False	False	C
O08755	Q8VBU5	Onecut1	Q8VBU5	True	False	False	False	False	False	C
O08755	E9Q6H8	Onecut1	E9Q6H8	True	False	False	False	False	False	C
O08755	Q9EQZ6	Onecut1	Rapgef4	True	False	False	False	False	False	C
O08755	Q5NCJ5	Onecut1	Q5NCJ5	True	False	False	False	False	False	C
O08755	G5E843	Onecut1	G5E843	True	False	False	False	False	False	C
O08755	Q60I23	Onecut1	Q60I23	True	False	False	False	False	False	C
O08755	B2KFM7	Onecut1	B2KFM7	True	False	False	False	False	False	C
O08755	Q8BGX7	Onecut1	Spidr	True	False	False	False	False	False	C
O08755	Q6ZWQ0	Onecut1	Syne2	True	False	False	False	False	False	C
O08755	Q3UHK6	Onecut1	Tenm4	True	False	False	False	False	False	C
O08755	Q9D9D5	Onecut1	Tmco5a	True	False	False	False	False	False	C
O08755	Q5U430	Onecut1	Ubr3	True	False	False	False	False	False	C
O08755	Q8K0T7	Onecut1	Unc13c	True	False	False	False	False	False	C
O08755	Q6NXJ0	Onecut1	Wwc2	True	False	False	False	False	False	C
D3Z4G2	Q4VC17	D3Z4G2	Adamts18	True	False	False	False	False	False	C
D3Z4G2	Q811M1	D3Z4G2	Arhgap15	True	False	False	False	False	False	C
D3Z4G2	A0A0N4SV71	D3Z4G2	A0A0N4SV71	True	False	False	False	False	False	C
D3Z4G2	Q8K382	D3Z4G2	Dennd1a	True	False	False	False	False	False	C
D3Z4G2	Q9Z207	D3Z4G2	Diaph3	True	False	False	False	False	False	C
D3Z4G2	Q9R1E6	D3Z4G2	Enpp2	True	False	False	False	False	False	C
D3Z4G2	Q0VAV2	D3Z4G2	Exph5	True	False	False	False	False	False	C
D3Z4G2	F8VQ05	D3Z4G2	F8VQ05	True	False	False	False	False	False	C
D3Z4G2	Q3V3R4	D3Z4G2	Itga1	True	False	False	False	False	False	C
D3Z4G2	Q8C181	D3Z4G2	Mbnl2	True	False	False	False	False	False	C
D3Z4G2	A0A0G2JEM8	D3Z4G2	A0A0G2JEM8	True	False	False	False	False	False	C
D3Z4G2	E9Q634	D3Z4G2	Myo1e	True	False	False	False	False	False	C
D3Z4G2	Q9EPN1	D3Z4G2	Nbea	True	False	False	False	False	False	C
D3Z4G2	Q61481	D3Z4G2	Pde1a	True	False	False	False	False	False	C
D3Z4G2	Q80XQ2	D3Z4G2	Tbc1d5	True	False	False	False	False	False	C
D3Z4G2	Q9D9D5	D3Z4G2	Tmco5a	True	False	False	False	False	False	C
D3Z4G2	Q9QUQ5	D3Z4G2	Trpc4	True	False	False	False	False	False	C
D3Z4G2	Q9JIL5	D3Z4G2	Tulp4	True	False	False	False	False	False	C
D3Z4G2	Q4U4S6	D3Z4G2	Xirp2	True	False	False	False	False	False	C
Q02650	A0A571BG95	Pax5	A0A571BG95	True	False	False	False	False	False	C
Q02650	Q80VW7	Pax5	Akna	True	False	False	False	False	False	C
Q02650	Q9DBR4	Pax5	Apbb2	True	False	False	False	False	False	C
Q02650	D3Z7R7	Pax5	D3Z7R7	True	False	False	False	False	False	C
Q02650	P35329	Pax5	Cd22	True	False	False	False	False	False	C
Q02650	O55237	Pax5	Cd70	True	False	False	False	False	False	C
Q02650	O89053	Pax5	Coro1a	True	False	False	False	False	False	C
Q02650	Q9ESS0	Pax5	Dusp10	True	False	False	False	False	False	C
Q02650	Q8K285	Pax5	Fcho1	True	False	False	False	False	False	C
Q02650	Q8BMP4	Pax5	Gper1	True	False	False	False	False	False	C
Q02650	Q8CB44	Pax5	Gramd4	True	False	False	False	False	False	C
Q02650	Q64287	Pax5	Irf4	True	False	False	False	False	False	C
Q02650	P23611	Pax5	Irf8	True	False	False	False	False	False	C
Q02650	Q9JJZ6	Pax5	Klf13	True	False	False	False	False	False	C
Q02650	G3X961	Pax5	G3X961	True	False	False	False	False	False	C
Q02650	Q8CGK3	Pax5	Lonp1	True	False	False	False	False	False	C
Q02650	Q9WTX8	Pax5	Mad1l1	True	False	False	False	False	False	C
Q02650	Q924H2	Pax5	Med15	True	False	False	False	False	False	C
Q02650	P27808	Pax5	Mgat1	True	False	False	False	False	False	C
Q02650	Q8CJ19	Pax5	Mical3	True	False	False	False	False	False	C
Q02650	E9PY55	Pax5	E9PY55	True	False	False	False	False	False	C
Q02650	P12813	Pax5	Nr4a1	True	False	False	False	False	False	C
Q02650	O35973	Pax5	Per1	True	False	False	False	False	False	C
Q02650	Q5SW28	Pax5	Pik3r5	True	False	False	False	False	False	C
Q02650	Q64693	Pax5	Pou2af1	True	False	False	False	False	False	C
Q02650	Q05144	Pax5	Rac2	True	False	False	False	False	False	C
Q02650	O35719	Pax5	Rad51b	True	False	False	False	False	False	C
Q02650	Q8CGE9	Pax5	Rgs12	True	False	False	False	False	False	C
Q02650	Q9D3G9	Pax5	Rhoh	True	False	False	False	False	False	C
Q02650	Q68FE6	Pax5	Ripor1	True	False	False	False	False	False	C
Q02650	Q3U1Q3	Pax5	Q3U1Q3	True	False	False	False	False	False	C
Q3U1Q3	Q02650	Q3U1Q3	Pax5	True	False	False	False	False	False	B
Q02650	A0A1L1SQG7	Pax5	A0A1L1SQG7	True	False	False	False	False	False	C
Q02650	Q8BUN5	Pax5	Smad3	True	False	False	False	False	False	C
Q02650	O35253	Pax5	Smad7	True	False	False	False	False	False	C
Q02650	Q3TKT4	Pax5	Smarca4	True	False	False	False	False	False	C
Q02650	A0A0G2JDT3	Pax5	A0A0G2JDT3	True	False	False	False	False	False	C
Q02650	D3YWM7	Pax5	D3YWM7	True	False	False	False	False	False	C
Q02650	A0A5K1VVQ7	Pax5	A0A5K1VVQ7	True	False	False	False	False	False	C
Q02650	P70701	Pax5	Wnt10a	True	False	False	False	False	False	C
Q02650	Q6P1E1	Pax5	Zmiz1	True	False	False	False	False	False	C
P63015	Q9QYB5	Pax6	Add3	True	False	False	False	False	False	C
P63015	Q8BZN6	Pax6	Dock10	True	False	False	False	False	False	C
P63015	Q6P5H6	Pax6	Frmd5	True	False	False	False	False	False	C
P63015	A0A1B0GSQ5	Pax6	A0A1B0GSQ5	True	False	False	False	False	False	C
P63015	A2A884	Pax6	Hivep3	True	False	False	False	False	False	C
P63015	P17095	Pax6	Hmga1	True	False	False	False	False	False	C
P63015	A0A338P795	Pax6	A0A338P795	True	False	False	False	False	False	C
P63015	Q8BFW7	Pax6	Lpp	True	False	False	False	False	False	C
P63015	O70583	Pax6	Mid1	True	False	False	False	False	False	C
P63015	E9QJU4	Pax6	E9QJU4	True	False	False	False	False	False	C
P63015	Q91ZP9	Pax6	Necab2	True	False	False	False	False	False	A
P63015	Q8CI51	Pax6	Pdlim5	True	False	False	False	False	False	C
P63015	Q9QYT7	Pax6	Pigq	True	False	False	False	False	False	C
P63015	B2RU80	Pax6	Ptprb	True	False	False	False	False	False	C
P63015	P22605	Pax6	Rarb	True	False	False	False	False	False	C
P63015	Q8CJ96	Pax6	Rassf8	True	False	False	False	False	False	C
P63015	P15409	Pax6	Rho	True	False	False	False	False	False	C
P63015	Q62181	Pax6	Sema3c	True	False	False	False	False	False	C
P63015	E9QMY5	Pax6	E9QMY5	True	False	False	False	False	False	C
P63015	Q8R570	Pax6	Snap47	True	False	False	False	False	False	C
P63015	B1ART2	Pax6	B1ART2	True	False	False	False	False	False	C
P63015	Q8K0L9	Pax6	Zbtb20	True	False	False	False	False	False	C
P63015	O88878	Pax6	Zfand5	True	False	False	False	False	False	C
P63015	Q56A10	Pax6	Znf608	True	False	False	False	False	False	C
O35984	E9Q4F7	Pbx2	Ankrd11	True	False	False	False	False	False	C
O35984	O54834	Pbx2	Arhgap6	True	False	False	False	False	False	C
O35984	Q8CGN4	Pbx2	Bcor	True	False	False	False	False	False	C
O35984	Q9WTK2	Pbx2	Cdyl	True	False	False	False	False	False	C
O35984	F8VPR5	Pbx2	F8VPR5	True	False	False	False	False	False	C
O35984	Q924W7	Pbx2	Dennd2b	True	False	False	False	False	False	C
O35984	Q811D0	Pbx2	Dlg1	True	False	False	False	False	False	C
O35984	P39054	Pbx2	Dnm2	True	False	False	False	False	False	C
O35984	Q61214	Pbx2	Dyrk1a	True	False	False	False	False	False	C
O35984	A0A0N4SV63	Pbx2	A0A0N4SV63	True	False	False	False	False	False	C
O35984	H3BJ24	Pbx2	H3BJ24	True	False	False	False	False	False	C
O35984	P39688	Pbx2	Fyn	True	False	False	False	False	False	C
O35984	Q6PB93	Pbx2	Galnt2	True	False	False	False	False	False	C
O35984	Q3V0G7	Pbx2	Garnl3	True	False	False	False	False	False	C
O35984	Q8BW56	Pbx2	Gtdc1	True	False	False	False	False	False	C
O35984	Q8VD75	Pbx2	Hip1	True	False	False	False	False	False	C
O35984	P09026	Pbx2	Hoxb3	True	False	False	False	False	False	C
O35984	Q62315	Pbx2	Jarid2	True	False	False	False	False	False	C
O35984	Q6P1G2	Pbx2	Kdm2b	True	False	False	False	False	False	C
O35984	Q8R0A7	Pbx2	Kiaa0513	True	False	False	False	False	False	C
O35984	Q8BKH7	Pbx2	Mapkap1	True	False	False	False	False	False	C
O35984	Q8C181	Pbx2	Mbnl2	True	False	False	False	False	False	C
O35984	Q08874	Pbx2	Mitf	True	False	False	False	False	False	C
O35984	Q920Q6	Pbx2	Msi2	True	False	False	False	False	False	C
O35984	V9GXT3	Pbx2	V9GXT3	True	False	False	False	False	False	C
O35984	E9Q411	Pbx2	E9Q411	True	False	False	False	False	False	C
O35984	A0A087WPX3	Pbx2	A0A087WPX3	True	False	False	False	False	False	C
O35984	Q9WVE8	Pbx2	Pacsin2	True	False	False	False	False	False	C
O35984	A0A1C7ZN08	Pbx2	A0A1C7ZN08	True	False	False	False	False	False	B
O35984	D3Z091	Pbx2	D3Z091	True	False	False	False	False	False	C
O35984	P26450	Pbx2	Pik3r1	True	False	False	False	False	False	C
O35984	Q8CIH5	Pbx2	Plcg2	True	False	False	False	False	False	C
O35984	P68404	Pbx2	Prkcb	True	False	False	False	False	False	C
O35984	P11416	Pbx2	Rara	True	False	False	False	False	False	C
O35984	A2ASZ8	Pbx2	Slc25a25	True	False	False	False	False	False	C
O35984	P40645	Pbx2	Sox6	True	False	False	False	False	False	C
O35984	F8VQ95	Pbx2	F8VQ95	True	False	False	False	False	False	C
O35984	Q6ZPF3	Pbx2	Tiam2	True	False	False	False	False	False	C
O35984	Q08122	Pbx2	Tle3	True	False	False	False	False	False	C
O35984	Q8CCH7	Pbx2	Zfpm2	True	False	False	False	False	False	C
P52946	B2RQE8	Pdx1	Arhgap42	True	False	False	False	False	False	C
P52946	P97433	Pdx1	Arhgef28	True	False	False	False	False	False	C
P52946	Q91X46	Pdx1	Arhgef3	True	False	False	False	False	False	C
P52946	P97303	Pdx1	Bach2	True	False	False	False	False	False	C
P52946	Q6PAJ1	Pdx1	Bcr	True	False	False	False	False	False	C
P52946	Q6EDY6	Pdx1	Carmil1	True	False	False	False	False	False	C
P52946	Q3V2R3	Pdx1	Q3V2R3	True	False	False	False	False	False	C
P52946	Q9D486	Pdx1	Cmip	True	False	False	False	False	False	C
P52946	Q8BPM0	Pdx1	Daam1	True	False	False	False	False	False	C
P52946	P11531	Pdx1	Dmd	True	False	False	False	False	False	C
P52946	O88485	Pdx1	Dync1i1	True	False	False	False	False	False	C
P52946	Q61214	Pdx1	Dyrk1a	True	False	False	False	False	False	C
P52946	Q3TGF2	Pdx1	Fam107b	True	False	False	False	False	False	C
P52946	F8VQ05	Pdx1	F8VQ05	True	False	False	False	False	False	C
P52946	Q8BGW1	Pdx1	Fto	True	False	False	False	False	False	C
P52946	P63080	Pdx1	Gabrb3	True	False	False	False	False	False	C
P52946	E0CX93	Pdx1	E0CX93	True	False	False	False	False	False	C
P52946	Q8BW56	Pdx1	Gtdc1	True	False	False	False	False	False	C
P52946	P49698	Pdx1	Hnf4a	True	False	False	False	False	False	C
P52946	Q9Z329	Pdx1	Itpr2	True	False	False	False	False	False	C
P52946	Q8BGA2	Pdx1	Lhfpl2	True	False	False	False	False	False	C
P52946	Q924W9	Pdx1	Lmo1	True	False	False	False	False	False	C
P52946	Q8C181	Pdx1	Mbnl2	True	False	False	False	False	False	C
P52946	Q3UHD3	Pdx1	Mtus2	True	False	False	False	False	False	C
P52946	P97500	Pdx1	Myt1l	True	False	False	False	False	False	C
P52946	V9GXT3	Pdx1	V9GXT3	True	False	False	False	False	False	C
P52946	E9Q411	Pdx1	E9Q411	True	False	False	False	False	False	C
P52946	A0A286YDV4	Pdx1	A0A286YDV4	True	False	False	False	False	False	C
P52946	Q5DU28	Pdx1	Pcnx2	True	False	False	False	False	False	C
P52946	D3Z2V2	Pdx1	D3Z2V2	True	False	False	False	False	False	C
P52946	P23298	Pdx1	Prkch	True	False	False	False	False	False	C
P52946	A0A0A0MQD7	Pdx1	A0A0A0MQD7	True	False	False	False	False	False	C
P52946	Q8K0T0	Pdx1	Rtn1	True	False	False	False	False	False	C
P52946	A0A087WR05	Pdx1	A0A087WR05	True	False	False	False	False	False	C
P52946	A0A3Q4L326	Pdx1	A0A3Q4L326	True	False	False	False	False	False	C
P52946	A0A5F8MPJ2	Pdx1	A0A5F8MPJ2	True	False	False	False	False	False	C
P52946	Q6ZWQ0	Pdx1	Syne2	True	False	False	False	False	False	C
P52946	A0A0J9YTU7	Pdx1	A0A0J9YTU7	True	False	False	False	False	False	C
P52946	Q3UHK6	Pdx1	Tenm4	True	False	False	False	False	False	C
P52946	Q80XC3	Pdx1	Usp6nl	True	False	False	False	False	False	C
P52946	Q3U4G3	Pdx1	Xxylt1	True	False	False	False	False	False	C
P52946	Q8BGZ8	Pdx1	Zpld1	True	False	False	False	False	False	C
Q00175	Q9QYB5	Pgr	Add3	True	False	False	False	False	False	B
Q00175	P51827	Pgr	Aff3	True	False	False	False	False	False	C
Q00175	A0A494BBD5	Pgr	A0A494BBD5	True	False	False	False	False	False	C
Q00175	E9Q9K8	Pgr	E9Q9K8	True	False	False	False	False	False	C
Q00175	Q62148	Pgr	Aldh1a2	True	False	False	False	False	False	C
Q00175	O08538	Pgr	Angpt1	True	False	False	False	False	False	C
Q00175	Q6P9J9	Pgr	Ano6	True	False	False	False	False	False	C
Q00175	B2RQE8	Pgr	Arhgap42	True	False	False	False	False	False	C
Q00175	A0A494BBD0	Pgr	A0A494BBD0	True	False	False	False	False	False	C
Q00175	E9QA15	Pgr	E9QA15	True	False	False	False	False	False	C
Q00175	Q9CWL2	Pgr	Casz1	True	False	False	False	False	False	C
Q00175	A3KFM7	Pgr	Chd6	True	False	False	False	False	False	C
Q00175	Q80U30	Pgr	Clec16a	True	False	False	False	False	False	C
Q00175	Q9WVJ3	Pgr	Cpq	True	False	False	False	False	False	C
Q00175	O88843	Pgr	Cradd	True	False	False	False	False	False	C
Q00175	Q8BH52	Pgr	Creb3l2	True	False	False	False	False	False	C
Q00175	Q9JLL0	Pgr	Crim1	True	False	False	False	False	False	C
Q00175	Q924W7	Pgr	Dennd2b	True	False	False	False	False	False	C
Q00175	B2RQ71	Pgr	B2RQ71	True	False	False	False	False	False	C
Q00175	A0A571BEZ4	Pgr	A0A571BEZ4	True	False	False	False	False	False	C
Q00175	E0CYH7	Pgr	E0CYH7	True	False	False	False	False	False	C
Q00175	H3BJ24	Pgr	H3BJ24	True	False	False	False	False	False	C
Q00175	Q6P9S7	Pgr	Galnt10	True	False	False	False	False	False	C
Q00175	Q61602	Pgr	Gli3	True	False	False	False	False	False	C
Q00175	Q3UHK3	Pgr	Greb1	True	False	False	False	False	False	C
Q00175	P11881	Pgr	Itpr1	True	False	False	False	False	False	C
Q00175	Q9Z0R4	Pgr	Itsn1	True	False	False	False	False	False	C
Q00175	Q80ZQ5	Pgr	Jazf1	True	False	False	False	False	False	C
Q00175	A0A087WQN5	Pgr	A0A087WQN5	True	False	False	False	False	False	C
Q00175	Q8BFW7	Pgr	Lpp	True	False	False	False	False	False	C
Q00175	A0A3Q4EGK3	Pgr	A0A3Q4EGK3	True	False	False	False	False	False	C
Q00175	Q7TPH6	Pgr	Mycbp2	True	False	False	False	False	False	C
Q00175	Q6PDN3	Pgr	Mylk	True	False	False	False	False	False	C
Q00175	A0A0N4SUJ3	Pgr	A0A0N4SUJ3	True	False	False	False	False	False	C
Q00175	A0A087WPX3	Pgr	A0A087WPX3	True	False	False	False	False	False	C
Q00175	Q02780	Pgr	Nfia	True	False	False	False	False	False	C
Q00175	A2API8	Pgr	A2API8	True	False	False	False	False	False	C
Q00175	P97467	Pgr	Pam	True	False	False	False	False	False	C
Q00175	P41778	Pgr	Pbx1	True	False	False	False	False	False	C
Q00175	Q69ZS0	Pgr	Pdzrn3	True	False	False	False	False	False	C
Q00175	Q9Z1B3	Pgr	Plcb1	True	False	False	False	False	False	C
Q00175	E9Q4S7	Pgr	E9Q4S7	True	False	False	False	False	False	C
Q00175	Q8BHA9	Pgr	Pxylp1	True	False	False	False	False	False	C
Q00175	Q61818	Pgr	Rai1	True	False	False	False	False	False	C
Q00175	Q9EQZ6	Pgr	Rapgef4	True	False	False	False	False	False	C
Q00175	Q8BWL5	Pgr	Rbms3	True	False	False	False	False	False	C
Q00175	Q9JJT0	Pgr	Rcl1	True	False	False	False	False	False	C
Q00175	Q8R367	Pgr	Rerg	True	False	False	False	False	False	C
Q00175	A0A087WR05	Pgr	A0A087WR05	True	False	False	False	False	False	C
Q00175	Q9Z131	Pgr	Sh3bp5	True	False	False	False	False	False	C
Q00175	Q8C0T5	Pgr	Sipa1l1	True	False	False	False	False	False	C
Q00175	Q8K2P7	Pgr	Slc38a1	True	False	False	False	False	False	C
Q00175	A0A0J9YTR8	Pgr	A0A0J9YTR8	True	False	False	False	False	False	C
Q00175	F8VQ95	Pgr	F8VQ95	True	False	False	False	False	False	C
Q00175	Q61143	Pgr	Trpc6	True	False	False	False	False	False	C
Q00175	Q8BUB6	Pgr	Ust	True	False	False	False	False	False	B
O70477	Q9WVL1	Pknox1	Ap4s1	True	False	False	False	False	False	C
O70477	O54834	Pknox1	Arhgap6	True	False	False	False	False	False	C
O70477	Q80Z10	Pknox1	Astn2	True	False	False	False	False	False	C
O70477	P39054	Pknox1	Dnm2	True	False	False	False	False	False	C
O70477	Q8BGI4	Pknox1	Fam13a	True	False	False	False	False	False	C
O70477	Q69ZL1	Pknox1	Fgd6	True	False	False	False	False	False	C
O70477	Q6PB93	Pknox1	Galnt2	True	False	False	False	False	False	C
O70477	A0A1D5RM07	Pknox1	A0A1D5RM07	True	False	False	False	False	False	C
O70477	Q6NZM9	Pknox1	Hdac4	True	False	False	False	False	False	C
O70477	Q8VD75	Pknox1	Hip1	True	False	False	False	False	False	C
O70477	Q62315	Pknox1	Jarid2	True	False	False	False	False	False	C
O70477	Q8R0A7	Pknox1	Kiaa0513	True	False	False	False	False	False	C
O70477	A0A0R4J005	Pknox1	A0A0R4J005	True	False	False	False	False	False	C
O70477	Q3UN90	Pknox1	Lyrm9	True	False	False	False	False	False	C
O70477	E9PWI3	Pknox1	E9PWI3	True	False	False	False	False	False	C
O70477	Q8CJ19	Pknox1	Mical3	True	False	False	False	False	False	C
O70477	P68404	Pknox1	Prkcb	True	False	False	False	False	False	C
O70477	E9QMX4	Pknox1	E9QMX4	True	False	False	False	False	False	C
O70477	Q9EPK6	Pknox1	Sil1	True	False	False	False	False	False	C
O70477	A2ASZ8	Pknox1	Slc25a25	True	False	False	False	False	False	C
O70477	Q924S7	Pknox1	Spred2	True	False	False	False	False	False	C
O70477	Q3UGX2	Pknox1	Q3UGX2	True	False	False	False	False	False	C
O70477	P62340	Pknox1	Tbpl1	True	False	False	False	False	False	C
O70477	A0A0J9YTU7	Pknox1	A0A0J9YTU7	True	False	False	False	False	False	C
O70477	Q9CY27	Pknox1	Tecr	True	False	False	False	False	False	C
O70477	A8C756	Pknox1	Thada	True	False	False	False	False	False	C
O70477	A0A7N9VR83	Pknox1	A0A7N9VR83	True	False	False	False	False	False	C
O70477	P17553	Pknox1	Wnt3	True	False	False	False	False	False	C
O70477	D4PHA7	Pknox1	Wscd2	True	False	False	False	False	False	C
A0A0R4J1Z4	P07724	A0A0R4J1Z4	Alb	True	False	False	False	False	False	C
A0A0R4J1Z4	A2A5R2	A0A0R4J1Z4	Arfgef2	True	False	False	False	False	False	C
A0A0R4J1Z4	Q80XK6	A0A0R4J1Z4	Atg2b	True	False	False	False	False	False	C
A0A0R4J1Z4	Q5RJH3	A0A0R4J1Z4	Cdh12	True	False	False	False	False	False	C
A0A0R4J1Z4	A0A2I3BQV6	A0A0R4J1Z4	A0A2I3BQV6	True	False	False	False	False	False	C
A0A0R4J1Z4	Q8VHE6	A0A0R4J1Z4	Dnah5	True	False	False	False	False	False	C
A0A0R4J1Z4	Q9R1E6	A0A0R4J1Z4	Enpp2	True	False	False	False	False	False	C
A0A0R4J1Z4	Q8K285	A0A0R4J1Z4	Fcho1	True	False	False	False	False	False	C
A0A0R4J1Z4	Q6PAR5	A0A0R4J1Z4	Gapvd1	True	False	False	False	False	False	C
A0A0R4J1Z4	Q64525	A0A0R4J1Z4	H2bc18	True	False	False	False	False	False	B
A0A0R4J1Z4	P10854	A0A0R4J1Z4	H2bc14	True	False	False	False	False	False	B
A0A0R4J1Z4	Q6ZWY9	A0A0R4J1Z4	H2bc4; H2bc6; H2bc8	True	False	False	False	False	False	B
A0A0R4J1Z4	P27889	A0A0R4J1Z4	Hnf1b	True	False	False	False	False	False	C
A0A0R4J1Z4	P25911	A0A0R4J1Z4	Lyn	True	False	False	False	False	False	C
A0A0R4J1Z4	P01108	A0A0R4J1Z4	Myc	True	False	False	False	False	False	A
A0A0R4J1Z4	Q8BWZ3	A0A0R4J1Z4	Naa25	True	False	False	False	False	False	C
A0A0R4J1Z4	Q4KMM3	A0A0R4J1Z4	Oxr1	True	False	False	False	False	False	C
A0A0R4J1Z4	B8QI34	A0A0R4J1Z4	B8QI34	True	False	False	False	False	False	C
A0A0R4J1Z4	E9Q0N2	A0A0R4J1Z4	Ptprh	True	False	False	False	False	False	C
A0A0R4J1Z4	A6H6A9	A0A0R4J1Z4	Rabgap1l	True	False	False	False	False	False	C
A0A0R4J1Z4	Q6QI06	A0A0R4J1Z4	Rictor	True	False	False	False	False	False	C
A0A0R4J1Z4	P51448	A0A0R4J1Z4	Rora	True	False	False	False	False	False	C
A0A0R4J1Z4	E9QMX4	A0A0R4J1Z4	E9QMX4	True	False	False	False	False	False	C
A0A0R4J1Z4	F8VQ70	A0A0R4J1Z4	F8VQ70	True	False	False	False	False	False	C
A0A0R4J1Z4	Q8C0T5	A0A0R4J1Z4	Sipa1l1	True	False	False	False	False	False	C
A0A0R4J1Z4	Q922G0	A0A0R4J1Z4	Slc25a36	True	False	False	False	False	False	C
A0A0R4J1Z4	Q04750	A0A0R4J1Z4	Top1	True	False	False	False	False	False	C
A0A0R4J1Z4	Q0KL02	A0A0R4J1Z4	Trio	True	False	False	False	False	False	C
A0A0R4J1Z4	Q9Z2S7	A0A0R4J1Z4	Tsc22d3	True	False	False	False	False	False	A
A0A0R4J1Z4	E9Q4X2	A0A0R4J1Z4	E9Q4X2	True	False	False	False	False	False	C
Q63934	Q811M1	Pou4f2	Arhgap15	True	False	False	False	False	False	C
Q63934	Q8VBW5	Pou4f2	Bbx	True	False	False	False	False	False	C
Q63934	Q3V2R3	Pou4f2	Q3V2R3	True	False	False	False	False	False	C
Q63934	P68500	Pou4f2	Cntn5	True	False	False	False	False	False	C
Q63934	A0A2I3BQV6	Pou4f2	A0A2I3BQV6	True	False	False	False	False	False	C
Q63934	Q9JLB4	Pou4f2	Cubn	True	False	False	False	False	False	C
Q63934	Q8BZN6	Pou4f2	Dock10	True	False	False	False	False	False	C
Q63934	Q8BGI4	Pou4f2	Fam13a	True	False	False	False	False	False	C
Q63934	P58463	Pou4f2	Foxp2	True	False	False	False	False	False	C
Q63934	Q9Z0R4	Pou4f2	Itsn1	True	False	False	False	False	False	C
Q63934	Q3UFC0	Pou4f2	Q3UFC0	True	False	False	False	False	False	C
Q63934	P97500	Pou4f2	Myt1l	True	False	False	False	False	False	C
Q63934	P70365	Pou4f2	Ncoa1	True	False	False	False	False	False	C
Q63934	A0A1B0GSF5	Pou4f2	A0A1B0GSF5	True	False	False	False	False	False	C
Q63934	Q99K10	Pou4f2	Nlgn1	True	False	False	False	False	False	C
Q63934	Q8VBU5	Pou4f2	Q8VBU5	True	False	False	False	False	False	C
Q63934	A6H6A9	Pou4f2	Rabgap1l	True	False	False	False	False	False	C
Q63934	G5E843	Pou4f2	G5E843	True	False	False	False	False	False	C
Q63934	Q8BGX7	Pou4f2	Spidr	True	False	False	False	False	False	C
Q63934	A0A0J9YTR8	Pou4f2	A0A0J9YTR8	True	False	False	False	False	False	C
Q63934	Q8K0L9	Pou4f2	Zbtb20	True	False	False	False	False	False	C
Q63934	Q6P1E1	Pou4f2	Zmiz1	True	False	False	False	False	False	C
Q63934	Q8BXJ8	Pou4f2	Znf385b	True	False	False	False	False	False	C
P20263	A0A0G2JGM8	Pou5f1	A0A0G2JGM8	True	False	False	False	False	False	C
P20263	B8JJE0	Pou5f1	B8JJE0	True	False	False	False	False	False	C
P20263	O08538	Pou5f1	Angpt1	True	False	False	False	False	False	C
P20263	G5E8J2	Pou5f1	G5E8J2	True	False	False	False	False	False	C
P20263	Q9QZK2	Pou5f1	Bcar3	True	False	False	False	False	False	C
P20263	Q6PAJ1	Pou5f1	Bcr	True	False	False	False	False	False	C
P20263	A0A1W2P731	Pou5f1	A0A1W2P731	True	False	False	False	False	False	C
P20263	Q80TJ1	Pou5f1	Cadps	True	False	False	False	False	False	C
P20263	A0A0G2JE70	Pou5f1	A0A0G2JE70	True	False	False	False	False	False	C
P20263	Q5NBX1	Pou5f1	Cobl	True	False	False	False	False	False	C
P20263	Q8BLR2	Pou5f1	Cpne4	True	False	False	False	False	False	C
P20263	Q924W7	Pou5f1	Dennd2b	True	False	False	False	False	False	C
P20263	Q07802	Pou5f1	Ebf1	True	False	False	False	False	False	C
P20263	O70318	Pou5f1	Epb41l2	True	False	False	False	False	False	C
P20263	Q03137	Pou5f1	Epha4	True	False	False	False	False	False	C
P20263	Q6P9S7	Pou5f1	Galnt10	True	False	False	False	False	False	C
P20263	F6QB26	Pou5f1	F6QB26	True	False	False	False	False	False	C
P20263	Q6T5E4	Pou5f1	Q6T5E4	True	False	False	False	False	False	C
P20263	Q8R3X6	Pou5f1	Q8R3X6	True	False	False	False	False	False	C
P20263	Q925T6	Pou5f1	Grip1	True	False	False	False	False	False	C
P20263	Q9CPN8	Pou5f1	Igf2bp3	True	False	False	False	False	False	C
P20263	Q9ES52	Pou5f1	Inpp5d	True	False	False	False	False	False	C
P20263	B1AY49	Pou5f1	B1AY49	True	False	False	False	False	False	C
P20263	O35231	Pou5f1	Kifc3	True	False	False	False	False	False	C
P20263	Q3UHC2	Pou5f1	Lrrk1	True	False	False	False	False	False	C
P20263	Q9WVQ1	Pou5f1	Magi2	True	False	False	False	False	False	C
P20263	Q9WVS7	Pou5f1	Map2k5	True	False	False	False	False	False	C
P20263	A0A589P973	Pou5f1	A0A589P973	True	False	False	False	False	False	C
P20263	A0A286YDV4	Pou5f1	A0A286YDV4	True	False	False	False	False	False	C
P20263	S4R1M9	Pou5f1	Osbpl10	True	False	False	False	False	False	C
P20263	A6H6A9	Pou5f1	Rabgap1l	True	False	False	False	False	False	C
P20263	Q61909	Pou5f1	Runx1t1	True	False	False	False	False	False	C
P20263	F8VQK5	Pou5f1	F8VQK5	True	False	False	False	False	False	C
P20263	E9QMY5	Pou5f1	E9QMY5	True	False	False	False	False	False	C
P20263	Q8BUN5	Pou5f1	Smad3	True	False	False	False	False	False	C
P20263	P63163	Pou5f1	Snrpn	True	False	False	False	False	False	C
P20263	Q91WJ7	Pou5f1	Spats2l	True	False	False	False	False	False	C
P20263	O55098	Pou5f1	Stk10	True	False	False	False	False	False	C
P20263	Q6ZWQ0	Pou5f1	Syne2	True	False	False	False	False	False	C
P20263	E9Q8T1	Pou5f1	E9Q8T1	True	False	False	False	False	False	C
P20263	A0A0J9YTU7	Pou5f1	A0A0J9YTU7	True	False	False	False	False	False	C
P20263	Q6ZPF3	Pou5f1	Tiam2	True	False	False	False	False	False	C
P20263	Q3U3D7	Pou5f1	Tmem131l	True	False	False	False	False	False	C
P20263	Q8BKI2	Pou5f1	Tnrc6b	True	False	False	False	False	False	C
P20263	Q9ESN6	Pou5f1	Trim2	True	False	False	False	False	False	C
P20263	P22726	Pou5f1	Wnt5b	True	False	False	False	False	False	C
P20263	A0A494BAA7	Pou5f1	A0A494BAA7	True	False	False	False	False	False	C
P23204	Q9QXD1	Ppara	Acox2	True	False	False	False	False	False	A
P23204	Q9CZW4	Ppara	Acsl3	True	False	False	False	False	False	C
P23204	Q8JZK9	Ppara	Hmgcs1	True	False	False	False	False	False	A
P23204	Q9Z0M5	Ppara	Lipa	True	False	False	False	False	False	C
P23204	P34960	Ppara	Mmp12	True	False	False	False	False	False	A
P23204	P01108	Ppara	Myc	True	False	False	False	False	False	A
P23204	P35486	Ppara	Pdha1	True	False	False	False	False	False	B
P35396	Q924X2	Ppard	Cpt1b	True	False	False	False	False	False	A
Q60636	Q9QXG4	Prdm1	Acss2	True	False	False	False	False	False	C
Q60636	Q8BH79	Prdm1	Ano10	True	False	False	False	False	False	C
Q60636	O35298	Prdm1	Aoah	True	False	False	False	False	False	C
Q60636	Q3UZ24	Prdm1	Q3UZ24	True	False	False	False	False	False	C
Q60636	A0A2R8VHW5	Prdm1	A0A2R8VHW5	True	False	False	False	False	False	C
Q60636	A0A2R8VHH5	Prdm1	A0A2R8VHH5	True	False	False	False	False	False	C
Q60636	B2RT54	Prdm1	B2RT54	True	False	False	False	False	False	C
Q60636	A0A2R8VHA9	Prdm1	A0A2R8VHA9	True	False	False	False	False	False	C
Q60636	E0CXD0	Prdm1	E0CXD0	True	False	False	False	False	False	C
Q60636	Q6ZQ82	Prdm1	Arhgap26	True	False	False	False	False	False	C
Q60636	Q01147	Prdm1	Creb1	True	False	False	False	False	False	C
Q60636	Q8CGD2	Prdm1	Crispld1	True	False	False	False	False	False	C
Q60636	A0A0G2JG52	Prdm1	A0A0G2JG52	True	False	False	False	False	False	C
Q60636	A0A571BEZ4	Prdm1	A0A571BEZ4	True	False	False	False	False	False	C
Q60636	P11531	Prdm1	Dmd	True	False	False	False	False	False	C
Q60636	P81270	Prdm1	Erg	True	False	False	False	False	False	C
Q60636	H3BKQ3	Prdm1	H3BKQ3	True	False	False	False	False	False	C
Q60636	Q8BFR2	Prdm1	Fstl5	True	False	False	False	False	False	C
Q60636	Q6P5B5	Prdm1	Q6P5B5	True	False	False	False	False	False	C
Q60636	D3YZ80	Prdm1	D3YZ80	True	False	False	False	False	False	C
Q60636	P70380	Prdm1	Il18	True	False	False	False	False	False	C
Q60636	A0A0R4J1N5	Prdm1	A0A0R4J1N5	True	False	False	False	False	False	C
Q60636	O08581	Prdm1	Kcnk1	True	False	False	False	False	False	C
Q60636	A2ARI4	Prdm1	Lgr4	True	False	False	False	False	False	C
Q60636	Q8R003	Prdm1	Mbnl3	True	False	False	False	False	False	C
Q60636	G3UZT5	Prdm1	G3UZT5	True	False	False	False	False	False	C
Q60636	O70583	Prdm1	Mid1	True	False	False	False	False	False	C
Q60636	E9Q634	Prdm1	Myo1e	True	False	False	False	False	False	C
Q60636	E9PUH7	Prdm1	E9PUH7	True	False	False	False	False	False	C
Q60636	P06537	Prdm1	Nr3c1	True	False	False	False	False	False	C
Q60636	Q9EQ09	Prdm1	Olr1	True	False	False	False	False	False	C
Q60636	Q9DCU0	Prdm1	Paqr5	True	False	False	False	False	False	C
Q60636	P70207	Prdm1	Plxna2	True	False	False	False	False	False	C
Q60636	P23298	Prdm1	Prkch	True	False	False	False	False	False	C
Q60636	Q9D708	Prdm1	S100a16	True	False	False	False	False	False	C
Q60636	Q8R070	Prdm1	Slc37a1	True	False	False	False	False	False	C
Q60636	P32972	Prdm1	Tnfsf8	True	False	False	False	False	False	C
Q60636	P23950	Prdm1	Zfp36l1	True	False	False	False	False	False	C
Q60636	P70121	Prdm1	Zhx1	True	False	False	False	False	False	C
E9Q3T6	E9Q876	Prdm14	Abca12	True	False	False	False	False	False	C
E9Q3T6	O35600	Prdm14	Abca4	True	False	False	False	False	False	B
E9Q3T6	Q99MR0	Prdm14	Actl6b	True	False	False	False	False	False	C
E9Q3T6	Q8C9W3	Prdm14	Adamts2	True	False	False	False	False	False	B
E9Q3T6	Q8BXK8	Prdm14	Agap1	True	False	False	False	False	False	B
E9Q3T6	F8VQE9	Prdm14	F8VQE9	True	False	False	False	False	False	B
E9Q3T6	Q9D517	Prdm14	Agpat3	True	False	False	False	False	False	B
E9Q3T6	Q6PAL7	Prdm14	Ahdc1	True	False	False	False	False	False	B
E9Q3T6	A0A494BBD5	Prdm14	A0A494BBD5	True	False	False	False	False	False	B
E9Q3T6	A2ALI5	Prdm14	Ajap1	True	False	False	False	False	False	B
E9Q3T6	P97793	Prdm14	Alk	True	False	False	False	False	False	B
E9Q3T6	P39655	Prdm14	Alox12	True	False	False	False	False	False	C
E9Q3T6	O08739	Prdm14	Ampd3	True	False	False	False	False	False	B
E9Q3T6	D3YYA4	Prdm14	D3YYA4	True	False	False	False	False	False	B
E9Q3T6	Q9EST5	Prdm14	Anp32b	True	False	False	False	False	False	C
E9Q3T6	O35639	Prdm14	Anxa3	True	False	False	False	False	False	C
E9Q3T6	Q5SSM3	Prdm14	Arhgap44	True	False	False	False	False	False	C
E9Q3T6	A2AWP8	Prdm14	Arhgef10l	True	False	False	False	False	False	B
E9Q3T6	Q80U35	Prdm14	Arhgef17	True	False	False	False	False	False	B
E9Q3T6	A2BH40	Prdm14	Arid1a	True	False	False	False	False	False	B
E9Q3T6	A0A338P6U8	Prdm14	A0A338P6U8	True	False	False	False	False	False	B
E9Q3T6	Q3U108	Prdm14	Arid5a	True	False	False	False	False	False	B
E9Q3T6	Q9WTL8	Prdm14	Bmal1	True	False	False	False	False	False	C
E9Q3T6	P16460	Prdm14	Ass1	True	False	False	False	False	False	B
E9Q3T6	Q3TZR9	Prdm14	Q3TZR9	True	False	False	False	False	False	C
E9Q3T6	Q3US59	Prdm14	Q3US59	True	False	False	False	False	False	C
E9Q3T6	Q9CTG6	Prdm14	Atp13a2	True	False	False	False	False	False	B
E9Q3T6	Q9Z1G4	Prdm14	Atp6v0a1	True	False	False	False	False	False	C
E9Q3T6	F7C0E4	Prdm14	F7C0E4	True	False	False	False	False	False	C
E9Q3T6	A0A7N9VSJ5	Prdm14	A0A7N9VSJ5	True	False	False	False	False	False	B
E9Q3T6	O88566	Prdm14	Axin2	True	False	False	False	False	False	B
E9Q3T6	Q9CZQ9	Prdm14	Bbs5	True	False	False	False	False	False	C
E9Q3T6	Q9QZK2	Prdm14	Bcar3	True	False	False	False	False	False	B
E9Q3T6	O35855	Prdm14	Bcat2	True	False	False	False	False	False	C
E9Q3T6	Q9QYE3	Prdm14	Bcl11a	True	False	False	False	False	False	B
E9Q3T6	Q8CGN4	Prdm14	Bcor	True	False	False	False	False	False	B
E9Q3T6	P23359	Prdm14	Bmp7	True	False	False	False	False	False	B
E9Q3T6	E9Q9Q5	Prdm14	E9Q9Q5	True	False	False	False	False	False	C
E9Q3T6	Q64444	Prdm14	Ca4	True	False	False	False	False	False	B
E9Q3T6	A0A1W2P731	Prdm14	A0A1W2P731	True	False	False	False	False	False	B
E9Q3T6	Q5SUG4	Prdm14	Q5SUG4	True	False	False	False	False	False	B
E9Q3T6	P62956	Prdm14	Cacng7	True	False	False	False	False	False	C
E9Q3T6	P70160	Prdm14	Calca	True	False	False	False	False	False	C
E9Q3T6	Q99JA0	Prdm14	Calca	True	False	False	False	False	False	C
E9Q3T6	E9QQ55	Prdm14	E9QQ55	True	False	False	False	False	False	B
E9Q3T6	P30280	Prdm14	Ccnd2	True	False	False	False	False	False	B
E9Q3T6	Q1ERP8	Prdm14	Cd300lg	True	False	False	False	False	False	C
E9Q3T6	Q61003	Prdm14	Cd6	True	False	False	False	False	False	B
E9Q3T6	P40240	Prdm14	Cd9	True	False	False	False	False	False	B
E9Q3T6	Q80UW5	Prdm14	Cdc42bpg	True	False	False	False	False	False	B
E9Q3T6	Q9JM96	Prdm14	Cdc42ep4	True	False	False	False	False	False	B
E9Q3T6	Q99PF4	Prdm14	Cdh23	True	False	False	False	False	False	B
E9Q3T6	Q07424	Prdm14	Cdx4	True	False	False	False	False	False	C
E9Q3T6	Q9WTK2	Prdm14	Cdyl	True	False	False	False	False	False	B
E9Q3T6	Q8VCT4	Prdm14	Ces1d	True	False	False	False	False	False	C
E9Q3T6	Q8BXK9	Prdm14	Clic5	True	False	False	False	False	False	C
E9Q3T6	Q8CI96	Prdm14	Clip4	True	False	False	False	False	False	C
E9Q3T6	Q5NBX1	Prdm14	Cobl	True	False	False	False	False	False	B
E9Q3T6	Q8BLX7	Prdm14	Col16a1	True	False	False	False	False	False	C
E9Q3T6	P28481	Prdm14	Col2a1	True	False	False	False	False	False	B
E9Q3T6	Q8K297	Prdm14	Colgalt1	True	False	False	False	False	False	C
E9Q3T6	Q8BH44	Prdm14	Coro2b	True	False	False	False	False	False	B
E9Q3T6	P84086	Prdm14	Cplx2	True	False	False	False	False	False	B
E9Q3T6	Q8CJ40	Prdm14	Crocc	True	False	False	False	False	False	B
E9Q3T6	Q9WVJ5	Prdm14	Crybb1	True	False	False	False	False	False	C
E9Q3T6	V9GX34	Prdm14	V9GX34	True	False	False	False	False	False	B
E9Q3T6	P70412	Prdm14	Cuzd1	True	False	False	False	False	False	C
E9Q3T6	P40224	Prdm14	Cxcl12	True	False	False	False	False	False	B
E9Q3T6	Q811W2	Prdm14	Cyp26b1	True	False	False	False	False	False	B
E9Q3T6	P97318	Prdm14	Dab1	True	False	False	False	False	False	C
E9Q3T6	A2AUX5	Prdm14	A2AUX5	True	False	False	False	False	False	B
E9Q3T6	Q80T85	Prdm14	Dcaf5	True	False	False	False	False	False	C
E9Q3T6	Q03146	Prdm14	Ddr1	True	False	False	False	False	False	C
E9Q3T6	Q91WG7	Prdm14	Dgkg	True	False	False	False	False	False	B
E9Q3T6	Q80UP3	Prdm14	Dgkz	True	False	False	False	False	False	B
E9Q3T6	E9Q8C0	Prdm14	E9Q8C0	True	False	False	False	False	False	C
E9Q3T6	B1AZP2	Prdm14	Dlgap4	True	False	False	False	False	False	B
E9Q3T6	Q9JI71	Prdm14	Dll4	True	False	False	False	False	False	B
E9Q3T6	Q8VHE6	Prdm14	Dnah5	True	False	False	False	False	False	C
E9Q3T6	Q80TZ3	Prdm14	Dnajc6	True	False	False	False	False	False	C
E9Q3T6	O88508	Prdm14	Dnmt3a	True	False	False	False	False	False	B
E9Q3T6	Q9EQF6	Prdm14	Dpysl5	True	False	False	False	False	False	B
E9Q3T6	A0A0N4SV63	Prdm14	A0A0N4SV63	True	False	False	False	False	False	B
E9Q3T6	Q4PZA2	Prdm14	Ece1	True	False	False	False	False	False	B
E9Q3T6	P52795	Prdm14	Efnb1	True	False	False	False	False	False	B
E9Q3T6	P54754	Prdm14	Ephb3	True	False	False	False	False	False	B
E9Q3T6	Q8K2Y3	Prdm14	Eva1b	True	False	False	False	False	False	B
E9Q3T6	A2ADB2	Prdm14	A2ADB2	True	False	False	False	False	False	B
E9Q3T6	Q8K064	Prdm14	Fam174b	True	False	False	False	False	False	B
E9Q3T6	Q9DAL9	Prdm14	Q9DAL9	True	False	False	False	False	False	C
E9Q3T6	Q8CF27	Prdm14	Fam24a	True	False	False	False	False	False	C
E9Q3T6	A6PWD2	Prdm14	Fhad1	True	False	False	False	False	False	B
E9Q3T6	P47930	Prdm14	Fosl2	True	False	False	False	False	False	B
E9Q3T6	P35582	Prdm14	Foxa1	True	False	False	False	False	False	C
E9Q3T6	Q8K3Q3	Prdm14	Foxn4	True	False	False	False	False	False	C
E9Q3T6	Q70KY4	Prdm14	Foxo6	True	False	False	False	False	False	B
E9Q3T6	Q6NVD0	Prdm14	Frem2	True	False	False	False	False	False	C
E9Q3T6	Q8BGW1	Prdm14	Fto	True	False	False	False	False	False	C
E9Q3T6	Q6P5B5	Prdm14	Q6P5B5	True	False	False	False	False	False	C
E9Q3T6	O09100	Prdm14	Gata2	True	False	False	False	False	False	B
E9Q3T6	A0A1D5RM07	Prdm14	A0A1D5RM07	True	False	False	False	False	False	B
E9Q3T6	Q8VHR5	Prdm14	Gatad2b	True	False	False	False	False	False	C
E9Q3T6	P70689	Prdm14	Gjb6	True	False	False	False	False	False	C
E9Q3T6	Q0VGT2	Prdm14	Gli2	True	False	False	False	False	False	B
E9Q3T6	E0CX93	Prdm14	E0CX93	True	False	False	False	False	False	C
E9Q3T6	Q8K0C9	Prdm14	Gmds	True	False	False	False	False	False	B
E9Q3T6	Q9QZF2	Prdm14	Gpc1	True	False	False	False	False	False	B
E9Q3T6	Q8C206	Prdm14	Gpr157	True	False	False	False	False	False	C
E9Q3T6	O88495	Prdm14	Gpr50	True	False	False	False	False	False	C
E9Q3T6	B7FAT7	Prdm14	B7FAT7	True	False	False	False	False	False	B
E9Q3T6	Q60760	Prdm14	Grb10	True	False	False	False	False	False	B
E9Q3T6	Q5FWH3	Prdm14	Grhl3	True	False	False	False	False	False	B
E9Q3T6	Q8BMF5	Prdm14	Grik4	True	False	False	False	False	False	B
E9Q3T6	Q99MK8	Prdm14	Grk2	True	False	False	False	False	False	B
E9Q3T6	Q3U3C9	Prdm14	Gse1	True	False	False	False	False	False	B
E9Q3T6	Q9ERL9	Prdm14	Gucy1a1	True	False	False	False	False	False	C
E9Q3T6	P58307	Prdm14	Hcrtr1	True	False	False	False	False	False	C
E9Q3T6	B7ZDF4	Prdm14	B7ZDF4	True	False	False	False	False	False	B
E9Q3T6	O54792	Prdm14	Hes2	True	False	False	False	False	False	B
E9Q3T6	Q08048	Prdm14	Hgf	True	False	False	False	False	False	C
E9Q3T6	A0A1Y7VJI1	Prdm14	A0A1Y7VJI1	True	False	False	False	False	False	C
E9Q3T6	P27889	Prdm14	Hnf1b	True	False	False	False	False	False	C
E9Q3T6	P09026	Prdm14	Hoxb3	True	False	False	False	False	False	C
E9Q3T6	Q9EQS9	Prdm14	Igdcc4	True	False	False	False	False	False	B
E9Q3T6	E9QNX9	Prdm14	E9QNX9	True	False	False	False	False	False	B
E9Q3T6	Q07113	Prdm14	Igf2r	True	False	False	False	False	False	B
E9Q3T6	Q04999	Prdm14	Inhbb	True	False	False	False	False	False	B
E9Q3T6	Q5RKR3	Prdm14	Islr2	True	False	False	False	False	False	B
E9Q3T6	A0A0B4J1F0	Prdm14	A0A0B4J1F0	True	False	False	False	False	False	B
E9Q3T6	B2RXC2	Prdm14	B2RXC2	True	False	False	False	False	False	B
E9Q3T6	P97875	Prdm14	Jdp2	True	False	False	False	False	False	C
E9Q3T6	P62482	Prdm14	Kcnab2	True	False	False	False	False	False	B
E9Q3T6	Q8K3F6	Prdm14	Kcnq3	True	False	False	False	False	False	C
E9Q3T6	Q5NCY0	Prdm14	Kdm6b	True	False	False	False	False	False	B
E9Q3T6	Q80W68	Prdm14	Kirrel1	True	False	False	False	False	False	B
E9Q3T6	Q8BR86	Prdm14	Kirrel3	True	False	False	False	False	False	B
E9Q3T6	A2APT9	Prdm14	Klhdc7a	True	False	False	False	False	False	B
E9Q3T6	Q8BGY4	Prdm14	Klhl26	True	False	False	False	False	False	C
E9Q3T6	Q9CZ49	Prdm14	Klhl35	True	False	False	False	False	False	C
E9Q3T6	P02469	Prdm14	Lamb1	True	False	False	False	False	False	C
E9Q3T6	Q9Z0S2	Prdm14	Lhx2	True	False	False	False	False	False	B
E9Q3T6	Q9D1T0	Prdm14	Lingo1	True	False	False	False	False	False	B
E9Q3T6	B1ATA7	Prdm14	B1ATA7	True	False	False	False	False	False	C
E9Q3T6	Q3UHC2	Prdm14	Lrrk1	True	False	False	False	False	False	B
E9Q3T6	Q8K4G1	Prdm14	Ltbp4	True	False	False	False	False	False	C
E9Q3T6	Q9WTX8	Prdm14	Mad1l1	True	False	False	False	False	False	B
E9Q3T6	Q9WVQ1	Prdm14	Magi2	True	False	False	False	False	False	C
E9Q3T6	Q91X49	Prdm14	Mall	True	False	False	False	False	False	C
E9Q3T6	P0C6A2	Prdm14	Mamld1	True	False	False	False	False	False	C
E9Q3T6	A2AJI0	Prdm14	Map7d1	True	False	False	False	False	False	B
E9Q3T6	Q6ZQ89	Prdm14	Marchf6	True	False	False	False	False	False	C
E9Q3T6	P51942	Prdm14	Matn1	True	False	False	False	False	False	B
E9Q3T6	E9PXE2	Prdm14	E9PXE2	True	False	False	False	False	False	B
E9Q3T6	A0A0G2JET8	Prdm14	A0A0G2JET8	True	False	False	False	False	False	C
E9Q3T6	E9QKT0	Prdm14	E9QKT0	True	False	False	False	False	False	B
E9Q3T6	A0A0A0MQ83	Prdm14	A0A0A0MQ83	True	False	False	False	False	False	B
E9Q3T6	Q60954	Prdm14	Meis1	True	False	False	False	False	False	B
E9Q3T6	A0A2R8VHH3	Prdm14	A0A2R8VHH3	True	False	False	False	False	False	C
E9Q3T6	Q765H6	Prdm14	Mgat5b	True	False	False	False	False	False	B
E9Q3T6	O08789	Prdm14	Mnt	True	False	False	False	False	False	B
E9Q3T6	A0A3Q4L2T1	Prdm14	A0A3Q4L2T1	True	False	False	False	False	False	C
E9Q3T6	Q810P8	Prdm14	Q810P8	True	False	False	False	False	False	C
E9Q3T6	P13297	Prdm14	Msx1	True	False	False	False	False	False	C
E9Q3T6	A0A0N4SUJ3	Prdm14	A0A0N4SUJ3	True	False	False	False	False	False	C
E9Q3T6	B1AU75	Prdm14	B1AU75	True	False	False	False	False	False	C
E9Q3T6	A0A668KM70	Prdm14	A0A668KM70	True	False	False	False	False	False	C
E9Q3T6	Q9QYG0	Prdm14	Ndrg2	True	False	False	False	False	False	C
E9Q3T6	A0A668KLC0	Prdm14	A0A668KLC0	True	False	False	False	False	False	B
E9Q3T6	Q60591	Prdm14	Nfatc2	True	False	False	False	False	False	B
E9Q3T6	Q02780	Prdm14	Nfia	True	False	False	False	False	False	B
E9Q3T6	P70255	Prdm14	Nfic	True	False	False	False	False	False	B
E9Q3T6	E9QK62	Prdm14	E9QK62	True	False	False	False	False	False	B
E9Q3T6	O54949	Prdm14	Nlk	True	False	False	False	False	False	C
E9Q3T6	Q3TZG8	Prdm14	Q3TZG8	True	False	False	False	False	False	B
E9Q3T6	Q6WKZ7	Prdm14	Nostrin	True	False	False	False	False	False	C
E9Q3T6	P18293	Prdm14	Npr1	True	False	False	False	False	False	C
E9Q3T6	P12813	Prdm14	Nr4a1	True	False	False	False	False	False	B
E9Q3T6	O35375	Prdm14	Nrp2	True	False	False	False	False	False	B
E9Q3T6	P20181	Prdm14	Ntf3	True	False	False	False	False	False	B
E9Q3T6	O09118	Prdm14	Ntn1	True	False	False	False	False	False	B
E9Q3T6	Q3UFB7	Prdm14	Ntrk1	True	False	False	False	False	False	B
E9Q3T6	P97346	Prdm14	Nxn	True	False	False	False	False	False	B
E9Q3T6	P80205	Prdm14	Otx1	True	False	False	False	False	False	B
E9Q3T6	Q9D0K2	Prdm14	Oxct1	True	False	False	False	False	False	C
E9Q3T6	Q9Z257	Prdm14	Q9Z257	True	False	False	False	False	False	C
E9Q3T6	Q08642	Prdm14	Padi2	True	False	False	False	False	False	B
E9Q3T6	Q7M753	Prdm14	Pank2	True	False	False	False	False	False	C
E9Q3T6	P47239	Prdm14	Pax7	True	False	False	False	False	False	B
E9Q3T6	A0A0A6YWM0	Prdm14	A0A0A6YWM0	True	False	False	False	False	False	C
E9Q3T6	P56812	Prdm14	Pdcd5	True	False	False	False	False	False	C
E9Q3T6	P05622	Prdm14	Pdgfrb	True	False	False	False	False	False	B
E9Q3T6	Q8VIK5	Prdm14	Pear1	True	False	False	False	False	False	B
E9Q3T6	Q61907	Prdm14	Pemt	True	False	False	False	False	False	C
E9Q3T6	Q9QWH1	Prdm14	Phc2	True	False	False	False	False	False	B
E9Q3T6	Q6PDH0	Prdm14	Phldb1	True	False	False	False	False	False	B
E9Q3T6	Q62066	Prdm14	Phox2a	True	False	False	False	False	False	C
E9Q3T6	Q5RJI4	Prdm14	Pkdcc	True	False	False	False	False	False	B
E9Q3T6	P52480	Prdm14	Pkm	True	False	False	False	False	False	C
E9Q3T6	Q8BG99	Prdm14	Pknox2	True	False	False	False	False	False	B
E9Q3T6	Q66T02	Prdm14	Plekhg5	True	False	False	False	False	False	B
E9Q3T6	P70207	Prdm14	Plxna2	True	False	False	False	False	False	B
E9Q3T6	P70208	Prdm14	Plxna3	True	False	False	False	False	False	C
E9Q3T6	B8QI34	Prdm14	B8QI34	True	False	False	False	False	False	C
E9Q3T6	Q69ZK0	Prdm14	Prex1	True	False	False	False	False	False	B
E9Q3T6	Q6PAK3	Prdm14	Prmt8	True	False	False	False	False	False	B
E9Q3T6	Q91YR7	Prdm14	Prpf6	True	False	False	False	False	False	C
E9Q3T6	Q61115	Prdm14	Ptch1	True	False	False	False	False	False	B
E9Q3T6	P41593	Prdm14	Pth1r	True	False	False	False	False	False	B
E9Q3T6	P26350	Prdm14	Ptma	True	False	False	False	False	False	B
E9Q3T6	B1AUH1	Prdm14	Ptpru	True	False	False	False	False	False	B
E9Q3T6	Q9WTL2	Prdm14	Rab25	True	False	False	False	False	False	B
E9Q3T6	Q61818	Prdm14	Rai1	True	False	False	False	False	False	B
E9Q3T6	A2ALS5	Prdm14	Rap1gap	True	False	False	False	False	False	C
E9Q3T6	P27671	Prdm14	Rasgrf1	True	False	False	False	False	False	B
E9Q3T6	Q8C796	Prdm14	Rcor2	True	False	False	False	False	False	B
E9Q3T6	Q7TNK1	Prdm14	Rfx4	True	False	False	False	False	False	B
E9Q3T6	Q6PCX7	Prdm14	Rgma	True	False	False	False	False	False	B
E9Q3T6	O35730	Prdm14	Ring1	True	False	False	False	False	False	C
E9Q3T6	Q9WUT3	Prdm14	Rps6ka2	True	False	False	False	False	False	B
E9Q3T6	A2ACM0	Prdm14	A2ACM0	True	False	False	False	False	False	B
E9Q3T6	B1ASC1	Prdm14	B1ASC1	True	False	False	False	False	False	B
E9Q3T6	Q3URY0	Prdm14	Rtl4	True	False	False	False	False	False	C
E9Q3T6	Q99P72	Prdm14	Rtn4	True	False	False	False	False	False	C
E9Q3T6	A0A087WR05	Prdm14	A0A087WR05	True	False	False	False	False	False	B
E9Q3T6	Q3U1Q3	Prdm14	Q3U1Q3	True	False	False	False	False	False	B
E9Q3T6	P14069	Prdm14	S100a6	True	False	False	False	False	False	C
E9Q3T6	Q6GQT6	Prdm14	Scap	True	False	False	False	False	False	C
E9Q3T6	P43407	Prdm14	Sdc2	True	False	False	False	False	False	C
E9Q3T6	Q6V4S5	Prdm14	Sdk2	True	False	False	False	False	False	B
E9Q3T6	Q62178	Prdm14	Sema4a	True	False	False	False	False	False	B
E9Q3T6	Q925N0	Prdm14	Sfxn5	True	False	False	False	False	False	B
E9Q3T6	Q921I6	Prdm14	Sh3bp4	True	False	False	False	False	False	B
E9Q3T6	D3Z5K8	Prdm14	D3Z5K8	True	False	False	False	False	False	B
E9Q3T6	Q61079	Prdm14	Sim2	True	False	False	False	False	False	B
E9Q3T6	A0A0A6YXN8	Prdm14	A0A0A6YXN8	True	False	False	False	False	False	C
E9Q3T6	P97797	Prdm14	Sirpa	True	False	False	False	False	False	C
E9Q3T6	Q91V14	Prdm14	Slc12a5	True	False	False	False	False	False	B
E9Q3T6	Q3UHH2	Prdm14	Slc22a23	True	False	False	False	False	False	B
E9Q3T6	Q91W10	Prdm14	Slc39a8	True	False	False	False	False	False	C
E9Q3T6	Q9JHI9	Prdm14	Slc40a1	True	False	False	False	False	False	C
E9Q3T6	E9PW98	Prdm14	E9PW98	True	False	False	False	False	False	C
E9Q3T6	Q9WVB4	Prdm14	Slit3	True	False	False	False	False	False	B
E9Q3T6	O35182	Prdm14	Smad6	True	False	False	False	False	False	B
E9Q3T6	Q04891	Prdm14	Sox13	True	False	False	False	False	False	B
E9Q3T6	Q04887	Prdm14	Sox9	True	False	False	False	False	False	B
E9Q3T6	Q8K1N4	Prdm14	Spats2	True	False	False	False	False	False	C
E9Q3T6	Q9WTN3	Prdm14	Srebf1	True	False	False	False	False	False	B
E9Q3T6	J3QP43	Prdm14	J3QP43	True	False	False	False	False	False	B
E9Q3T6	A2ANU3	Prdm14	Syndig1	True	False	False	False	False	False	B
E9Q3T6	E9Q8T1	Prdm14	E9Q8T1	True	False	False	False	False	False	B
E9Q3T6	P22091	Prdm14	Tal1	True	False	False	False	False	False	B
E9Q3T6	A2ABG4	Prdm14	A2ABG4	True	False	False	False	False	False	B
E9Q3T6	Q3UYK3	Prdm14	Tbc1d9	True	False	False	False	False	False	C
E9Q3T6	Q8BYA0	Prdm14	Tbcd	True	False	False	False	False	False	B
E9Q3T6	Q9DD24	Prdm14	Tceal9	True	False	False	False	False	False	C
E9Q3T6	A1A549	Prdm14	A1A549	True	False	False	False	False	False	B
E9Q3T6	Q3UHK6	Prdm14	Tenm4	True	False	False	False	False	False	B
E9Q3T6	Q8C152	Prdm14	Tent5b	True	False	False	False	False	False	B
E9Q3T6	Q91WU4	Prdm14	Tmco4	True	False	False	False	False	False	B
E9Q3T6	Q3U3D7	Prdm14	Tmem131l	True	False	False	False	False	False	C
E9Q3T6	E9PVZ2	Prdm14	E9PVZ2	True	False	False	False	False	False	C
E9Q3T6	Q7TNI2	Prdm14	Tmem59l	True	False	False	False	False	False	B
E9Q3T6	Q8BXJ9	Prdm14	Tmem62	True	False	False	False	False	False	C
E9Q3T6	Q5SSZ5	Prdm14	Tns3	True	False	False	False	False	False	B
E9Q3T6	Q923U0	Prdm14	Tom1l1	True	False	False	False	False	False	C
E9Q3T6	Q4QQM4	Prdm14	Trp53i11	True	False	False	False	False	False	B
E9Q3T6	Q9ESN6	Prdm14	Trim2	True	False	False	False	False	False	B
E9Q3T6	E9QP19	Prdm14	E9QP19	True	False	False	False	False	False	C
E9Q3T6	Q0KL02	Prdm14	Trio	True	False	False	False	False	False	B
E9Q3T6	Q80WR1	Prdm14	Tspan18	True	False	False	False	False	False	B
E9Q3T6	Q8BJU2	Prdm14	Tspan9	True	False	False	False	False	False	B
E9Q3T6	Q8BGB2	Prdm14	Ttc7a	True	False	False	False	False	False	B
E9Q3T6	Q8BWP5	Prdm14	Ttpa	True	False	False	False	False	False	C
E9Q3T6	Q8BG34	Prdm14	Ubxn10	True	False	False	False	False	False	C
E9Q3T6	Q7TMI3	Prdm14	Uhrf2	True	False	False	False	False	False	C
E9Q3T6	P27467	Prdm14	Wnt3a	True	False	False	False	False	False	B
E9Q3T6	P22724	Prdm14	Wnt4	True	False	False	False	False	False	B
E9Q3T6	P22726	Prdm14	Wnt5b	True	False	False	False	False	False	B
E9Q3T6	Q64527	Prdm14	Wnt8a	True	False	False	False	False	False	C
E9Q3T6	Q5SXA9	Prdm14	Wwc1	True	False	False	False	False	False	B
E9Q3T6	Q3U4G3	Prdm14	Xxylt1	True	False	False	False	False	False	B
E9Q3T6	P46938	Prdm14	Yap1	True	False	False	False	False	False	C
E9Q3T6	Q65Z95	Prdm14	Ypel2	True	False	False	False	False	False	C
E9Q3T6	Q08376	Prdm14	Zbtb14	True	False	False	False	False	False	C
E9Q3T6	Q60821	Prdm14	Zbtb17	True	False	False	False	False	False	B
E9Q3T6	Q64321	Prdm14	Zbtb7b	True	False	False	False	False	False	B
E9Q3T6	A2AP88	Prdm14	A2AP88	True	False	False	False	False	False	C
E9Q3T6	Q8BQQ1	Prdm14	Zdhhc14	True	False	False	False	False	False	B
E9Q3T6	Q64318	Prdm14	Zeb1	True	False	False	False	False	False	C
E9Q3T6	Q61967	Prdm14	Zfp90	True	False	False	False	False	False	C
E9Q3T6	Q6P1E1	Prdm14	Zmiz1	True	False	False	False	False	False	B
E9Q3T6	A2A484	Prdm14	A2A484	True	False	False	False	False	False	B
E9Q3T6	Q80TS5	Prdm14	Znf423	True	False	False	False	False	False	B
E9Q3T6	A2ARW3	Prdm14	A2ARW3	True	False	False	False	False	False	C
P48437	P21447	Prox1	Abcb1a	True	False	False	False	False	False	C
P48437	Q9QYB5	Prox1	Add3	True	False	False	False	False	False	C
P48437	D3YYQ6	Prox1	D3YYQ6	True	False	False	False	False	False	C
P48437	B2RQE8	Prox1	Arhgap42	True	False	False	False	False	False	C
P48437	Q8VDN2	Prox1	Atp1a1	True	False	False	False	False	False	C
P48437	P39054	Prox1	Dnm2	True	False	False	False	False	False	C
P48437	Q8BKG4	Prox1	Fzd10	True	False	False	False	False	False	C
P48437	A0A087WR33	Prox1	A0A087WR33	True	False	False	False	False	False	C
P48437	E9QNX9	Prox1	E9QNX9	True	False	False	False	False	False	C
P48437	Q3UMW7	Prox1	Mapkapk3	True	False	False	False	False	False	C
P48437	A0A286YDV4	Prox1	A0A286YDV4	True	False	False	False	False	False	C
P48437	O35375	Prox1	Nrp2	True	False	False	False	False	False	C
P48437	S4R1M9	Prox1	Osbpl10	True	False	False	False	False	False	C
P48437	P49586	Prox1	Pcyt1a	True	False	False	False	False	False	C
P48437	Q91UZ1	Prox1	Q91UZ1	True	False	False	False	False	False	C
P48437	Q02614	Prox1	Sap30bp	True	False	False	False	False	False	C
P48437	O08665	Prox1	Sema3a	True	False	False	False	False	False	C
P48437	Q04891	Prox1	Sox13	True	False	False	False	False	False	C
P48437	Q924S7	Prox1	Spred2	True	False	False	False	False	False	C
P48437	Q5SSZ5	Prox1	Tns3	True	False	False	False	False	False	C
P48437	Q56A10	Prox1	Znf608	True	False	False	False	False	False	C
P11416	Q9Z1P8	Rara	Angptl4	True	False	False	False	False	False	C
P11416	E9Q4F7	Rara	Ankrd11	True	False	False	False	False	False	C
P11416	Q00623	Rara	Apoa1	True	False	False	False	False	False	C
P11416	Q8VBU8	Rara	Banp	True	False	False	False	False	False	C
P11416	Q9Z2F6	Rara	Bcl3	True	False	False	False	False	False	C
P11416	Q8CGN4	Rara	Bcor	True	False	False	False	False	False	C
P11416	P97817	Rara	Cdr2	True	False	False	False	False	False	C
P11416	Q6ZQ11	Rara	Chsy1	True	False	False	False	False	False	C
P11416	O35492	Rara	Clk3	True	False	False	False	False	False	C
P11416	Q9CQI6	Rara	Cotl1	True	False	False	False	False	False	C
P11416	Q91X84	Rara	Crtc3	True	False	False	False	False	False	C
P11416	Q9QXS6	Rara	Dbn1	True	False	False	False	False	False	C
P11416	P13864	Rara	Dnmt1	True	False	False	False	False	False	C
P11416	Q4PZA2	Rara	Ece1	True	False	False	False	False	False	C
P11416	Q8BPU7	Rara	Elmo1	True	False	False	False	False	False	C
P11416	A0A0R4J0I0	Rara	A0A0R4J0I0	True	False	False	False	False	False	C
P11416	P15037	Rara	Ets2	True	False	False	False	False	False	C
P11416	Q8K1B8	Rara	Fermt3	True	False	False	False	False	False	C
P11416	F6QB26	Rara	F6QB26	True	False	False	False	False	False	C
P11416	A0A1D5RM07	Rara	A0A1D5RM07	True	False	False	False	False	False	C
P11416	Q9D172	Rara	Gatd3	True	False	False	False	False	False	C
P11416	P08752	Rara	Gnai2	True	False	False	False	False	False	C
P11416	Q8VEF1	Rara	Gramd1a	True	False	False	False	False	False	C
P11416	Q3U3C9	Rara	Gse1	True	False	False	False	False	False	C
P11416	B7ZDF4	Rara	B7ZDF4	True	False	False	False	False	False	C
P11416	Q8C2B3	Rara	Hdac7	True	False	False	False	False	False	B
P11416	Q9Z2X1	Rara	Hnrnpf	True	False	False	False	False	False	C
P11416	P02830	Rara	Hoxa7	True	False	False	False	False	False	A
P11416	P10284	Rara	Hoxb4	True	False	False	False	False	False	A
P11416	P46694	Rara	Ier3	True	False	False	False	False	False	A
P11416	E9QNX9	Rara	E9QNX9	True	False	False	False	False	False	C
P11416	P16382	Rara	Il4r	True	False	False	False	False	False	C
P11416	Q9Z2X8	Rara	Keap1	True	False	False	False	False	False	C
P11416	P70168	Rara	Kpnb1	True	False	False	False	False	False	C
P11416	P35951	Rara	Ldlr	True	False	False	False	False	False	C
P11416	P48678	Rara	Lmna	True	False	False	False	False	False	B
P11416	A0A1Y7VJ01	Rara	A0A1Y7VJ01	True	False	False	False	False	False	C
P11416	Q91YU6	Rara	Lzts2	True	False	False	False	False	False	C
P11416	Q6NXK9	Rara	Q6NXK9	True	False	False	False	False	False	C
P11416	Q60700	Rara	Map3k12	True	False	False	False	False	False	C
P11416	D3YV97	Rara	D3YV97	True	False	False	False	False	False	C
P11416	Q8R003	Rara	Mbnl3	True	False	False	False	False	False	C
P11416	A0A1Y7VP67	Rara	A0A1Y7VP67	True	False	False	False	False	False	C
P11416	Q8VDD5	Rara	Myh9	True	False	False	False	False	False	C
P11416	Q9JMH9	Rara	Myo18a	True	False	False	False	False	False	C
P11416	Q9D6J4	Rara	Necab3	True	False	False	False	False	False	C
P11416	Q3TZG8	Rara	Q3TZG8	True	False	False	False	False	False	C
P11416	P60670	Rara	Nploc4	True	False	False	False	False	False	C
P11416	Q6PDH0	Rara	Phldb1	True	False	False	False	False	False	C
P11416	Q3TWH3	Rara	Q3TWH3	True	False	False	False	False	False	B
P11416	P05132	Rara	Prkaca	True	False	False	False	False	False	C
P11416	Q91WG5	Rara	Prkag2	True	False	False	False	False	False	C
P11416	Q5U3K5	Rara	Rabl6	True	False	False	False	False	False	C
P11416	Q91W59	Rara	Rbms1	True	False	False	False	False	False	C
P11416	P48379	Rara	Rfx2	True	False	False	False	False	False	C
P11416	Q80WQ6	Rara	Rhbdf2	True	False	False	False	False	False	C
P11416	Q68FE6	Rara	Ripor1	True	False	False	False	False	False	C
A0A087WR05	P11416	A0A087WR05	Rara	True	False	False	False	False	False	B
P11416	A8Y5H7	Rara	Sec14l1	True	False	False	False	False	False	C
P11416	Q91ZM2	Rara	Sh2b1	True	False	False	False	False	False	C
P11416	O09039	Rara	Sh2b3	True	False	False	False	False	False	C
P11416	Q9JLZ8	Rara	Sigirr	True	False	False	False	False	False	C
P11416	P57787	Rara	Slc16a3	True	False	False	False	False	False	B
P11416	O35253	Rara	Smad7	True	False	False	False	False	False	C
P11416	A0A140LIK7	Rara	A0A140LIK7	True	False	False	False	False	False	B
P11416	Q62245	Rara	Sos1	True	False	False	False	False	False	B
P11416	Q8CI15	Rara	Sphk1	True	False	False	False	False	False	C
P42232	P11416	Stat5b	Rara	True	False	False	False	False	False	B
P11416	A2AE94	Rara	A2AE94	True	False	False	False	False	False	C
P11416	Q9WVA4	Rara	Tagln2	True	False	False	False	False	False	C
P11416	D3YZM7	Rara	D3YZM7	True	False	False	False	False	False	C
P11416	Q08122	Rara	Tle3	True	False	False	False	False	False	C
P11416	Q99KW3	Rara	Triobp	True	False	False	False	False	False	C
P11416	B1ART2	Rara	B1ART2	True	False	False	False	False	False	C
P11416	Q3U4G3	Rara	Xxylt1	True	False	False	False	False	False	C
P22605	P28705	Rarb	Rxrg	True	False	False	False	False	False	A
P22605	P97298	Rarb	Serpinf1	True	False	False	False	False	False	C
P18911	P70312	Rarg	Has2	True	False	False	False	False	False	A
P18911	P63085	Rarg	Mapk1	True	False	False	False	False	False	C
P18911	P97298	Rarg	Serpinf1	True	False	False	False	False	False	C
P18911	A0A140LIK7	Rarg	A0A140LIK7	True	False	False	False	False	False	C
P31266	O08739	Rbpj	Ampd3	True	False	False	False	False	False	C
P31266	B2RXR6	Rbpj	Ankrd44	True	False	False	False	False	False	C
P31266	Q91X46	Rbpj	Arhgef3	True	False	False	False	False	False	C
P31266	Q9QWY8	Rbpj	Asap1	True	False	False	False	False	False	C
P31266	P24288	Rbpj	Bcat1	True	False	False	False	False	False	C
P31266	O89110	Rbpj	Casp8	True	False	False	False	False	False	C
P31266	Q3TTA7	Rbpj	Cblb	True	False	False	False	False	False	C
P31266	Q8K0D0	Rbpj	Cdk17	True	False	False	False	False	False	C
P31266	A0A1W2P884	Rbpj	Cep85l	True	False	False	False	False	False	C
P31266	A0A0R4J0N8	Rbpj	A0A0R4J0N8	True	False	False	False	False	False	C
P31266	Q6P1G6	Rbpj	Fam167a	True	False	False	False	False	False	C
P31266	F8VPR2	Rbpj	F8VPR2	True	False	False	False	False	False	C
P31266	A0A0R4J0H8	Rbpj	A0A0R4J0H8	True	False	False	False	False	False	B
P31266	F6QB26	Rbpj	F6QB26	True	False	False	False	False	False	C
P31266	P27600	Rbpj	Gna12	True	False	False	False	False	False	C
P31266	Q6PE65	Rbpj	Gpatch2l	True	False	False	False	False	False	C
P31266	Q8C0L9	Rbpj	Gpcpd1	True	False	False	False	False	False	C
P31266	P13020	Rbpj	Gsn	True	False	False	False	False	False	C
P31266	Q9DBX7	Rbpj	Heyl	True	False	False	False	False	False	C
P31266	P15261	Rbpj	Ifngr1	True	False	False	False	False	False	C
P31266	O54824	Rbpj	Il16	True	False	False	False	False	False	C
P31266	D3YUD3	Rbpj	D3YUD3	True	False	False	False	False	False	C
P31266	P23611	Rbpj	Irf8	True	False	False	False	False	False	C
P31266	A0A0R4J005	Rbpj	A0A0R4J005	True	False	False	False	False	False	C
P31266	Q8BFW7	Rbpj	Lpp	True	False	False	False	False	False	C
P31266	G5E8Q0	Rbpj	G5E8Q0	True	False	False	False	False	False	C
P31266	Q6NZQ8	Rbpj	Marchf1	True	False	False	False	False	False	C
P31266	Q8CDB0	Rbpj	Mknk2	True	False	False	False	False	False	C
P31266	Q61043	Rbpj	Nin	True	False	False	False	False	False	C
P31266	Q91VT1	Rbpj	Nsmce2	True	False	False	False	False	False	C
P31266	Q9QZS3	Rbpj	Numb	True	False	False	False	False	False	C
P31266	Q3U1F9	Rbpj	Pag1	True	False	False	False	False	False	C
P31266	F8SLQ3	Rbpj	F8SLQ3	True	False	False	False	False	False	C
P31266	Q9EQ32	Rbpj	Pik3ap1	True	False	False	False	False	False	C
P31266	O70172	Rbpj	Pip4k2a	True	False	False	False	False	False	C
P31266	Q9QXS1	Rbpj	Plec	True	False	False	False	False	False	C
P31266	P48381	Rbpj	Rfx3	True	False	False	False	False	False	C
P31266	A0A087WR05	Rbpj	A0A087WR05	True	False	False	False	False	False	C
P31266	O09126	Rbpj	Sema4d	True	False	False	False	False	False	C
P31266	Q8R550	Rbpj	Sh3kbp1	True	False	False	False	False	False	C
P31266	Q8C0T5	Rbpj	Sipa1l1	True	False	False	False	False	False	C
P31266	Q8VI23	Rbpj	Slc12a8	True	False	False	False	False	False	C
P31266	E9Q1K0	Rbpj	E9Q1K0	True	False	False	False	False	False	C
P31266	A0A0J9YTU7	Rbpj	A0A0J9YTU7	True	False	False	False	False	False	C
P31266	A8C756	Rbpj	Thada	True	False	False	False	False	False	C
P31266	D3Z3B6	Rbpj	D3Z3B6	True	False	False	False	False	False	C
P31266	Q8K1I7	Rbpj	Wipf1	True	False	False	False	False	False	B
P31266	Q9EPK5	Rbpj	Wwtr1	True	False	False	False	False	False	C
P31266	D3Z1Y7	Rbpj	D3Z1Y7	True	False	False	False	False	False	C
Q04207	Q61490	Rela	Alcam	True	False	False	False	False	False	B
Q04207	Q8C4V1	Rela	Arhgap24	True	False	False	False	False	False	C
Q04207	A2BH40	Rela	Arid1a	True	False	False	False	False	False	C
Q04207	A2ANX2	Rela	A2ANX2	True	False	False	False	False	False	C
Q04207	Q8CGN4	Rela	Bcor	True	False	False	False	False	False	C
Q04207	Q8BYH8	Rela	Chd9	True	False	False	False	False	False	C
Q04207	Q9D486	Rela	Cmip	True	False	False	False	False	False	B
Q04207	P97315	Rela	Csrp1	True	False	False	False	False	False	C
Q04207	P26231	Rela	Ctnna1	True	False	False	False	False	False	C
Q04207	Q3TZ02	Rela	Q3TZ02	True	False	False	False	False	False	C
Q04207	Q8K382	Rela	Dennd1a	True	False	False	False	False	False	C
Q04207	Q99N11	Rela	Dusp22	True	False	False	False	False	False	B
Q04207	Q9WVK4	Rela	Ehd1	True	False	False	False	False	False	C
Q04207	P55772	Rela	Entpd1	True	False	False	False	False	False	B
Q04207	P97360	Rela	Etv6	True	False	False	False	False	False	B
Q04207	A0A0R4J0A4	Rela	A0A0R4J0A4	True	False	False	False	False	False	C
Q04207	A0A0R4J0H8	Rela	A0A0R4J0H8	True	False	False	False	False	False	C
Q04207	Q8VEF1	Rela	Gramd1a	True	False	False	False	False	False	C
Q04207	Q6I6G8	Rela	Hecw2	True	False	False	False	False	False	C
Q04207	A0A1Y7VJI1	Rela	A0A1Y7VJI1	True	False	False	False	False	False	C
Q04207	Q3UHF7	Rela	Hivep2	True	False	False	False	False	False	B
Q04207	Q7TMK6	Rela	Hook2	True	False	False	False	False	False	C
Q04207	A0A0R4J0C2	Rela	A0A0R4J0C2	True	False	False	False	False	False	C
Q04207	Q8CFA1	Rela	Irak2	True	False	False	False	False	False	C
Q04207	Q5NCY0	Rela	Kdm6b	True	False	False	False	False	False	C
Q04207	A0A0R4J005	Rela	A0A0R4J005	True	False	False	False	False	False	C
Q04207	Q9JLJ0	Rela	Litaf	True	False	False	False	False	False	C
Q04207	F6U238	Rela	F6U238	True	False	False	False	False	False	C
Q04207	Q924H2	Rela	Med15	True	False	False	False	False	False	C
Q04207	A0A1Y7VP67	Rela	A0A1Y7VP67	True	False	False	False	False	False	C
Q04207	Q8CDB0	Rela	Mknk2	True	False	False	False	False	False	C
Q04207	G3X9H7	Rela	G3X9H7	True	False	False	False	False	False	C
Q04207	A0A087WPA7	Rela	A0A087WPA7	True	False	False	False	False	False	C
Q04207	Q8VDD5	Rela	Myh9	True	False	False	False	False	False	C
Q04207	Q9ES70	Rela	Nek6	True	False	False	False	False	False	C
Q04207	Q9WVE8	Rela	Pacsin2	True	False	False	False	False	False	C
Q04207	Q9ET54	Rela	Palld	True	False	False	False	False	False	C
Q04207	P60335	Rela	Pcbp1	True	False	False	False	False	False	C
Q04207	A2AUP1	Rela	A2AUP1	True	False	False	False	False	False	B
Q04207	Q8CIH5	Rela	Plcg2	True	False	False	False	False	False	C
Q04207	Q9DCU2	Rela	Pllp	True	False	False	False	False	False	C
Q04207	P33611	Rela	Pola2	True	False	False	False	False	False	C
Q04207	P26350	Rela	Ptma	True	False	False	False	False	False	C
Q04207	O70274	Rela	Ptp4a2	True	False	False	False	False	False	C
Q04207	Q03385	Rela	Ralgds	True	False	False	False	False	False	C
Q04207	Q9EQZ6	Rela	Rapgef4	True	False	False	False	False	False	C
Q04207	P11416	Rela	Rara	True	False	False	False	False	False	C
Q04207	Q91W59	Rela	Rbms1	True	False	False	False	False	False	C
Q04207	Q5SWK7	Rela	Rnf145	True	False	False	False	False	False	C
Q04207	P10852	Rela	Slc3a2	True	False	False	False	False	False	C
Q04207	Q8BUN5	Rela	Smad3	True	False	False	False	False	False	B
Q04207	Q8BGX7	Rela	Spidr	True	False	False	False	False	False	C
Q04207	Q11204	Rela	St3gal2	True	False	False	False	False	False	C
Q04207	E0CYK1	Rela	E0CYK1	True	False	False	False	False	False	C
Q04207	Q0VGY8	Rela	Tanc1	True	False	False	False	False	False	C
Q04207	Q8BHJ5	Rela	Tbl1xr1	True	False	False	False	False	False	C
Q04207	Q8R4P5	Rela	Tmc1	True	False	False	False	False	False	C
Q04207	D3Z3B6	Rela	D3Z3B6	True	False	False	False	False	False	B
Q04207	Q5SSZ5	Rela	Tns3	True	False	False	False	False	False	C
Q04207	Q60803	Rela	Traf3	True	False	False	False	False	False	B
Q04207	A0A0G2JE32	Rela	A0A0G2JE32	True	False	False	False	False	False	C
Q04207	Q9EPK5	Rela	Wwtr1	True	False	False	False	False	False	C
Q04207	Q5D1E7	Rela	Zc3h12a	True	False	False	False	False	False	C
Q04207	P23949	Rela	Zfp36l2	True	False	False	False	False	False	C
Q04207	Q6P1E1	Rela	Zmiz1	True	False	False	False	False	False	C
Q04207	Q8BFX2	Rela	Q8BFX2	True	False	False	False	False	False	C
Q04863	Q3U0L2	Relb	Ankrd33b	True	False	False	False	False	False	C
Q04863	Q9JMK0	Relb	B4galt5	True	False	False	False	False	False	C
Q04863	Q9D275	Relb	Batf3	True	False	False	False	False	False	C
Q04863	Q9Z2F6	Relb	Bcl3	True	False	False	False	False	False	C
Q04863	Q62401	Relb	Ccl12	True	False	False	False	False	False	C
Q04863	A2APM2	Relb	A2APM2	True	False	False	False	False	False	B
Q04863	A0A087WQ31	Relb	A0A087WQ31	True	False	False	False	False	False	C
Q04863	E9Q7P1	Relb	E9Q7P1	True	False	False	False	False	False	C
Q04863	P26954	Relb	Csf2rb2	True	False	False	False	False	False	C
Q04863	P26955	Relb	Csf2rb	True	False	False	False	False	False	C
Q04863	B1AZP2	Relb	Dlgap4	True	False	False	False	False	False	C
Q04863	Q99N11	Relb	Dusp22	True	False	False	False	False	False	C
Q04863	Q04742	Relb	Emx1	True	False	False	False	False	False	C
Q04863	O70318	Relb	Epb41l2	True	False	False	False	False	False	C
Q04863	Q6P1G6	Relb	Fam167a	True	False	False	False	False	False	C
Q04863	A0A0R4J0H8	Relb	A0A0R4J0H8	True	False	False	False	False	False	C
Q04863	Q9Z2Z9	Relb	Gfpt2	True	False	False	False	False	False	C
Q04863	Q6I6G8	Relb	Hecw2	True	False	False	False	False	False	C
Q04863	A0A1Y7VJI1	Relb	A0A1Y7VJI1	True	False	False	False	False	False	C
Q04863	A2A884	Relb	Hivep3	True	False	False	False	False	False	C
Q04863	G5E8H3	Relb	G5E8H3	True	False	False	False	False	False	C
Q04863	P48346	Relb	Il15	True	False	False	False	False	False	B
Q04863	P16382	Relb	Il4r	True	False	False	False	False	False	C
Q04863	P15314	Relb	Irf1	True	False	False	False	False	False	B
Q04863	A6H8H5	Relb	Kcnb2	True	False	False	False	False	False	C
Q04863	Q6P1G2	Relb	Kdm2b	True	False	False	False	False	False	C
Q04863	P48678	Relb	Lmna	True	False	False	False	False	False	C
Q04863	P09225	Relb	Lta	True	False	False	False	False	False	C
Q04863	Q8K4G1	Relb	Ltbp4	True	False	False	False	False	False	C
Q04863	F6U238	Relb	F6U238	True	False	False	False	False	False	C
Q04863	O09110	Relb	Map2k3	True	False	False	False	False	False	C
Q04863	Q3TPJ7	Relb	Midn	True	False	False	False	False	False	C
Q04863	Q9WTI7	Relb	Myo1c	True	False	False	False	False	False	C
Q04863	O70145	Relb	Ncf2	True	False	False	False	False	False	C
Q04863	Q9ES70	Relb	Nek6	True	False	False	False	False	False	C
Q04863	Q8CJC5	Relb	Neurl3	True	False	False	False	False	False	C
Q04863	Q9Z1E3	Relb	Nfkbia	True	False	False	False	False	False	C
Q04863	Q3TZG8	Relb	Q3TZG8	True	False	False	False	False	False	C
Q04863	Q8BZ20	Relb	Parp12	True	False	False	False	False	False	C
Q04863	Q8VBU5	Relb	Q8VBU5	True	False	False	False	False	False	C
Q04863	A0A0G2JF67	Relb	A0A0G2JF67	True	False	False	False	False	False	C
Q04863	A0A087WQ09	Relb	A0A087WQ09	True	False	False	False	False	False	C
Q04863	P47857	Relb	Pfkm	True	False	False	False	False	False	C
Q04863	Q9QXS1	Relb	Plec	True	False	False	False	False	False	C
Q04863	Q9Z1S3	Relb	Rasgrp1	True	False	False	False	False	False	C
Q04863	G3UZI3	Relb	G3UZI3	True	False	False	False	False	False	C
Q04863	Q62179	Relb	Sema4b	True	False	False	False	False	False	C
Q04863	D3Z5K8	Relb	D3Z5K8	True	False	False	False	False	False	C
Q04863	Q60665	Relb	Skil	True	False	False	False	False	False	C
Q04863	Q75N73	Relb	Slc39a14	True	False	False	False	False	False	C
Q04863	Q9WVA4	Relb	Tagln2	True	False	False	False	False	False	C
Q04863	Q56A06	Relb	Tmtc2	True	False	False	False	False	False	C
Q04863	Q60769	Relb	Tnfaip3	True	False	False	False	False	False	A
Q04863	D3Z3B6	Relb	D3Z3B6	True	False	False	False	False	False	B
Q04863	Q8K424	Relb	Trpv3	True	False	False	False	False	False	C
Q04863	Q3UE37	Relb	Ube2z	True	False	False	False	False	False	C
Q04863	A0A2I3BQS6	Relb	A0A2I3BQS6	True	False	False	False	False	False	C
Q04863	A2AWT5	Relb	A2AWT5	True	False	False	False	False	False	C
Q04863	P70701	Relb	Wnt10a	True	False	False	False	False	False	C
P48377	Q9D2I5	Rfx1	Armc9	True	False	False	False	False	False	C
P48377	Q80TT2	Rfx1	Baiap3	True	False	False	False	False	False	C
P48377	P58545	Rfx1	Btbd3	True	False	False	False	False	False	C
P48377	P11798	Rfx1	Camk2a	True	False	False	False	False	False	C
P48377	Q9QXV1	Rfx1	Cbx8	True	False	False	False	False	False	C
P48377	Q5PR68	Rfx1	Cep112	True	False	False	False	False	False	C
P48377	Q8BTU1	Rfx1	Cfap20	True	False	False	False	False	False	C
P48377	Q9DCT8	Rfx1	Crip2	True	False	False	False	False	False	C
P48377	Q8CI75	Rfx1	Dis3l2	True	False	False	False	False	False	C
P48377	Q8BLI4	Rfx1	Dse	True	False	False	False	False	False	C
P48377	Q9WVK4	Rfx1	Ehd1	True	False	False	False	False	False	C
P48377	A0A1N9PTV1	Rfx1	A0A1N9PTV1	True	False	False	False	False	False	B
P48377	A6PWD2	Rfx1	Fhad1	True	False	False	False	False	False	C
P48377	Q80ZU9	Rfx1	Gpr137	True	False	False	False	False	False	C
P48377	Q80V72	Rfx1	Ip6k2	True	False	False	False	False	False	C
P48377	Q9D2K4	Rfx1	Iqch	True	False	False	False	False	False	C
P48377	Q91WI7	Rfx1	Itfg2	True	False	False	False	False	False	C
P48377	Q8C753	Rfx1	Katnip	True	False	False	False	False	False	C
P48377	Q8K1T5	Rfx1	Ly6g5c	True	False	False	False	False	False	C
P48377	Q8R001	Rfx1	Mapre2	True	False	False	False	False	False	C
P48377	O89084	Rfx1	Pde4a	True	False	False	False	False	False	C
P48377	P70195	Rfx1	Psmb7	True	False	False	False	False	False	C
P48377	P48379	Rfx1	Rfx2	True	False	False	False	False	False	C
P48377	Q3KNY5	Rfx1	Riiad1	True	False	False	False	False	False	C
P48377	Q8K004	Rfx1	Spata2	True	False	False	False	False	False	C
P48377	Q8BZX4	Rfx1	Srek1	True	False	False	False	False	False	C
P48377	Q8QZV4	Rfx1	Stk32c	True	False	False	False	False	False	B
P48377	Q8VCI7	Rfx1	Swsap1	True	False	False	False	False	False	C
P48377	F6SEU4	Rfx1	Syngap1	True	False	False	False	False	False	C
P48377	P70399	Rfx1	Tp53bp1	True	False	False	False	False	False	C
P48377	Q80UN9	Rfx1	Trit1	True	False	False	False	False	False	C
P48377	Q8K3G5	Rfx1	Vrk3	True	False	False	False	False	False	B
P48377	Q8BV16	Rfx1	Q8BV16	True	False	False	False	False	False	C
P48379	Q80TT2	Rfx2	Baiap3	True	False	False	False	False	False	C
P48379	A8Y5L4	Rfx2	A8Y5L4	True	False	False	False	False	False	C
P48379	Q8BPA8	Rfx2	Dpcd	True	False	False	False	False	False	C
P48379	Q6SP97	Rfx2	Enkur	True	False	False	False	False	False	C
P48379	A0A0R4J1C3	Rfx2	A0A0R4J1C3	True	False	False	False	False	False	C
P48379	Q8R001	Rfx2	Mapre2	True	False	False	False	False	False	C
P48379	Q6PER3	Rfx2	Mapre3	True	False	False	False	False	False	C
P48379	Q9D3X5	Rfx2	Pacrgl	True	False	False	False	False	False	C
P48379	O89084	Rfx2	Pde4a	True	False	False	False	False	False	C
P48379	E9QAC6	Rfx2	E9QAC6	True	False	False	False	False	False	C
P48379	Q9QXE2	Rfx2	Poll	True	False	False	False	False	False	C
P48379	Q8BKF1	Rfx2	Polrmt	True	False	False	False	False	False	C
P48379	P63318	Rfx2	Prkcg	True	False	False	False	False	False	C
P48379	P58404	Rfx2	Strn4	True	False	False	False	False	False	C
P48379	Q8C5W3	Rfx2	Tbcel	True	False	False	False	False	False	C
P48379	Q9CY00	Rfx2	Ift70b	True	False	False	False	False	False	C
P48379	A2AKQ8	Rfx2	Ift70a2	True	False	False	False	False	False	C
P48379	Q9CQM5	Rfx2	Txndc17	True	False	False	False	False	False	C
Q9JL61	P61922	Rfx5	Abat	True	False	False	False	False	False	C
Q9JL61	O35379	Rfx5	Abcc1	True	False	False	False	False	False	C
Q9JL61	P05064	Rfx5	Aldoa	True	False	False	False	False	False	C
Q9JL61	P62743	Rfx5	Ap2s1	True	False	False	False	False	False	C
Q9JL61	Q4LDD4	Rfx5	Arap1	True	False	False	False	False	False	C
Q9JL61	P98203	Rfx5	Arvcf	True	False	False	False	False	False	C
Q9JL61	P01887	Rfx5	B2m	True	False	False	False	False	False	C
Q9JL61	O35855	Rfx5	Bcat2	True	False	False	False	False	False	C
Q9JL61	Q7JJ13	Rfx5	Brd2	True	False	False	False	False	False	C
Q9JL61	A4QPC6	Rfx5	Btn2a2	True	False	False	False	False	False	B
Q9JL61	P04441	Rfx5	Cd74	True	False	False	False	False	False	A
Q9JL61	Q9CPY4	Rfx5	Cdk2ap2	True	False	False	False	False	False	C
Q9JL61	Q8CC36	Rfx5	Cdnf	True	False	False	False	False	False	C
Q9JL61	Q7TSG1	Rfx5	Cep120	True	False	False	False	False	False	C
Q9JL61	Q8K4M5	Rfx5	Commd1	True	False	False	False	False	False	C
Q9JL61	Q9D3F7	Rfx5	Ddit4	True	False	False	False	False	False	C
Q9JL61	Q8BPA8	Rfx5	Dpcd	True	False	False	False	False	False	C
Q9JL61	Q05BC3	Rfx5	Eml1	True	False	False	False	False	False	C
Q9JL61	Q7TNG5	Rfx5	Eml2	True	False	False	False	False	False	C
Q9JL61	A0A1D5RM07	Rfx5	A0A1D5RM07	True	False	False	False	False	False	C
Q9JL61	P36916	Rfx5	Gnl1	True	False	False	False	False	False	C
Q9JL61	Q5RL51	Rfx5	Gstcd	True	False	False	False	False	False	C
Q9JL61	Q9ESZ8	Rfx5	Gtf2i	True	False	False	False	False	False	C
Q9JL61	Q9D786	Rfx5	Haus5	True	False	False	False	False	False	C
Q9JL61	Q00PI9	Rfx5	Hnrnpul2	True	False	False	False	False	False	C
Q9JL61	Q80W32	Rfx5	Iqcg	True	False	False	False	False	False	C
Q9JL61	Q5NCY0	Rfx5	Kdm6b	True	False	False	False	False	False	C
Q9JL61	P48678	Rfx5	Lmna	True	False	False	False	False	False	C
Q9JL61	O09110	Rfx5	Map2k3	True	False	False	False	False	False	C
Q9JL61	A0A0A6YVZ8	Rfx5	A0A0A6YVZ8	True	False	False	False	False	False	C
Q9JL61	Q8R001	Rfx5	Mapre2	True	False	False	False	False	False	C
Q9JL61	E9PX79	Rfx5	E9PX79	True	False	False	False	False	False	C
Q9JL61	Q61881	Rfx5	Mcm7	True	False	False	False	False	False	C
Q9JL61	Q8CDB0	Rfx5	Mknk2	True	False	False	False	False	False	C
Q9JL61	Q8HWB0	Rfx5	Mr1	True	False	False	False	False	False	B
Q9JL61	Q8BK72	Rfx5	Mrps27	True	False	False	False	False	False	C
Q9JL61	Q9R008	Rfx5	Mvk	True	False	False	False	False	False	C
Q9JL61	G3X9N5	Rfx5	G3X9N5	True	False	False	False	False	False	C
Q9JL61	A2API8	Rfx5	A2API8	True	False	False	False	False	False	C
Q9JL61	Q9JK83	Rfx5	Pard6b	True	False	False	False	False	False	C
Q9JL61	O89084	Rfx5	Pde4a	True	False	False	False	False	False	C
Q9JL61	O35973	Rfx5	Per1	True	False	False	False	False	False	C
Q9JL61	O08908	Rfx5	Pik3r2	True	False	False	False	False	False	C
Q9JL61	Q3TWH3	Rfx5	Q3TWH3	True	False	False	False	False	False	C
Q9JL61	Q3TTF6	Rfx5	Q3TTF6	True	False	False	False	False	False	C
Q9JL61	P28063	Rfx5	Psmb8	True	False	False	False	False	False	B
Q9JL61	A0A0R4J256	Rfx5	A0A0R4J256	True	False	False	False	False	False	C
Q9JL61	P14685	Rfx5	Psmd3	True	False	False	False	False	False	C
Q9JL61	G5E8B1	Rfx5	G5E8B1	True	False	False	False	False	False	C
Q9JL61	Q91ZR1	Rfx5	Rab4b	True	False	False	False	False	False	C
Q9JL61	A0A0N4SWB2	Rfx5	A0A0N4SWB2	True	False	False	False	False	False	C
Q9JL61	Q8BYP3	Rfx5	Rhof	True	False	False	False	False	False	C
Q9JL61	Q04890	Rfx5	Sox12	True	False	False	False	False	False	C
Q9JL61	O35400	Rfx5	Sult2b1	True	False	False	False	False	False	C
Q9JL61	Q8BHS8	Rfx5	Sybu	True	False	False	False	False	False	C
Q9JL61	P36371	Rfx5	Tap2	True	False	False	False	False	False	C
Q9JL61	A8C756	Rfx5	Thada	True	False	False	False	False	False	C
Q9JL61	Q3U284	Rfx5	Tmem231	True	False	False	False	False	False	C
Q9JL61	Q64511	Rfx5	Top2b	True	False	False	False	False	False	C
Q9JL61	O89023	Rfx5	Tpp1	True	False	False	False	False	False	C
Q9JL61	Q6PD31	Rfx5	Trak1	True	False	False	False	False	False	C
Q9JL61	Q99PN3	Rfx5	Trim26	True	False	False	False	False	False	C
Q9JL61	Q9QY33	Rfx5	Tspan3	True	False	False	False	False	False	B
Q9JL61	Q8BGB2	Rfx5	Ttc7a	True	False	False	False	False	False	C
Q9JL61	Q810A3	Rfx5	Ttc9c	True	False	False	False	False	False	C
Q9JL61	O35075	Rfx5	Vps26c	True	False	False	False	False	False	C
Q9JL61	Q6PEV3	Rfx5	Wipf2	True	False	False	False	False	False	C
Q9JL61	Q99LH4	Rfx5	Znf672	True	False	False	False	False	False	C
A0A087WR05	Q3UHJ0	A0A087WR05	Aak1	True	False	False	False	False	False	C
A0A087WR05	O35600	A0A087WR05	Abca4	True	False	False	False	False	False	C
A0A087WR05	P21440	A0A087WR05	Abcb4	True	False	False	False	False	False	C
A0A087WR05	O35379	A0A087WR05	Abcc1	True	False	False	False	False	False	C
A0A087WR05	Q7TQI7	A0A087WR05	Abtb2	True	False	False	False	False	False	C
A0A087WR05	Q9QYB5	A0A087WR05	Add3	True	False	False	False	False	False	B
A0A087WR05	P34971	A0A087WR05	Adrb1	True	False	False	False	False	False	B
A0A087WR05	P51827	A0A087WR05	Aff3	True	False	False	False	False	False	B
A0A087WR05	Q9D517	A0A087WR05	Agpat3	True	False	False	False	False	False	B
A0A087WR05	E9Q552	A0A087WR05	E9Q552	True	False	False	False	False	False	B
A0A087WR05	E9Q394	A0A087WR05	Akap13	True	False	False	False	False	False	B
A0A087WR05	Q80VW7	A0A087WR05	Akna	True	False	False	False	False	False	B
A0A087WR05	Q62148	A0A087WR05	Aldh1a2	True	False	False	False	False	False	B
A0A087WR05	O08739	A0A087WR05	Ampd3	True	False	False	False	False	False	B
A0A087WR05	Q505D1	A0A087WR05	Ankrd28	True	False	False	False	False	False	B
A0A087WR05	Q6Y5D8	A0A087WR05	Arhgap10	True	False	False	False	False	False	A
A0A087WR05	Q8BYW1	A0A087WR05	Arhgap25	True	False	False	False	False	False	B
A0A087WR05	Q91X46	A0A087WR05	Arhgef3	True	False	False	False	False	False	B
A0A087WR05	P61208	A0A087WR05	Arl4c	True	False	False	False	False	False	B
A0A087WR05	Q9DCB4	A0A087WR05	Arpp21	True	False	False	False	False	False	C
A0A087WR05	Q3TYD4	A0A087WR05	Arsg	True	False	False	False	False	False	B
A0A087WR05	Q9QWY8	A0A087WR05	Asap1	True	False	False	False	False	False	B
A0A087WR05	Q9WV74	A0A087WR05	Asb1	True	False	False	False	False	False	C
A0A087WR05	Q91YI1	A0A087WR05	Atg13	True	False	False	False	False	False	B
A0A087WR05	Q9Z1G4	A0A087WR05	Atp6v0a1	True	False	False	False	False	False	B
A0A087WR05	A0A7N9VSJ5	A0A087WR05	A0A7N9VSJ5	True	False	False	False	False	False	B
A0A087WR05	O70445	A0A087WR05	Bard1	True	False	False	False	False	False	C
A0A087WR05	Q9QZK2	A0A087WR05	Bcar3	True	False	False	False	False	False	B
A0A087WR05	Q80XN0	A0A087WR05	Bdh1	True	False	False	False	False	False	C
A0A087WR05	Q4ZJN1	A0A087WR05	C1qtnf9	True	False	False	False	False	False	C
A0A087WR05	A0A1W2P731	A0A087WR05	A0A1W2P731	True	False	False	False	False	False	C
A0A087WR05	Q8R0S4	A0A087WR05	Cacnb4	True	False	False	False	False	False	B
A0A087WR05	P40124	A0A087WR05	Cap1	True	False	False	False	False	False	C
A0A087WR05	Q08EC4	A0A087WR05	Cass4	True	False	False	False	False	False	C
A0A087WR05	Q6VGS5	A0A087WR05	Ccdc88c	True	False	False	False	False	False	B
A0A087WR05	Q8K2Y9	A0A087WR05	Ccm2	True	False	False	False	False	False	C
A0A087WR05	Q8K4F0	A0A087WR05	Cd226	True	False	False	False	False	False	B
A0A087WR05	P40237	A0A087WR05	Cd82	True	False	False	False	False	False	B
A0A087WR05	Q6GQT0	A0A087WR05	Cdc14a	True	False	False	False	False	False	C
A0A087WR05	Q8R349	A0A087WR05	Cdc16	True	False	False	False	False	False	C
A0A087WR05	Q9Z0M3	A0A087WR05	Cdh20	True	False	False	False	False	False	C
A0A087WR05	Q99PF4	A0A087WR05	Cdh23	True	False	False	False	False	False	B
A0A087WR05	Q8K389	A0A087WR05	Cdk5rap2	True	False	False	False	False	False	C
A0A087WR05	Q91WE6	A0A087WR05	Cdkal1	True	False	False	False	False	False	C
A0A087WR05	Q5FWI3	A0A087WR05	Cemip2	True	False	False	False	False	False	C
A0A087WR05	A8Y5L4	A0A087WR05	A8Y5L4	True	False	False	False	False	False	C
A0A087WR05	P70232	A0A087WR05	Chl1	True	False	False	False	False	False	C
A0A087WR05	Q3V2R3	A0A087WR05	Q3V2R3	True	False	False	False	False	False	B
A0A087WR05	Q9Z0S6	A0A087WR05	Cldn10	True	False	False	False	False	False	C
A0A087WR05	Q80U30	A0A087WR05	Clec16a	True	False	False	False	False	False	B
A0A087WR05	Q9QZE2	A0A087WR05	Clnk	True	False	False	False	False	False	B
A0A087WR05	Q9D486	A0A087WR05	Cmip	True	False	False	False	False	False	C
A0A087WR05	Q9ESD6	A0A087WR05	Cmtm7	True	False	False	False	False	False	C
A0A087WR05	Q9QZS0	A0A087WR05	Col4a3	True	False	False	False	False	False	C
A0A087WR05	A0A0N4SV71	A0A087WR05	A0A0N4SV71	True	False	False	False	False	False	B
A0A087WR05	Q8BJQ9	A0A087WR05	Csgalnact1	True	False	False	False	False	False	B
A0A087WR05	P26231	A0A087WR05	Ctnna1	True	False	False	False	False	False	B
A0A087WR05	A0A2I3BQV6	A0A087WR05	A0A2I3BQV6	True	False	False	False	False	False	B
A0A087WR05	Q6A152	A0A087WR05	Cyp4x1	True	False	False	False	False	False	C
A0A087WR05	Q3TZ02	A0A087WR05	Q3TZ02	True	False	False	False	False	False	B
A0A087WR05	Q80YW0	A0A087WR05	Cyth4	True	False	False	False	False	False	B
A0A087WR05	Q91VY6	A0A087WR05	Cytip	True	False	False	False	False	False	C
A0A087WR05	A2AUX5	A0A087WR05	A2AUX5	True	False	False	False	False	False	B
A0A087WR05	Q8K382	A0A087WR05	Dennd1a	True	False	False	False	False	False	B
A0A087WR05	Q9EQM6	A0A087WR05	Dgcr8	True	False	False	False	False	False	C
A0A087WR05	Q8CI75	A0A087WR05	Dis3l2	True	False	False	False	False	False	B
A0A087WR05	E9QKB1	A0A087WR05	E9QKB1	True	False	False	False	False	False	C
A0A087WR05	Q8C4C9	A0A087WR05	Q8C4C9	True	False	False	False	False	False	B
A0A087WR05	O54946	A0A087WR05	Dnajb6	True	False	False	False	False	False	B
A0A087WR05	Q8BZN6	A0A087WR05	Dock10	True	False	False	False	False	False	C
A0A087WR05	B2RY04	A0A087WR05	Dock5	True	False	False	False	False	False	B
A0A087WR05	Q9ESS0	A0A087WR05	Dusp10	True	False	False	False	False	False	B
A0A087WR05	O08543	A0A087WR05	Efna5	True	False	False	False	False	False	C
A0A087WR05	O08856	A0A087WR05	Ell	True	False	False	False	False	False	C
A0A087WR05	Q8BPU7	A0A087WR05	Elmo1	True	False	False	False	False	False	B
A0A087WR05	Q60902	A0A087WR05	Eps15l1	True	False	False	False	False	False	B
A0A087WR05	P70429	A0A087WR05	Evl	True	False	False	False	False	False	B
A0A087WR05	O35382	A0A087WR05	Exoc4	True	False	False	False	False	False	B
A0A087WR05	Q3TGF2	A0A087WR05	Fam107b	True	False	False	False	False	False	B
A0A087WR05	Q5SRY7	A0A087WR05	Fbxw11	True	False	False	False	False	False	B
A0A087WR05	A0A0G2LB91	A0A087WR05	A0A0G2LB91	True	False	False	False	False	False	B
A0A087WR05	A2AJL3	A0A087WR05	Fggy	True	False	False	False	False	False	B
A0A087WR05	P14234	A0A087WR05	Fgr	True	False	False	False	False	False	B
A0A087WR05	O89106	A0A087WR05	Fhit	True	False	False	False	False	False	B
A0A087WR05	Q64378	A0A087WR05	Fkbp5	True	False	False	False	False	False	B
A0A087WR05	A0A0R4J0A4	A0A087WR05	A0A0R4J0A4	True	False	False	False	False	False	B
A0A087WR05	A0A0R4J0H8	A0A087WR05	A0A0R4J0H8	True	False	False	False	False	False	B
A0A087WR05	D3YUC5	A0A087WR05	D3YUC5	True	False	False	False	False	False	B
A0A087WR05	Q8BUR3	A0A087WR05	Foxj3	True	False	False	False	False	False	B
A0A087WR05	Q499D0	A0A087WR05	Foxn3	True	False	False	False	False	False	B
A0A087WR05	Q8C0V9	A0A087WR05	Frmd6	True	False	False	False	False	False	C
A0A087WR05	F8VQ05	A0A087WR05	F8VQ05	True	False	False	False	False	False	B
A0A087WR05	O35601	A0A087WR05	Fyb1	True	False	False	False	False	False	A
A0A087WR05	P39688	A0A087WR05	Fyn	True	False	False	False	False	False	C
A0A087WR05	Q6PB93	A0A087WR05	Galnt2	True	False	False	False	False	False	B
A0A087WR05	F6QB26	A0A087WR05	F6QB26	True	False	False	False	False	False	B
A0A087WR05	A0A1D5RM07	A0A087WR05	A0A1D5RM07	True	False	False	False	False	False	B
A0A087WR05	Q9CQ35	A0A087WR05	Glipr1l2	True	False	False	False	False	False	C
A0A087WR05	Q60648	A0A087WR05	Gm2a	True	False	False	False	False	False	C
A0A087WR05	Q8K0C9	A0A087WR05	Gmds	True	False	False	False	False	False	B
A0A087WR05	Q8BUV8	A0A087WR05	Gpr107	True	False	False	False	False	False	C
A0A087WR05	P35412	A0A087WR05	Gpr12	True	False	False	False	False	False	C
A0A087WR05	Q5FWH3	A0A087WR05	Grhl3	True	False	False	False	False	False	C
A0A087WR05	Q3TCV3	A0A087WR05	Gsap	True	False	False	False	False	False	B
A0A087WR05	Q3U3C9	A0A087WR05	Gse1	True	False	False	False	False	False	B
A0A087WR05	Q8BW56	A0A087WR05	Gtdc1	True	False	False	False	False	False	B
A0A087WR05	Q8CFX1	A0A087WR05	H6pd	True	False	False	False	False	False	C
A0A087WR05	Q69ZS7	A0A087WR05	Hbs1l	True	False	False	False	False	False	B
A0A087WR05	Q6NZM9	A0A087WR05	Hdac4	True	False	False	False	False	False	B
A0A087WR05	A0A1B0GSQ5	A0A087WR05	A0A1B0GSQ5	True	False	False	False	False	False	C
A0A087WR05	F8WIE5	A0A087WR05	F8WIE5	True	False	False	False	False	False	C
A0A087WR05	O09173	A0A087WR05	Hgd	True	False	False	False	False	False	C
A0A087WR05	A2A884	A0A087WR05	Hivep3	True	False	False	False	False	False	A
A0A087WR05	Q8VDM6	A0A087WR05	Hnrnpul1	True	False	False	False	False	False	C
A0A087WR05	Q9QWW1	A0A087WR05	Homer2	True	False	False	False	False	False	B
A0A087WR05	P15261	A0A087WR05	Ifngr1	True	False	False	False	False	False	C
A0A087WR05	Q07113	A0A087WR05	Igf2r	True	False	False	False	False	False	B
A0A087WR05	Q61730	A0A087WR05	Il1rap	True	False	False	False	False	False	C
A0A087WR05	Q7TNC9	A0A087WR05	Inpp5a	True	False	False	False	False	False	B
A0A087WR05	Q3UQ44	A0A087WR05	Iqgap2	True	False	False	False	False	False	B
A0A087WR05	E9PUA3	A0A087WR05	E9PUA3	True	False	False	False	False	False	B
A0A087WR05	Q61739	A0A087WR05	Itga6	True	False	False	False	False	False	C
A0A087WR05	B8JK39	A0A087WR05	Itga9	True	False	False	False	False	False	B
A0A087WR05	Q60677	A0A087WR05	Itgae	True	False	False	False	False	False	B
A0A087WR05	Q9Z329	A0A087WR05	Itpr2	True	False	False	False	False	False	B
A0A087WR05	Q5DTX6	A0A087WR05	Jcad	True	False	False	False	False	False	B
A0A087WR05	Q8BI36	A0A087WR05	Jkamp	True	False	False	False	False	False	C
A0A087WR05	Q69ZK6	A0A087WR05	Jmjd1c	True	False	False	False	False	False	B
A0A087WR05	A0A5F8MQ39	A0A087WR05	A0A5F8MQ39	True	False	False	False	False	False	B
A0A087WR05	A0A087WQN5	A0A087WR05	A0A087WQN5	True	False	False	False	False	False	B
A0A087WR05	Q9CXT6	A0A087WR05	Kdm8	True	False	False	False	False	False	C
A0A087WR05	Q80T74	A0A087WR05	Klhl29	True	False	False	False	False	False	C
A0A087WR05	Q8BGA5	A0A087WR05	Krr1	True	False	False	False	False	False	C
A0A087WR05	Q61233	A0A087WR05	Lcp1	True	False	False	False	False	False	C
A0A087WR05	Q8BWJ4	A0A087WR05	Ldlrad4	True	False	False	False	False	False	B
A0A087WR05	A0A0R4J005	A0A087WR05	A0A0R4J005	True	False	False	False	False	False	C
A0A087WR05	P25801	A0A087WR05	Lmo2	True	False	False	False	False	False	B
A0A087WR05	Q8BFW7	A0A087WR05	Lpp	True	False	False	False	False	False	B
A0A087WR05	P25911	A0A087WR05	Lyn	True	False	False	False	False	False	C
A0A087WR05	Q9WTX8	A0A087WR05	Mad1l1	True	False	False	False	False	False	B
A0A087WR05	D4QGC2	A0A087WR05	D4QGC2	True	False	False	False	False	False	B
A0A087WR05	Q6NXK9	A0A087WR05	Q6NXK9	True	False	False	False	False	False	B
A0A087WR05	O35099	A0A087WR05	Map3k5	True	False	False	False	False	False	B
A0A087WR05	A0A0A6YVZ8	A0A087WR05	A0A0A6YVZ8	True	False	False	False	False	False	B
A0A087WR05	Q8BJ34	A0A087WR05	Marf1	True	False	False	False	False	False	C
A0A087WR05	Q811L6	A0A087WR05	Mast4	True	False	False	False	False	False	B
A0A087WR05	A0A0A6YVV8	A0A087WR05	A0A0A6YVV8	True	False	False	False	False	False	B
A0A087WR05	P04370	A0A087WR05	Mbp	True	False	False	False	False	False	B
A0A087WR05	E9PWI3	A0A087WR05	E9PWI3	True	False	False	False	False	False	C
A0A087WR05	E9PW38	A0A087WR05	E9PW38	True	False	False	False	False	False	B
A0A087WR05	Q5RJH2	A0A087WR05	Mctp2	True	False	False	False	False	False	B
A0A087WR05	Q9D074	A0A087WR05	Mgrn1	True	False	False	False	False	False	B
A0A087WR05	Q3TEW6	A0A087WR05	Mpzl1	True	False	False	False	False	False	C
A0A087WR05	Q920Q6	A0A087WR05	Msi2	True	False	False	False	False	False	B
A0A087WR05	Q924K8	A0A087WR05	Mta3	True	False	False	False	False	False	C
A0A087WR05	G3X9H7	A0A087WR05	G3X9H7	True	False	False	False	False	False	B
A0A087WR05	Q6KAU4	A0A087WR05	Mvb12b	True	False	False	False	False	False	B
A0A087WR05	V9GXT3	A0A087WR05	V9GXT3	True	False	False	False	False	False	C
A0A087WR05	E9Q411	A0A087WR05	E9Q411	True	False	False	False	False	False	B
A0A087WR05	O55033	A0A087WR05	Nck2	True	False	False	False	False	False	B
A0A087WR05	E9PY55	A0A087WR05	E9PY55	True	False	False	False	False	False	B
A0A087WR05	A0A286YDV4	A0A087WR05	A0A286YDV4	True	False	False	False	False	False	C
A0A087WR05	A0A0R4J212	A0A087WR05	A0A0R4J212	True	False	False	False	False	False	B
A0A087WR05	Q9ES70	A0A087WR05	Nek6	True	False	False	False	False	False	C
A0A087WR05	Q9ES74	A0A087WR05	Nek7	True	False	False	False	False	False	B
A0A087WR05	P70353	A0A087WR05	Nfyc	True	False	False	False	False	False	C
A0A087WR05	Q3TZG8	A0A087WR05	Q3TZG8	True	False	False	False	False	False	B
A0A087WR05	Q9QY81	A0A087WR05	Nup210	True	False	False	False	False	False	B
A0A087WR05	A0A0N4SV33	A0A087WR05	A0A0N4SV33	True	False	False	False	False	False	B
A0A087WR05	Q8K212	A0A087WR05	Pacs1	True	False	False	False	False	False	C
A0A087WR05	Q3U1F9	A0A087WR05	Pag1	True	False	False	False	False	False	B
A0A087WR05	Q9ET54	A0A087WR05	Palld	True	False	False	False	False	False	C
A0A087WR05	P97467	A0A087WR05	Pam	True	False	False	False	False	False	B
A0A087WR05	Q9CSB4	A0A087WR05	Pard3b	True	False	False	False	False	False	B
A0A087WR05	Q9ES46	A0A087WR05	Parvb	True	False	False	False	False	False	B
A0A087WR05	Q5DU28	A0A087WR05	Pcnx2	True	False	False	False	False	False	B
A0A087WR05	Q64338	A0A087WR05	Pde1c	True	False	False	False	False	False	B
A0A087WR05	Q8VBU5	A0A087WR05	Q8VBU5	True	False	False	False	False	False	C
A0A087WR05	A0A0R4J1V0	A0A087WR05	A0A0R4J1V0	True	False	False	False	False	False	C
A0A087WR05	Q9WUA3	A0A087WR05	Pfkp	True	False	False	False	False	False	C
A0A087WR05	Q2M3X8	A0A087WR05	Phactr1	True	False	False	False	False	False	B
A0A087WR05	Q9QWH1	A0A087WR05	Phc2	True	False	False	False	False	False	B
A0A087WR05	Q8CHE4	A0A087WR05	Phlpp1	True	False	False	False	False	False	B
A0A087WR05	Q9EQ32	A0A087WR05	Pik3ap1	True	False	False	False	False	False	C
A0A087WR05	P26450	A0A087WR05	Pik3r1	True	False	False	False	False	False	B
A0A087WR05	P06803	A0A087WR05	Pim1	True	False	False	False	False	False	C
A0A087WR05	O70172	A0A087WR05	Pip4k2a	True	False	False	False	False	False	B
A0A087WR05	O70139	A0A087WR05	Pkig	True	False	False	False	False	False	B
A0A087WR05	Q50L42	A0A087WR05	Pla2g4e	True	False	False	False	False	False	C
A0A087WR05	Q9Z1B3	A0A087WR05	Plcb1	True	False	False	False	False	False	B
A0A087WR05	Q8K394	A0A087WR05	Plcl2	True	False	False	False	False	False	B
A0A087WR05	Q9QXS1	A0A087WR05	Plec	True	False	False	False	False	False	B
A0A087WR05	P70207	A0A087WR05	Plxna2	True	False	False	False	False	False	B
A0A087WR05	O35134	A0A087WR05	Polr1a	True	False	False	False	False	False	B
A0A087WR05	Q3UYC0	A0A087WR05	Ppm1h	True	False	False	False	False	False	B
A0A087WR05	Q69ZK0	A0A087WR05	Prex1	True	False	False	False	False	False	B
A0A087WR05	P16054	A0A087WR05	Prkce	True	False	False	False	False	False	B
A0A087WR05	P23298	A0A087WR05	Prkch	True	False	False	False	False	False	B
A0A087WR05	Q9R1P4	A0A087WR05	Psma1	True	False	False	False	False	False	B
A0A087WR05	Q61115	A0A087WR05	Ptch1	True	False	False	False	False	False	C
A0A087WR05	P34152	A0A087WR05	Ptk2	True	False	False	False	False	False	B
A0A087WR05	Q9QVP9	A0A087WR05	Ptk2b	True	False	False	False	False	False	B
A0A087WR05	O70274	A0A087WR05	Ptp4a2	True	False	False	False	False	False	B
A0A087WR05	P49446	A0A087WR05	Ptpre	True	False	False	False	False	False	B
A0A087WR05	Q8R143	A0A087WR05	Pttg1ip	True	False	False	False	False	False	C
A0A087WR05	Q9ERI2	A0A087WR05	Rab27a	True	False	False	False	False	False	C
A0A087WR05	Q99P58	A0A087WR05	Rab27b	True	False	False	False	False	False	B
A0A087WR05	A6H6A9	A0A087WR05	Rabgap1l	True	False	False	False	False	False	B
A0A087WR05	O35719	A0A087WR05	Rad51b	True	False	False	False	False	False	B
A0A087WR05	Q61818	A0A087WR05	Rai1	True	False	False	False	False	False	B
A0A087WR05	Q5SVL6	A0A087WR05	Rap1gap2	True	False	False	False	False	False	B
A0A087WR05	Q9EQZ6	A0A087WR05	Rapgef4	True	False	False	False	False	False	C
A0A087WR05	Q91W59	A0A087WR05	Rbms1	True	False	False	False	False	False	C
A0A087WR05	Q80TZ9	A0A087WR05	Rere	True	False	False	False	False	False	B
A0A087WR05	Q8CGE9	A0A087WR05	Rgs12	True	False	False	False	False	False	B
A0A087WR05	A0A087WNZ9	A0A087WR05	A0A087WNZ9	True	False	False	False	False	False	B
A0A087WR05	O54828	A0A087WR05	Rgs9	True	False	False	False	False	False	B
A0A087WR05	P59729	A0A087WR05	Rin3	True	False	False	False	False	False	B
A0A087WR05	E9QPU5	A0A087WR05	E9QPU5	True	False	False	False	False	False	C
A0A087WR05	Q80ZV0	A0A087WR05	Rnaseh2b	True	False	False	False	False	False	B
A0A087WR05	A0A0R4J096	A0A087WR05	A0A0R4J096	True	False	False	False	False	False	A
A0A087WR05	P97351	A0A087WR05	Rps3a	True	False	False	False	False	False	C
A0A087WR05	A2ACM0	A0A087WR05	A2ACM0	True	False	False	False	False	False	B
A0A087WR05	Q8CBY1	A0A087WR05	Samd4a	True	False	False	False	False	False	B
A0A087WR05	Q61009	A0A087WR05	Scarb1	True	False	False	False	False	False	B
A0A087WR05	Q9CZC8	A0A087WR05	Scrn1	True	False	False	False	False	False	C
A0A087WR05	O09126	A0A087WR05	Sema4d	True	False	False	False	False	False	B
A0A087WR05	Q8BHJ6	A0A087WR05	Serinc5	True	False	False	False	False	False	B
A0A087WR05	Q8VCQ6	A0A087WR05	Sgms1	True	False	False	False	False	False	B
A0A087WR05	D3Z107	A0A087WR05	D3Z107	True	False	False	False	False	False	C
A0A087WR05	Q9Z131	A0A087WR05	Sh3bp5	True	False	False	False	False	False	B
A0A087WR05	Q8R550	A0A087WR05	Sh3kbp1	True	False	False	False	False	False	B
A0A087WR05	G3X9F6	A0A087WR05	G3X9F6	True	False	False	False	False	False	B
A0A087WR05	D3Z5K8	A0A087WR05	D3Z5K8	True	False	False	False	False	False	B
A0A087WR05	Q9EPK6	A0A087WR05	Sil1	True	False	False	False	False	False	B
A0A087WR05	Q8C0T5	A0A087WR05	Sipa1l1	True	False	False	False	False	False	B
A0A087WR05	Q80TE4	A0A087WR05	Sipa1l2	True	False	False	False	False	False	B
A0A087WR05	Q60898	A0A087WR05	Sla	True	False	False	False	False	False	B
A0A087WR05	Q8BMD8	A0A087WR05	Slc25a24	True	False	False	False	False	False	C
A0A087WR05	Q9CQS4	A0A087WR05	Slc25a46	True	False	False	False	False	False	C
A0A087WR05	Q8K2P7	A0A087WR05	Slc38a1	True	False	False	False	False	False	B
A0A087WR05	Q8BWY7	A0A087WR05	Slc39a11	True	False	False	False	False	False	B
A0A087WR05	Q8R3L5	A0A087WR05	Slco3a1	True	False	False	False	False	False	B
A0A087WR05	Q9D7Y9	A0A087WR05	Slx4ip	True	False	False	False	False	False	B
A0A087WR05	Q8BUN5	A0A087WR05	Smad3	True	False	False	False	False	False	A
Q8BUN5	A0A087WR05	Smad3	A0A087WR05	True	False	False	False	False	False	C
A0A087WR05	A0A140LIK7	A0A087WR05	A0A140LIK7	True	False	False	False	False	False	B
A0A087WR05	P61406	A0A087WR05	Smg6	True	False	False	False	False	False	B
A0A087WR05	Q9CWR2	A0A087WR05	Smyd3	True	False	False	False	False	False	B
A0A087WR05	Q78PY7	A0A087WR05	Snd1	True	False	False	False	False	False	B
A0A087WR05	O88307	A0A087WR05	Sorl1	True	False	False	False	False	False	C
Q7M6Y2	A0A087WR05	Sox11	A0A087WR05	True	False	False	False	False	False	C
A0A087WR05	Q8BGX7	A0A087WR05	Spidr	True	False	False	False	False	False	B
A0A087WR05	Q924S7	A0A087WR05	Spred2	True	False	False	False	False	False	B
A0A087WR05	P05480	A0A087WR05	Src	True	False	False	False	False	False	B
A0A087WR05	O35326	A0A087WR05	Srsf5	True	False	False	False	False	False	B
A0A087WR05	Q9CYZ8	A0A087WR05	Ssbp2	True	False	False	False	False	False	B
A0A087WR05	P70302	A0A087WR05	Stim1	True	False	False	False	False	False	B
A0A087WR05	Q8BZ60	A0A087WR05	Ston2	True	False	False	False	False	False	B
A0A087WR05	Q8K4L3	A0A087WR05	Svil	True	False	False	False	False	False	C
A0A087WR05	P48025	A0A087WR05	Syk	True	False	False	False	False	False	B
A0A087WR05	Q69ZR9	A0A087WR05	Tasor	True	False	False	False	False	False	C
A0A087WR05	Q60949	A0A087WR05	Tbc1d1	True	False	False	False	False	False	B
A0A087WR05	D3YWM7	A0A087WR05	D3YWM7	True	False	False	False	False	False	B
A0A087WR05	P36423	A0A087WR05	Tbxas1	True	False	False	False	False	False	B
A0A087WR05	A0A5K1VVQ7	A0A087WR05	A0A5K1VVQ7	True	False	False	False	False	False	C
A0A087WR05	Q8BTG3	A0A087WR05	Tcp11l1	True	False	False	False	False	False	C
Q61312	A0A087WR05	Tfap2c	A0A087WR05	True	False	False	False	False	False	B
A0A087WR05	A0A087WPU8	A0A087WR05	A0A087WPU8	True	False	False	False	False	False	C
A0A087WR05	A8C756	A0A087WR05	Thada	True	False	False	False	False	False	B
A0A087WR05	G3UWG2	A0A087WR05	G3UWG2	True	False	False	False	False	False	B
A0A087WR05	Q6ZPF3	A0A087WR05	Tiam2	True	False	False	False	False	False	B
A0A087WR05	A2ACG1	A0A087WR05	Tldc2	True	False	False	False	False	False	C
A0A087WR05	Q62441	A0A087WR05	Tle4	True	False	False	False	False	False	B
A0A087WR05	Q8C0V0	A0A087WR05	Tlk1	True	False	False	False	False	False	B
A0A087WR05	Q8C996	A0A087WR05	Tmem163	True	False	False	False	False	False	B
A0A087WR05	B2RVY9	A0A087WR05	Tmem182	True	False	False	False	False	False	C
A0A087WR05	P32972	A0A087WR05	Tnfsf8	True	False	False	False	False	False	B
A0A087WR05	Q8R4U6	A0A087WR05	Top1mt	True	False	False	False	False	False	C
A0A087WR05	Q66JW3	A0A087WR05	Tox	True	False	False	False	False	False	C
A0A087WR05	E9Q0B9	A0A087WR05	E9Q0B9	True	False	False	False	False	False	B
A0A087WR05	Q8CB49	A0A087WR05	Tprg1	True	False	False	False	False	False	B
A0A087WR05	A0A0A6YWR4	A0A087WR05	A0A0A6YWR4	True	False	False	False	False	False	C
A0A087WR05	Q8BGB2	A0A087WR05	Ttc7a	True	False	False	False	False	False	B
A0A087WR05	Q8BGG7	A0A087WR05	Ubash3b	True	False	False	False	False	False	C
A0A087WR05	Q8BX13	A0A087WR05	Ube3d	True	False	False	False	False	False	C
A0A087WR05	E9Q2P5	A0A087WR05	E9Q2P5	True	False	False	False	False	False	C
A0A087WR05	Q5DID3	A0A087WR05	Umodl1	True	False	False	False	False	False	C
A0A087WR05	Q8BUB6	A0A087WR05	Ust	True	False	False	False	False	False	B
A0A087WR05	Q9R0C8	A0A087WR05	Vav3	True	False	False	False	False	False	B
A0A087WR05	B1ART2	A0A087WR05	B1ART2	True	False	False	False	False	False	B
A0A087WR05	A0A338P6H6	A0A087WR05	A0A338P6H6	True	False	False	False	False	False	C
A0A087WR05	P22726	A0A087WR05	Wnt5b	True	False	False	False	False	False	C
A0A087WR05	Q3U4G3	A0A087WR05	Xxylt1	True	False	False	False	False	False	C
A0A087WR05	F8VPK6	A0A087WR05	F8VPK6	True	False	False	False	False	False	B
A0A087WR05	Q9JIM5	A0A087WR05	Yipf7	True	False	False	False	False	False	C
A0A087WR05	Q3UQ17	A0A087WR05	Q3UQ17	True	False	False	False	False	False	B
A0A087WR05	Q8VCZ7	A0A087WR05	Zbtb7c	True	False	False	False	False	False	B
A0A087WR05	Q9R0G7	A0A087WR05	Zeb2	True	False	False	False	False	False	B
A0A087WR05	Q6P1E1	A0A087WR05	Zmiz1	True	False	False	False	False	False	B
A0A087WR05	A0A571BE87	A0A087WR05	A0A571BE87	True	False	False	False	False	False	C
A0A087WR05	Q91V17	A0A087WR05	Znrf1	True	False	False	False	False	False	B
A0A087WR05	Q8BGZ8	A0A087WR05	Zpld1	True	False	False	False	False	False	C
Q08775	P51827	Runx2	Aff3	True	False	False	False	False	False	C
Q08775	Q61490	Runx2	Alcam	True	False	False	False	False	False	C
Q08775	O08739	Runx2	Ampd3	True	False	False	False	False	False	C
Q08775	B2RXR6	Runx2	Ankrd44	True	False	False	False	False	False	C
Q08775	P12023	Runx2	App	True	False	False	False	False	False	C
Q08775	A2ANX2	Runx2	A2ANX2	True	False	False	False	False	False	C
Q08775	A0A1W2P731	Runx2	A0A1W2P731	True	False	False	False	False	False	C
Q08775	Q3TTA7	Runx2	Cblb	True	False	False	False	False	False	C
Q08775	P55288	Runx2	Cdh11	True	False	False	False	False	False	C
Q08775	Q3V2R3	Runx2	Q3V2R3	True	False	False	False	False	False	C
Q08775	Q80X19	Runx2	Col14a1	True	False	False	False	False	False	C
Q08775	Q8BJQ9	Runx2	Csgalnact1	True	False	False	False	False	False	C
Q08775	Q8R3V6	Runx2	Cuedc1	True	False	False	False	False	False	C
Q08775	Q8BZN6	Runx2	Dock10	True	False	False	False	False	False	C
Q08775	Q8C3J5	Runx2	Dock2	True	False	False	False	False	False	C
Q08775	Q8CHR6	Runx2	Dpyd	True	False	False	False	False	False	C
Q08775	Q61602	Runx2	Gli3	True	False	False	False	False	False	C
Q08775	Q9D2W5	Runx2	Q9D2W5	True	False	False	False	False	False	C
Q08775	Q8K2A1	Runx2	Gulp1	True	False	False	False	False	False	C
Q08775	D3YXG0	Runx2	Hmcn1	True	False	False	False	False	False	C
Q08775	Q8VDV0	Runx2	Itgbl1	True	False	False	False	False	False	B
Q08775	P11881	Runx2	Itpr1	True	False	False	False	False	False	C
Q08775	B1AY49	Runx2	B1AY49	True	False	False	False	False	False	C
Q08775	P70193	Runx2	Lrig1	True	False	False	False	False	False	C
Q08775	Q8BKH7	Runx2	Mapkap1	True	False	False	False	False	False	C
Q08775	D3YVY2	Runx2	D3YVY2	True	False	False	False	False	False	C
Q08775	O70583	Runx2	Mid1	True	False	False	False	False	False	C
Q08775	Q8BK72	Runx2	Mrps27	True	False	False	False	False	False	C
Q08775	Q69ZN7	Runx2	Myof	True	False	False	False	False	False	C
Q08775	Q8BGW5	Runx2	Nabp1	True	False	False	False	False	False	C
Q08775	A0A286YDV4	Runx2	A0A286YDV4	True	False	False	False	False	False	C
Q08775	A0A140LIG9	Runx2	A0A140LIG9	True	False	False	False	False	False	C
Q08775	A0A0N4SV33	Runx2	A0A0N4SV33	True	False	False	False	False	False	C
Q08775	Q9WVE8	Runx2	Pacsin2	True	False	False	False	False	False	C
Q08775	Q8R4K8	Runx2	Pappa	True	False	False	False	False	False	C
Q08775	O70172	Runx2	Pip4k2a	True	False	False	False	False	False	C
Q08775	Q9Z1B3	Runx2	Plcb1	True	False	False	False	False	False	C
Q08775	P34152	Runx2	Ptk2	True	False	False	False	False	False	C
Q08775	Q8BWL5	Runx2	Rbms3	True	False	False	False	False	False	C
Q08775	Q6A0D4	Runx2	Rftn1	True	False	False	False	False	False	C
Q08775	Q3UPZ0	Runx2	Q3UPZ0	True	False	False	False	False	False	C
Q08775	Q8K4L3	Runx2	Svil	True	False	False	False	False	False	C
Q08775	P36423	Runx2	Tbxas1	True	False	False	False	False	False	C
Q08775	A0A0J9YTU7	Runx2	A0A0J9YTU7	True	False	False	False	False	False	C
Q08775	A0A0A0MQB7	Runx2	A0A0A0MQB7	True	False	False	False	False	False	C
Q08775	Q6ZPF3	Runx2	Tiam2	True	False	False	False	False	False	C
Q08775	Q62441	Runx2	Tle4	True	False	False	False	False	False	C
Q08775	Q8CB49	Runx2	Tprg1	True	False	False	False	False	False	C
Q08775	P62080	Runx2	Tspan5	True	False	False	False	False	False	C
Q08775	Q8K1I7	Runx2	Wipf1	True	False	False	False	False	False	C
Q08775	P22726	Runx2	Wnt5b	True	False	False	False	False	False	C
Q3U1Q3	P51827	Q3U1Q3	Aff3	True	False	False	False	False	False	C
Q3U1Q3	O08739	Q3U1Q3	Ampd3	True	False	False	False	False	False	C
Q3U1Q3	Q6Y5D8	Q3U1Q3	Arhgap10	True	False	False	False	False	False	C
Q3U1Q3	A2BH40	Q3U1Q3	Arid1a	True	False	False	False	False	False	C
Q3U1Q3	Q8BM75	Q3U1Q3	Arid5b	True	False	False	False	False	False	C
Q3U1Q3	Q9WTL8	Q3U1Q3	Bmal1	True	False	False	False	False	False	C
Q3U1Q3	O35284	Q3U1Q3	Batf	True	False	False	False	False	False	C
Q3U1Q3	Q6PAJ1	Q3U1Q3	Bcr	True	False	False	False	False	False	C
Q3U1Q3	P16277	Q3U1Q3	Blk	True	False	False	False	False	False	C
Q3U1Q3	E9QNY6	Q3U1Q3	E9QNY6	True	False	False	False	False	False	C
Q3U1Q3	A0A087WS83	Q3U1Q3	A0A087WS83	True	False	False	False	False	False	C
Q3U1Q3	Q8R0S4	Q3U1Q3	Cacnb4	True	False	False	False	False	False	C
Q3U1Q3	A0A3Q4EG96	Q3U1Q3	A0A3Q4EG96	True	False	False	False	False	False	C
Q3U1Q3	Q6VGS5	Q3U1Q3	Ccdc88c	True	False	False	False	False	False	C
Q3U1Q3	Q8K4F0	Q3U1Q3	Cd226	True	False	False	False	False	False	C
Q3U1Q3	A2APM2	Q3U1Q3	A2APM2	True	False	False	False	False	False	C
Q3U1Q3	P42082	Q3U1Q3	Cd86	True	False	False	False	False	False	C
Q3U1Q3	Q8BGH7	Q3U1Q3	Cdc42se2	True	False	False	False	False	False	C
Q3U1Q3	Q91WE6	Q3U1Q3	Cdkal1	True	False	False	False	False	False	C
Q3U1Q3	Q9WTK2	Q3U1Q3	Cdyl	True	False	False	False	False	False	C
Q3U1Q3	Q9QZE2	Q3U1Q3	Clnk	True	False	False	False	False	False	C
Q3U1Q3	Q9ESD6	Q3U1Q3	Cmtm7	True	False	False	False	False	False	C
Q3U1Q3	A0A0R4J0N8	Q3U1Q3	A0A0R4J0N8	True	False	False	False	False	False	C
Q3U1Q3	Q3TZ02	Q3U1Q3	Q3TZ02	True	False	False	False	False	False	C
Q3U1Q3	Q91VY6	Q3U1Q3	Cytip	True	False	False	False	False	False	B
Q3U1Q3	Q8BZN6	Q3U1Q3	Dock10	True	False	False	False	False	False	C
Q3U1Q3	Q8C3J5	Q3U1Q3	Dock2	True	False	False	False	False	False	B
Q3U1Q3	Q9EQY0	Q3U1Q3	Ern1	True	False	False	False	False	False	C
Q3U1Q3	P39688	Q3U1Q3	Fyn	True	False	False	False	False	False	B
Q3U1Q3	O89100	Q3U1Q3	Grap2	True	False	False	False	False	False	C
Q3U1Q3	Q6NZM9	Q3U1Q3	Hdac4	True	False	False	False	False	False	C
Q3U1Q3	A0A1B0GSQ5	Q3U1Q3	A0A1B0GSQ5	True	False	False	False	False	False	C
Q3U1Q3	G5E8H3	Q3U1Q3	G5E8H3	True	False	False	False	False	False	C
Q3U1Q3	O08900	Q3U1Q3	Ikzf3	True	False	False	False	False	False	C
Q3U1Q3	Q61727	Q3U1Q3	Il10ra	True	False	False	False	False	False	C
Q3U1Q3	O54824	Q3U1Q3	Il16	True	False	False	False	False	False	C
Q3U1Q3	Q9JHX3	Q3U1Q3	Il21r	True	False	False	False	False	False	C
Q3U1Q3	Q9ES52	Q3U1Q3	Inpp5d	True	False	False	False	False	False	C
Q3U1Q3	E9PUA3	Q3U1Q3	E9PUA3	True	False	False	False	False	False	C
Q3U1Q3	Q5STT8	Q3U1Q3	Q5STT8	True	False	False	False	False	False	C
Q3U1Q3	P11881	Q3U1Q3	Itpr1	True	False	False	False	False	False	C
Q3U1Q3	Q62315	Q3U1Q3	Jarid2	True	False	False	False	False	False	C
Q3U1Q3	Q6V595	Q3U1Q3	Klhl6	True	False	False	False	False	False	C
Q3U1Q3	O54707	Q3U1Q3	Klrd1	True	False	False	False	False	False	C
Q3U1Q3	Q61168	Q3U1Q3	Laptm5	True	False	False	False	False	False	C
Q3U1Q3	P27782	Q3U1Q3	Lef1	True	False	False	False	False	False	C
Q3U1Q3	P25911	Q3U1Q3	Lyn	True	False	False	False	False	False	C
Q3U1Q3	Q8BKH7	Q3U1Q3	Mapkap1	True	False	False	False	False	False	C
Q3U1Q3	A2AM29	Q3U1Q3	Mllt3	True	False	False	False	False	False	C
Q3U1Q3	V9GXT3	Q3U1Q3	V9GXT3	True	False	False	False	False	False	C
Q3U1Q3	A0A286YDV4	Q3U1Q3	A0A286YDV4	True	False	False	False	False	False	C
Q3U1Q3	Q60591	Q3U1Q3	Nfatc2	True	False	False	False	False	False	C
Q3U1Q3	Q810U4	Q3U1Q3	Nrcam	True	False	False	False	False	False	C
Q3U1Q3	A0A0N4SV33	Q3U1Q3	A0A0N4SV33	True	False	False	False	False	False	C
Q3U1Q3	Q9WVE8	Q3U1Q3	Pacsin2	True	False	False	False	False	False	C
Q3U1Q3	Q8VBU5	Q3U1Q3	Q8VBU5	True	False	False	False	False	False	C
Q3U1Q3	Q5SW28	Q3U1Q3	Pik3r5	True	False	False	False	False	False	C
Q3U1Q3	Q8CIH5	Q3U1Q3	Plcg2	True	False	False	False	False	False	C
Q3U1Q3	Q8K394	Q3U1Q3	Plcl2	True	False	False	False	False	False	C
Q3U1Q3	Q64693	Q3U1Q3	Pou2af1	True	False	False	False	False	False	C
Q3U1Q3	Q69ZK0	Q3U1Q3	Prex1	True	False	False	False	False	False	C
Q3U1Q3	P68404	Q3U1Q3	Prkcb	True	False	False	False	False	False	C
Q3U1Q3	A2AVJ5	Q3U1Q3	Prr5l	True	False	False	False	False	False	C
Q3U1Q3	P34152	Q3U1Q3	Ptk2	True	False	False	False	False	False	C
Q3U1Q3	Q9QVP9	Q3U1Q3	Ptk2b	True	False	False	False	False	False	C
Q3U1Q3	Q9D3G9	Q3U1Q3	Rhoh	True	False	False	False	False	False	C
Q3U1Q3	P59729	Q3U1Q3	Rin3	True	False	False	False	False	False	C
Q3U1Q3	P57725	Q3U1Q3	Samsn1	True	False	False	False	False	False	C
Q3U1Q3	O09126	Q3U1Q3	Sema4d	True	False	False	False	False	False	C
Q3U1Q3	Q3UUV5	Q3U1Q3	Skap1	True	False	False	False	False	False	C
Q3U1Q3	Q9QUM4	Q3U1Q3	Slamf1	True	False	False	False	False	False	C
Q3U1Q3	Q8BUN5	Q3U1Q3	Smad3	True	False	False	False	False	False	C
Q3U1Q3	P61406	Q3U1Q3	Smg6	True	False	False	False	False	False	C
Q3U1Q3	Q64685	Q3U1Q3	St6gal1	True	False	False	False	False	False	C
Q3U1Q3	Q64692	Q3U1Q3	St8sia4	True	False	False	False	False	False	C
Q3U1Q3	O55098	Q3U1Q3	Stk10	True	False	False	False	False	False	C
Q3U1Q3	A0A5K1VVQ7	Q3U1Q3	A0A5K1VVQ7	True	False	False	False	False	False	B
Q3U1Q3	Q8BZ64	Q3U1Q3	Tctn1	True	False	False	False	False	False	C
Q3U1Q3	Q6ZPF3	Q3U1Q3	Tiam2	True	False	False	False	False	False	C
Q3U1Q3	Q91XL3	Q3U1Q3	Uxs1	True	False	False	False	False	False	C
Q3U1Q3	Q8K1I7	Q3U1Q3	Wipf1	True	False	False	False	False	False	C
Q3U1Q3	Q3U4G3	Q3U1Q3	Xxylt1	True	False	False	False	False	False	C
P28700	Q7TPR4	Rxra	Actn1	True	False	False	False	False	False	C
P28700	E9PY16	Rxra	E9PY16	True	False	False	False	False	False	C
P28700	A0A494BBD5	Rxra	A0A494BBD5	True	False	False	False	False	False	C
P28700	Q8C7G5	Rxra	Apoa5	True	False	False	False	False	False	C
P28700	F8WHB1	Rxra	F8WHB1	True	False	False	False	False	False	C
P28700	A0A140LIA7	Rxra	Gm29797	True	False	False	False	False	False	C
P28700	P97742	Rxra	Cpt1a	True	False	False	False	False	False	B
P28700	Q8BGD5	Rxra	Cpt1c	True	False	False	False	False	False	C
P28700	P58466	Rxra	Ctdsp1	True	False	False	False	False	False	C
P28700	Q9DBG1	Rxra	Cyp27a1	True	False	False	False	False	False	C
P28700	O88876	Rxra	Dhrs3	True	False	False	False	False	False	C
P28700	H3BJ24	Rxra	H3BJ24	True	False	False	False	False	False	C
P28700	Q6PB93	Rxra	Galnt2	True	False	False	False	False	False	C
P28700	Q3U3C9	Rxra	Gse1	True	False	False	False	False	False	C
P28700	P62748	Rxra	Hpcal1	True	False	False	False	False	False	C
P28700	Q9JJZ6	Rxra	Klf13	True	False	False	False	False	False	C
P28700	Q91VN0	Rxra	Lrp5	True	False	False	False	False	False	C
P28700	Q9WTX8	Rxra	Mad1l1	True	False	False	False	False	False	C
P28700	Q8BKH7	Rxra	Mapkap1	True	False	False	False	False	False	C
P28700	Q8R003	Rxra	Mbnl3	True	False	False	False	False	False	C
P28700	D3YVY2	Rxra	D3YVY2	True	False	False	False	False	False	C
P28700	Q8CDB0	Rxra	Mknk2	True	False	False	False	False	False	C
P28700	Q8BSU7	Rxra	Mob3a	True	False	False	False	False	False	C
P28700	A0A0R4J0N9	Rxra	A0A0R4J0N9	True	False	False	False	False	False	C
P28700	Q6PDN3	Rxra	Mylk	True	False	False	False	False	False	C
P28700	Q9DCM7	Rxra	Nacc2	True	False	False	False	False	False	C
P28700	Q3UHN9	Rxra	Ndst1	True	False	False	False	False	False	C
P28700	Q02780	Rxra	Nfia	True	False	False	False	False	False	C
P28700	P70255	Rxra	Nfic	True	False	False	False	False	False	C
P28700	Q9Z0Y9	Rxra	Nr1h3	True	False	False	False	False	False	A
P28700	Q07475	Rxra	Nrep	True	False	False	False	False	False	C
P28700	Q8CI19	Rxra	Pdgfc	True	False	False	False	False	False	C
P28700	B1AVP0	Rxra	B1AVP0	True	False	False	False	False	False	C
P28700	Q9Z1B3	Rxra	Plcb1	True	False	False	False	False	False	C
P28700	P43883	Rxra	Plin2	True	False	False	False	False	False	B
P28700	Q8BVZ1	Rxra	Plin5	True	False	False	False	False	False	C
P28700	P70207	Rxra	Plxna2	True	False	False	False	False	False	C
P28700	B2RXS4	Rxra	Plxnb2	True	False	False	False	False	False	C
P28700	A2A8L5	Rxra	Ptprf	True	False	False	False	False	False	C
P28700	Q9EP71	Rxra	Rai14	True	False	False	False	False	False	C
P28700	P22605	Rxra	Rarb	True	False	False	False	False	False	B
P28700	P31266	Rxra	Rbpj	True	False	False	False	False	False	C
P28700	Q80TZ9	Rxra	Rere	True	False	False	False	False	False	C
P28700	P15409	Rxra	Rho	True	False	False	False	False	False	C
P28700	Q6GQT6	Rxra	Scap	True	False	False	False	False	False	C
P28700	B1AUF1	Rxra	B1AUF1	True	False	False	False	False	False	C
P28700	Q8BUN5	Rxra	Smad3	True	False	False	False	False	False	C
P28700	A0A5F8MPJ2	Rxra	A0A5F8MPJ2	True	False	False	False	False	False	B
P28700	Q8K1N4	Rxra	Spats2	True	False	False	False	False	False	C
P28700	O35400	Rxra	Sult2b1	True	False	False	False	False	False	C
P28700	Q9QVN7	Rxra	Tcea2	True	False	False	False	False	False	C
P28700	D3YZM7	Rxra	D3YZM7	True	False	False	False	False	False	C
P28700	A0A1L1SQ51	Rxra	A0A1L1SQ51	True	False	False	False	False	False	C
P28700	D3Z3B6	Rxra	D3Z3B6	True	False	False	False	False	False	C
P28700	Q5SSZ5	Rxra	Tns3	True	False	False	False	False	False	C
P28700	Q8CFU8	Rxra	Tp53inp2	True	False	False	False	False	False	C
P28700	P0CG50	Rxra	Ubc	True	False	False	False	False	False	B
P28700	Q99KU0	Rxra	Vmp1	True	False	False	False	False	False	C
P28700	Q5SPW0	Rxra	Vps54	True	False	False	False	False	False	C
P28700	Q64321	Rxra	Zbtb7b	True	False	False	False	False	False	C
P28700	Q6P1E1	Rxra	Zmiz1	True	False	False	False	False	False	C
P28700	A0A286YDB9	Rxra	A0A286YDB9	True	False	False	False	False	False	C
P28704	Q9Z1P8	Rxrb	Angptl4	True	False	False	False	False	False	C
P28704	Q8C7G5	Rxrb	Apoa5	True	False	False	False	False	False	C
P28704	Q8BGD5	Rxrb	Cpt1c	True	False	False	False	False	False	C
P28704	Q9DBG1	Rxrb	Cyp27a1	True	False	False	False	False	False	C
P28704	Q8BVZ1	Rxrb	Plin5	True	False	False	False	False	False	C
P28704	A0A5F8MPJ2	Rxrb	A0A5F8MPJ2	True	False	False	False	False	False	C
P28705	Q9Z1P8	Rxrg	Angptl4	True	False	False	False	False	False	C
P28705	Q8C7G5	Rxrg	Apoa5	True	False	False	False	False	False	C
P28705	A0A0R4J1N3	Rxrg	A0A0R4J1N3	True	False	False	False	False	False	C
P28705	Q8BGD5	Rxrg	Cpt1c	True	False	False	False	False	False	C
P28705	Q9Z2V4	Rxrg	Pck1	True	False	False	False	False	False	C
P28705	Q8BVZ1	Rxrg	Plin5	True	False	False	False	False	False	C
P28705	A0A5F8MPJ2	Rxrg	A0A5F8MPJ2	True	False	False	False	False	False	C
D3YU76	P58463	D3YU76	Foxp2	True	False	False	False	False	False	C
D3YU76	F8VQ05	D3YU76	F8VQ05	True	False	False	False	False	False	C
D3YU76	A0A0R4J0V4	D3YU76	A0A0R4J0V4	True	False	False	False	False	False	C
D3YU76	E9Q7G0	D3YU76	Numa1	True	False	False	False	False	False	C
D3YU76	Q0VE29	D3YU76	Samd12	True	False	False	False	False	False	C
D3YU76	D3YWD3	D3YU76	D3YWD3	True	False	False	False	False	False	C
D3YU76	A0A1L1SSL7	D3YU76	A0A1L1SSL7	True	False	False	False	False	False	C
D3YU76	A0A571BE87	D3YU76	A0A571BE87	True	False	False	False	False	False	C
Q62232	Q3U148	Six2	Q3U148	True	False	False	False	False	False	C
Q62232	Q8R2G6	Six2	Ccdc80	True	False	False	False	False	False	C
Q62232	Q9Z0S3	Six2	Cldn14	True	False	False	False	False	False	C
Q62232	Q9D4C9	Six2	Clvs1	True	False	False	False	False	False	C
Q62232	P68500	Six2	Cntn5	True	False	False	False	False	False	C
Q62232	Q8BLR2	Six2	Cpne4	True	False	False	False	False	False	C
Q62232	E0CXB9	Six2	E0CXB9	True	False	False	False	False	False	C
Q62232	Q9Z218	Six2	Dpp6	True	False	False	False	False	False	C
Q62232	P41164	Six2	Etv1	True	False	False	False	False	False	C
Q62232	P97360	Six2	Etv6	True	False	False	False	False	False	C
Q62232	Q08879	Six2	Fbln1	True	False	False	False	False	False	C
Q62232	E9QK53	Six2	E9QK53	True	False	False	False	False	False	C
Q62232	Q920B0	Six2	Frmd4b	True	False	False	False	False	False	C
Q62232	Q6P9S7	Six2	Galnt10	True	False	False	False	False	False	C
Q62232	Q3U3C9	Six2	Gse1	True	False	False	False	False	False	C
Q62232	P11881	Six2	Itpr1	True	False	False	False	False	False	C
Q62232	E9Q238	Six2	Kank1	True	False	False	False	False	False	C
Q62232	B1AY49	Six2	B1AY49	True	False	False	False	False	False	C
Q62232	A0A3Q4EGK3	Six2	A0A3Q4EGK3	True	False	False	False	False	False	C
Q62232	G3X9H7	Six2	G3X9H7	True	False	False	False	False	False	C
Q62232	Q7TPH6	Six2	Mycbp2	True	False	False	False	False	False	C
Q62232	A0A286YDV4	Six2	A0A286YDV4	True	False	False	False	False	False	C
Q62232	A0A140LIG9	Six2	A0A140LIG9	True	False	False	False	False	False	C
Q62232	P0DI97	Six2	Nrxn1	True	False	False	False	False	False	C
Q62232	Q9CS84	Six2	Nrxn1	True	False	False	False	False	False	C
Q62232	P23298	Six2	Prkch	True	False	False	False	False	False	C
Q62232	Q62231	Six2	Six1	True	False	False	False	False	False	C
Q62232	Q60949	Six2	Tbc1d1	True	False	False	False	False	False	C
Q62232	Q3UTY6	Six2	Thsd4	True	False	False	False	False	False	C
Q62232	Q3U0M1	Six2	Trappc9	True	False	False	False	False	False	C
Q62232	Q8BYY4	Six2	Ttc39b	True	False	False	False	False	False	C
Q62232	Q8VCZ7	Six2	Zbtb7c	True	False	False	False	False	False	C
Q62232	Q6P1E1	Six2	Zmiz1	True	False	False	False	False	False	C
Q62232	Q80TS5	Six2	Znf423	True	False	False	False	False	False	B
P70178	O88888	Six5	Apba3	True	False	False	False	False	False	C
P70178	O35855	Six5	Bcat2	True	False	False	False	False	False	C
P70178	Q9D8S9	Six5	Bola1	True	False	False	False	False	False	C
P70178	Q8BGZ2	Six5	Fam168a	True	False	False	False	False	False	C
P70178	E9QL29	Six5	E9QL29	True	False	False	False	False	False	C
P70178	Q8R3Y8	Six5	Irf2bp1	True	False	False	False	False	False	C
P70178	Q0ZCJ7	Six5	Mamstr	True	False	False	False	False	False	C
P70178	A0A140LHG7	Six5	A0A140LHG7	True	False	False	False	False	False	C
P70178	Q9D074	Six5	Mgrn1	True	False	False	False	False	False	C
P70178	A0A494BA94	Six5	A0A494BA94	True	False	False	False	False	False	C
P70178	P48377	Six5	Rfx1	True	False	False	False	False	False	C
P70178	Q91ZM2	Six5	Sh2b1	True	False	False	False	False	False	C
P70178	A0A0R4J101	Six5	A0A0R4J101	True	False	False	False	False	False	C
P70178	Q9JIA7	Six5	Sphk2	True	False	False	False	False	False	C
P70178	Q8BYH7	Six5	Tbc1d17	True	False	False	False	False	False	C
P70178	Q9QVN7	Six5	Tcea2	True	False	False	False	False	False	C
P70178	Q9JJD0	Six5	Thap11	True	False	False	False	False	False	C
P70178	Q9DCK3	Six5	Tspan4	True	False	False	False	False	False	C
P70178	Q6IQX8	Six5	Znf219	True	False	False	False	False	False	C
P70178	A0A140LJJ1	Six5	A0A140LJJ1	True	False	False	False	False	False	C
P70340	Q91X46	Smad1	Arhgef3	True	False	False	False	False	False	C
P70340	A2BH40	Smad1	Arid1a	True	False	False	False	False	False	C
P70340	Q02248	Smad1	Ctnnb1	True	False	False	False	False	False	C
P70340	Q9Z0J7	Smad1	Gdf15	True	False	False	False	False	False	B
P70340	Q07113	Smad1	Igf2r	True	False	False	False	False	False	C
P70340	P25911	Smad1	Lyn	True	False	False	False	False	False	C
P70340	Q8BK72	Smad1	Mrps27	True	False	False	False	False	False	C
P70340	Q9JJX8	Smad1	Stk32b	True	False	False	False	False	False	C
P22091	P70340	Tal1	Smad1	True	False	False	False	False	False	C
P70340	Q0VGY8	Smad1	Tanc1	True	False	False	False	False	False	C
P70340	Q9EPK7	Smad1	Xpo7	True	False	False	False	False	False	C
P70340	Q9R0G7	Smad1	Zeb2	True	False	False	False	False	False	B
P70340	Q6KAS7	Smad1	Znf521	True	False	False	False	False	False	C
Q8BUN5	O35600	Smad3	Abca4	True	False	False	False	False	False	C
Q8BUN5	Q80YS6	Smad3	Afap1	True	False	False	False	False	False	C
Q8BUN5	B2RQE8	Smad3	Arhgap42	True	False	False	False	False	False	C
Q8BUN5	Q91X46	Smad3	Arhgef3	True	False	False	False	False	False	C
Q8BUN5	E9PZM4	Smad3	Chd2	True	False	False	False	False	False	C
Q8BUN5	Q91XQ5	Smad3	Chst15	True	False	False	False	False	False	C
Q8BUN5	Q9D486	Smad3	Cmip	True	False	False	False	False	False	B
Q8BUN5	P47801	Smad3	Emp1	True	False	False	False	False	False	C
Q8BUN5	P15037	Smad3	Ets2	True	False	False	False	False	False	C
Q8BUN5	A0A0R4J0H8	Smad3	A0A0R4J0H8	True	False	False	False	False	False	C
Q8BUN5	Q9Z2Z9	Smad3	Gfpt2	True	False	False	False	False	False	C
Q8BUN5	E0CX93	Smad3	E0CX93	True	False	False	False	False	False	B
Q8BUN5	G5E8C3	Smad3	G5E8C3	True	False	False	False	False	False	B
Q8BUN5	Q3UHF7	Smad3	Hivep2	True	False	False	False	False	False	C
Q8BUN5	P70174	Smad3	Hrh1	True	False	False	False	False	False	C
Q8BUN5	Q5SF07	Smad3	Igf2bp2	True	False	False	False	False	False	C
Q8BUN5	Q60837	Smad3	Il12rb1	True	False	False	False	False	False	C
Q8BUN5	O88932	Smad3	Kcnj15	True	False	False	False	False	False	C
Q8BUN5	Q8VCD7	Smad3	Kdm4c	True	False	False	False	False	False	C
Q8BUN5	B1AY49	Smad3	B1AY49	True	False	False	False	False	False	B
Q8BUN5	A0A0A6YVZ8	Smad3	A0A0A6YVZ8	True	False	False	False	False	False	B
Q8BUN5	P04370	Smad3	Mbp	True	False	False	False	False	False	C
Q8BUN5	Q924H2	Smad3	Med15	True	False	False	False	False	False	C
Q8BUN5	O70583	Smad3	Mid1	True	False	False	False	False	False	C
Q8BUN5	Q6PDN3	Smad3	Mylk	True	False	False	False	False	False	C
Q8BUN5	Q8BGW5	Smad3	Nabp1	True	False	False	False	False	False	C
Q8BUN5	Q60591	Smad3	Nfatc2	True	False	False	False	False	False	C
Q8BUN5	Q8K212	Smad3	Pacs1	True	False	False	False	False	False	C
Q8BUN5	Q8K1N2	Smad3	Phldb2	True	False	False	False	False	False	C
Q8BUN5	Q91UZ1	Smad3	Q91UZ1	True	False	False	False	False	False	C
Q8BUN5	Q91W59	Smad3	Rbms1	True	False	False	False	False	False	C
Q8BUN5	Q8CBY1	Smad3	Samd4a	True	False	False	False	False	False	C
Q8BUN5	Q8R550	Smad3	Sh3kbp1	True	False	False	False	False	False	C
Q8BUN5	Q920G8	Smad3	Slc25a37	True	False	False	False	False	False	C
Q8BUN5	O35182	Smad3	Smad6	True	False	False	False	False	False	C
Q8BUN5	E9PYU8	Smad3	E9PYU8	True	False	False	False	False	False	C
Q8BUN5	D3YWM9	Smad3	D3YWM9	True	False	False	False	False	False	C
Q8BUN5	A0A140LHC0	Smad3	A0A140LHC0	True	False	False	False	False	False	C
Q8BUN5	E9Q8T1	Smad3	E9Q8T1	True	False	False	False	False	False	C
Q8BUN5	Q60949	Smad3	Tbc1d1	True	False	False	False	False	False	C
E9QQ91	Q8BUN5	E9QQ91	Smad3	True	False	False	False	False	False	C
Q8BUN5	E9QQ91	Smad3	E9QQ91	True	False	False	False	False	False	C
Q8BUN5	P70284	Smad3	Tgif1	True	False	False	False	False	False	C
Q8BUN5	Q6ZPF3	Smad3	Tiam2	True	False	False	False	False	False	C
Q8BUN5	Q08122	Smad3	Tle3	True	False	False	False	False	False	C
Q8BUN5	P25118	Smad3	Tnfrsf1a	True	False	False	False	False	False	C
Q8BUN5	D3Z3B6	Smad3	D3Z3B6	True	False	False	False	False	False	C
Q8BUN5	Q9EQJ0	Smad3	Tpcn1	True	False	False	False	False	False	C
Q8BUN5	Q8K0L9	Smad3	Zbtb20	True	False	False	False	False	False	C
Q8BUN5	P23950	Smad3	Zfp36l1	True	False	False	False	False	False	C
Q8BUN5	P23949	Smad3	Zfp36l2	True	False	False	False	False	False	C
Q8BUN5	A0A7N9VSH7	Smad3	A0A7N9VSH7	True	False	False	False	False	False	C
P97471	B1AVP1	Smad4	B1AVP1	True	False	False	False	False	False	C
P97471	A0A338P6U8	Smad4	A0A338P6U8	True	False	False	False	False	False	C
P97471	B1AR74	Smad4	B1AR74	True	False	False	False	False	False	C
P97471	O54940	Smad4	Bnip2	True	False	False	False	False	False	C
P97471	Q921C3	Smad4	Brwd1	True	False	False	False	False	False	C
P97471	Q8BH35	Smad4	C8b	True	False	False	False	False	False	C
P97471	Q6PDJ1	Smad4	Cachd1	True	False	False	False	False	False	C
P97471	Q8BHG9	Smad4	Cggbp1	True	False	False	False	False	False	C
P97471	B2RQ71	Smad4	B2RQ71	True	False	False	False	False	False	B
P97471	P70451	Smad4	Fer	True	False	False	False	False	False	C
P97471	Q80X90	Smad4	Flnb	True	False	False	False	False	False	C
P97471	H3BJ24	Smad4	H3BJ24	True	False	False	False	False	False	C
P97471	Q99JB6	Smad4	Foxp3	True	False	False	False	False	False	C
P97471	Q80WT4	Smad4	Gpr176	True	False	False	False	False	False	C
P97471	G5E8U4	Smad4	G5E8U4	True	False	False	False	False	False	C
P97471	O35231	Smad4	Kifc3	True	False	False	False	False	False	C
P97471	Q9WVQ1	Smad4	Magi2	True	False	False	False	False	False	C
P97471	Q61084	Smad4	Map3k3	True	False	False	False	False	False	C
P97471	E9PWI3	Smad4	E9PWI3	True	False	False	False	False	False	C
P97471	Q5RJH2	Smad4	Mctp2	True	False	False	False	False	False	C
P97471	G5E8G6	Smad4	G5E8G6	True	False	False	False	False	False	C
P97471	P70365	Smad4	Ncoa1	True	False	False	False	False	False	C
P97471	Q61026	Smad4	Ncoa2	True	False	False	False	False	False	C
P97471	B1AVP0	Smad4	B1AVP0	True	False	False	False	False	False	C
P97471	P97474	Smad4	Pitx2	True	False	False	False	False	False	B
P97471	Q9Z1B3	Smad4	Plcb1	True	False	False	False	False	False	C
P97471	Q91Z31	Smad4	Ptbp2	True	False	False	False	False	False	C
P97471	P15409	Smad4	Rho	True	False	False	False	False	False	C
P97471	J3QN61	Smad4	J3QN61	True	False	False	False	False	False	C
P97471	Q91Y63	Smad4	Slc13a3	True	False	False	False	False	False	C
P97471	O35182	Smad4	Smad6	True	False	False	False	False	False	B
P97471	Q61142	Smad4	Spin1	True	False	False	False	False	False	C
P97471	Q9D3E6	Smad4	Stag1	True	False	False	False	False	False	C
P97471	D3Z656	Smad4	D3Z656	True	False	False	False	False	False	C
P97471	Q3UV71	Smad4	Tmtc1	True	False	False	False	False	False	C
P97471	Q9CYB0	Smad4	Trim13	True	False	False	False	False	False	C
P97471	Q9QY01	Smad4	Ulk2	True	False	False	False	False	False	C
P97471	E9QPD3	Smad4	E9QPD3	True	False	False	False	False	False	C
P97454	A0A338P6U8	Smad5	A0A338P6U8	True	False	False	False	False	False	C
P97454	A0A286YDU2	Smad5	A0A286YDU2	True	False	False	False	False	False	C
P97454	Q8CE22	Smad5	Dmtf1	True	False	False	False	False	False	C
P97454	P63158	Smad5	Hmgb1	True	False	False	False	False	False	C
P97454	Q8BG05	Smad5	Hnrnpa3	True	False	False	False	False	False	C
P97454	P06537	Smad5	Nr3c1	True	False	False	False	False	False	C
P97454	Q920Q2	Smad5	Rev1	True	False	False	False	False	False	C
P97454	Q9CTN4	Smad5	Rhobtb3	True	False	False	False	False	False	C
P97454	Q8CG47	Smad5	Smc4	True	False	False	False	False	False	C
P97454	O70494	Smad5	Sp3	True	False	False	False	False	False	C
P97469	Q91V12	Snai2	Acot7	True	False	False	False	False	False	C
P97469	Q05910	Snai2	Adam8	True	False	False	False	False	False	C
P97469	E9PY16	Snai2	E9PY16	True	False	False	False	False	False	C
P97469	Q8CGM1	Snai2	Adgrb2	True	False	False	False	False	False	C
P97469	Q9D517	Snai2	Agpat3	True	False	False	False	False	False	C
P97469	G5E8J2	Snai2	G5E8J2	True	False	False	False	False	False	C
P97469	Q3U5C8	Snai2	Arhgef16	True	False	False	False	False	False	C
P97469	Q91X46	Snai2	Arhgef3	True	False	False	False	False	False	C
P97469	P28662	Snai2	Bri3	True	False	False	False	False	False	C
P97469	Q9QXP7	Snai2	C1qtnf1	True	False	False	False	False	False	C
P97469	Q6VGS5	Snai2	Ccdc88c	True	False	False	False	False	False	C
P97469	Q9EPL2	Snai2	Clstn1	True	False	False	False	False	False	C
P97469	Q8BZQ2	Snai2	Crispld2	True	False	False	False	False	False	C
P97469	Q8CJ40	Snai2	Crocc	True	False	False	False	False	False	C
P97469	A2AUX5	Snai2	A2AUX5	True	False	False	False	False	False	C
P97469	B1AZP2	Snai2	Dlgap4	True	False	False	False	False	False	C
P97469	Q01279	Snai2	Egfr	True	False	False	False	False	False	C
P97469	Q99K30	Snai2	Eps8l2	True	False	False	False	False	False	C
P97469	Q8VE94	Snai2	Fam110c	True	False	False	False	False	False	C
P97469	Q505K2	Snai2	Fhip1a	True	False	False	False	False	False	C
P97469	Q8BY35	Snai2	Fgd2	True	False	False	False	False	False	C
P97469	Q64378	Snai2	Fkbp5	True	False	False	False	False	False	C
P97469	P62748	Snai2	Hpcal1	True	False	False	False	False	False	C
P97469	Q9QYE5	Snai2	Jag2	True	False	False	False	False	False	C
P97469	O35231	Snai2	Kifc3	True	False	False	False	False	False	C
P97469	Q8CGK3	Snai2	Lonp1	True	False	False	False	False	False	C
P97469	A0A0R4J0I9	Snai2	A0A0R4J0I9	True	False	False	False	False	False	C
P97469	Q3UZ39	Snai2	Lrrfip1	True	False	False	False	False	False	C
P97469	Q61827	Snai2	Mafk	True	False	False	False	False	False	C
P97469	P04370	Snai2	Mbp	True	False	False	False	False	False	C
P97469	Q924H2	Snai2	Med15	True	False	False	False	False	False	C
P97469	Q8CDB0	Snai2	Mknk2	True	False	False	False	False	False	C
P97469	Q711T7	Snai2	Nadsyn1	True	False	False	False	False	False	C
P97469	A0A286YDV4	Snai2	A0A286YDV4	True	False	False	False	False	False	C
P97469	Q8BVE8	Snai2	Nsd2	True	False	False	False	False	False	C
P97469	Q8R2U4	Snai2	Ntmt1	True	False	False	False	False	False	C
P97469	Q9D142	Snai2	Nudt14	True	False	False	False	False	False	C
P97469	Q9ES46	Snai2	Parvb	True	False	False	False	False	False	C
P97469	E9PUQ9	Snai2	E9PUQ9	True	False	False	False	False	False	C
P97469	Q91WG5	Snai2	Prkag2	True	False	False	False	False	False	C
P97469	Q9WUB0	Snai2	Rbck1	True	False	False	False	False	False	C
P97469	Q62179	Snai2	Sema4b	True	False	False	False	False	False	C
P97469	Q8K0E7	Snai2	Serinc2	True	False	False	False	False	False	C
P97469	A0A5F8MPP7	Snai2	A0A5F8MPP7	True	False	False	False	False	False	C
P97469	B1AUF1	Snai2	B1AUF1	True	False	False	False	False	False	C
P97469	Q9QZD8	Snai2	Slc25a10	True	False	False	False	False	False	C
P97469	Q8BGX7	Snai2	Spidr	True	False	False	False	False	False	C
P97469	O35400	Snai2	Sult2b1	True	False	False	False	False	False	C
P97469	E9Q8T1	Snai2	E9Q8T1	True	False	False	False	False	False	C
P97469	Q6P5F7	Snai2	Ttyh3	True	False	False	False	False	False	C
P97469	P70460	Snai2	Vasp	True	False	False	False	False	False	C
P97469	Q80XH4	Snai2	Wscd1	True	False	False	False	False	False	C
Q8BP86	Q9WVM3	Snapc4	Anapc7	True	False	False	False	False	False	C
Q8BP86	G3X8S2	Snapc4	G3X8S2	True	False	False	False	False	False	C
Q8BP86	Q9CS00	Snapc4	Cactin	True	False	False	False	False	False	C
Q8BP86	Q8K1E3	Snapc4	Dlk2	True	False	False	False	False	False	C
Q8BP86	P13864	Snapc4	Dnmt1	True	False	False	False	False	False	C
Q8BP86	Q80Y81	Snapc4	Elac2	True	False	False	False	False	False	C
Q8BP86	Q6PB97	Snapc4	Fbxl19	True	False	False	False	False	False	C
Q8BP86	Q80ZI6	Snapc4	Lrsam1	True	False	False	False	False	False	C
Q8BP86	Q9Z2D8	Snapc4	Mbd3	True	False	False	False	False	False	C
Q8BP86	Q8R480	Snapc4	Nup85	True	False	False	False	False	False	C
Q8BP86	O88554	Snapc4	Parp2	True	False	False	False	False	False	C
Q8BP86	Q8CEE6	Snapc4	Pask	True	False	False	False	False	False	C
Q8BP86	Q9DBD5	Snapc4	Pelp1	True	False	False	False	False	False	C
Q8BP86	Q8CCF0	Snapc4	Prpf31	True	False	False	False	False	False	C
Q8BP86	B2RW88	Snapc4	Prr19	True	False	False	False	False	False	C
Q8BP86	Q9JMA2	Snapc4	Qtrt1	True	False	False	False	False	False	C
Q8BP86	Q8VHQ4	Snapc4	Rab40c	True	False	False	False	False	False	C
Q8BP86	Q8BZ36	Snapc4	Rint1	True	False	False	False	False	False	C
Q8BP86	Q6GQT6	Snapc4	Scap	True	False	False	False	False	False	C
Q8BP86	Q3ULF4	Snapc4	Spg7	True	False	False	False	False	False	C
Q8BP86	Q8CF89	Snapc4	Tab1	True	False	False	False	False	False	C
Q8BP86	Q8BYA0	Snapc4	Tbcd	True	False	False	False	False	False	C
Q8BP86	Q80VP0	Snapc4	Tecpr1	True	False	False	False	False	False	C
Q8BP86	Q8CIV2	Snapc4	Tmem259	True	False	False	False	False	False	C
Q8BP86	Q8C0M0	Snapc4	Wdr59	True	False	False	False	False	False	C
Q8BP86	Q8VCG3	Snapc4	Wdr74	True	False	False	False	False	False	C
Q8BP86	A2A5K6	Snapc4	Znf335	True	False	False	False	False	False	C
Q04888	P51827	Sox10	Aff3	True	False	False	False	False	False	C
Q04888	Q505D1	Sox10	Ankrd28	True	False	False	False	False	False	C
Q04888	Q61324	Sox10	Arnt2	True	False	False	False	False	False	C
Q04888	Q02067	Sox10	Ascl1	True	False	False	False	False	False	A
Q04888	Q9QZK2	Sox10	Bcar3	True	False	False	False	False	False	C
Q04888	Q8BMQ3	Sox10	Bnc2	True	False	False	False	False	False	C
Q04888	Q64299	Sox10	Ccn3	True	False	False	False	False	False	C
Q04888	Q9D3S9	Sox10	Cpvl	True	False	False	False	False	False	C
Q04888	A2AJL3	Sox10	Fggy	True	False	False	False	False	False	C
Q04888	F6QB26	Sox10	F6QB26	True	False	False	False	False	False	C
Q04888	E0CXS6	Sox10	E0CXS6	True	False	False	False	False	False	C
Q04888	A0A1B0GSQ5	Sox10	A0A1B0GSQ5	True	False	False	False	False	False	C
Q04888	E9QNX9	Sox10	E9QNX9	True	False	False	False	False	False	C
Q04888	Q8C181	Sox10	Mbnl2	True	False	False	False	False	False	C
Q04888	P60755	Sox10	Mdga2	True	False	False	False	False	False	C
Q04888	E9Q634	Sox10	Myo1e	True	False	False	False	False	False	C
Q04888	A0A286YDV4	Sox10	A0A286YDV4	True	False	False	False	False	False	C
Q04888	Q01063	Sox10	Pde4d	True	False	False	False	False	False	C
Q04888	P26618	Sox10	Pdgfra	True	False	False	False	False	False	A
Q04888	Q62077	Sox10	Plcg1	True	False	False	False	False	False	C
Q04888	P60202	Sox10	Plp1	True	False	False	False	False	False	A
Q04888	Q3T9X0	Sox10	Slc2a9	True	False	False	False	False	False	C
Q04888	A0A5F8MPJ2	Sox10	A0A5F8MPJ2	True	False	False	False	False	False	C
Q04888	P40645	Sox10	Sox6	True	False	False	False	False	False	A
Q04888	Q8N7N6	Sox10	Traf3ip2	True	False	False	False	False	False	C
Q04888	Q9ESN6	Sox10	Trim2	True	False	False	False	False	False	C
Q04888	O08747	Sox10	Unc5c	True	False	False	False	False	False	C
Q04888	B1ART2	Sox10	B1ART2	True	False	False	False	False	False	C
Q04888	B2RT41	Sox10	B2RT41	True	False	False	False	False	False	C
Q7M6Y2	P51827	Sox11	Aff3	True	False	False	False	False	False	C
Q7M6Y2	B1AWN4	Sox11	Atp10b	True	False	False	False	False	False	C
Q7M6Y2	Q6PDJ1	Sox11	Cachd1	True	False	False	False	False	False	C
Q7M6Y2	P55288	Sox11	Cdh11	True	False	False	False	False	False	C
Q7M6Y2	Q9CXM0	Sox11	Chodl	True	False	False	False	False	False	C
Q7M6Y2	Q2UY11	Sox11	Col28a1	True	False	False	False	False	False	C
Q7M6Y2	P11531	Sox11	Dmd	True	False	False	False	False	False	C
Q7M6Y2	P59764	Sox11	Dock4	True	False	False	False	False	False	C
Q7M6Y2	Q61772	Sox11	Epha7	True	False	False	False	False	False	C
Q7M6Y2	G5E8H1	Sox11	G5E8H1	True	False	False	False	False	False	C
Q7M6Y2	A0A0A6YVZ8	Sox11	A0A0A6YVZ8	True	False	False	False	False	False	C
Q7M6Y2	G3UZT5	Sox11	G3UZT5	True	False	False	False	False	False	C
Q7M6Y2	O70583	Sox11	Mid1	True	False	False	False	False	False	C
Q7M6Y2	A0A286YDV4	Sox11	A0A286YDV4	True	False	False	False	False	False	C
Q7M6Y2	Q9QYX7	Sox11	Pclo	True	False	False	False	False	False	C
Q7M6Y2	P34152	Sox11	Ptk2	True	False	False	False	False	False	C
Q7M6Y2	Q9EQZ6	Sox11	Rapgef4	True	False	False	False	False	False	C
Q7M6Y2	F6VBV0	Sox11	F6VBV0	True	False	False	False	False	False	C
Q7M6Y2	B2KFM7	Sox11	B2KFM7	True	False	False	False	False	False	C
Q7M6Y2	Q0VGY8	Sox11	Tanc1	True	False	False	False	False	False	C
Q7M6Y2	Q8K0L9	Sox11	Zbtb20	True	False	False	False	False	False	C
Q04891	B1AVP1	Sox13	B1AVP1	True	False	False	False	False	False	C
Q04891	O88566	Sox13	Axin2	True	False	False	False	False	False	C
Q04891	Q91ZE9	Sox13	Bmf	True	False	False	False	False	False	C
Q04891	P58660	Sox13	Card10	True	False	False	False	False	False	C
Q04891	P30658	Sox13	Cbx2	True	False	False	False	False	False	C
Q04891	O35732	Sox13	Cflar	True	False	False	False	False	False	C
Q04891	Q8C5W0	Sox13	Clmn	True	False	False	False	False	False	C
Q04891	P58466	Sox13	Ctdsp1	True	False	False	False	False	False	C
Q04891	A2AUX5	Sox13	A2AUX5	True	False	False	False	False	False	C
Q04891	Q9DBB1	Sox13	Dusp6	True	False	False	False	False	False	C
Q04891	Q08509	Sox13	Eps8	True	False	False	False	False	False	C
Q04891	B7FAT7	Sox13	B7FAT7	True	False	False	False	False	False	C
Q04891	P13020	Sox13	Gsn	True	False	False	False	False	False	B
Q04891	Q8BW74	Sox13	Hlf	True	False	False	False	False	False	C
Q04891	Q9QXX0	Sox13	Jag1	True	False	False	False	False	False	C
Q04891	B1AY49	Sox13	B1AY49	True	False	False	False	False	False	C
Q04891	Q8BTY1	Sox13	Kyat1	True	False	False	False	False	False	C
Q04891	Q9QXD8	Sox13	Limd1	True	False	False	False	False	False	C
Q04891	Q91VN0	Sox13	Lrp5	True	False	False	False	False	False	B
Q04891	A0A0A6YVZ8	Sox13	A0A0A6YVZ8	True	False	False	False	False	False	C
Q04891	G3X9H7	Sox13	G3X9H7	True	False	False	False	False	False	C
Q04891	Q62234	Sox13	Myom1	True	False	False	False	False	False	C
Q04891	P10493	Sox13	Nid1	True	False	False	False	False	False	C
Q04891	Q99MH6	Sox13	Nkd1	True	False	False	False	False	False	C
Q04891	P43135	Sox13	Nr2f2	True	False	False	False	False	False	C
Q04891	P26450	Sox13	Pik3r1	True	False	False	False	False	False	C
Q04891	P06803	Sox13	Pim1	True	False	False	False	False	False	C
Q04891	Q63739	Sox13	Ptp4a1	True	False	False	False	False	False	C
Q04891	Q9JHG6	Sox13	Rcan1	True	False	False	False	False	False	C
Q04891	Q80TZ9	Sox13	Rere	True	False	False	False	False	False	C
Q04891	Q8CGE9	Sox13	Rgs12	True	False	False	False	False	False	C
Q04891	Q61009	Sox13	Scarb1	True	False	False	False	False	False	C
Q04891	A0A0R4J0X5	Sox13	A0A0R4J0X5	True	False	False	False	False	False	C
Q04891	P07758	Sox13	Serpina1a	True	False	False	False	False	False	C
Q04891	Q00897	Sox13	Serpina1d	True	False	False	False	False	False	C
Q04891	P22599	Sox13	Serpina1b	True	False	False	False	False	False	C
Q04891	Q00898	Sox13	Serpina1e	True	False	False	False	False	False	C
Q04891	A0A0R4J1E4	Sox13	A0A0R4J1E4	True	False	False	False	False	False	C
Q04891	Q9R1Z8	Sox13	Sorbs3	True	False	False	False	False	False	C
Q04891	B2KFM7	Sox13	B2KFM7	True	False	False	False	False	False	C
Q04891	P40645	Sox13	Sox6	True	False	False	False	False	False	C
Q04891	Q8JZP2	Sox13	Syn3	True	False	False	False	False	False	C
Q04891	P70284	Sox13	Tgif1	True	False	False	False	False	False	C
Q04891	Q80UG8	Sox13	Ttll4	True	False	False	False	False	False	C
Q60I23	Q5SSE9	Q60I23	Abca13	True	False	False	False	False	False	B
Q60I23	B5X0E4	Q60I23	Abcb5	True	False	False	False	False	False	C
Q60I23	Q80WJ6	Q60I23	Abcc12	True	False	False	False	False	False	C
Q60I23	E9Q236	Q60I23	Abcc4	True	False	False	False	False	False	B
Q60I23	P56485	Q60I23	Ackr3	True	False	False	False	False	False	C
Q60I23	E9PWW5	Q60I23	E9PWW5	True	False	False	False	False	False	B
Q60I23	Q80ZF8	Q60I23	Adgrb3	True	False	False	False	False	False	B
Q60I23	A0A571BEJ4	Q60I23	A0A571BEJ4	True	False	False	False	False	False	C
Q60I23	A0A0G2JGM8	Q60I23	A0A0G2JGM8	True	False	False	False	False	False	B
Q60I23	Q80YS6	Q60I23	Afap1	True	False	False	False	False	False	C
Q60I23	P51827	Q60I23	Aff3	True	False	False	False	False	False	B
Q60I23	Q8BXK8	Q60I23	Agap1	True	False	False	False	False	False	B
Q60I23	E9Q9K8	Q60I23	E9Q9K8	True	False	False	False	False	False	B
Q60I23	Q61490	Q60I23	Alcam	True	False	False	False	False	False	B
Q60I23	Q62148	Q60I23	Aldh1a2	True	False	False	False	False	False	C
Q60I23	Q3TAE8	Q60I23	Alg6	True	False	False	False	False	False	C
Q60I23	P97793	Q60I23	Alk	True	False	False	False	False	False	B
Q60I23	O08538	Q60I23	Angpt1	True	False	False	False	False	False	B
Q60I23	Q8CFW1	Q60I23	Ano2	True	False	False	False	False	False	B
Q60I23	Q9Z1T1	Q60I23	Ap3b1	True	False	False	False	False	False	B
Q60I23	Q9WV08	Q60I23	Aplnr	True	False	False	False	False	False	C
Q60I23	P12023	Q60I23	App	True	False	False	False	False	False	B
Q60I23	Q8C4V1	Q60I23	Arhgap24	True	False	False	False	False	False	B
Q60I23	Q6ZQ82	Q60I23	Arhgap26	True	False	False	False	False	False	B
Q60I23	Q811P8	Q60I23	Arhgap32	True	False	False	False	False	False	B
Q60I23	A2AWP8	Q60I23	Arhgef10l	True	False	False	False	False	False	C
Q60I23	Q8BM75	Q60I23	Arid5b	True	False	False	False	False	False	B
Q60I23	Q9QWY8	Q60I23	Asap1	True	False	False	False	False	False	B
Q60I23	Q8BH66	Q60I23	Atl1	True	False	False	False	False	False	C
Q60I23	Q6A051	Q60I23	Atrnl1	True	False	False	False	False	False	B
Q60I23	Q8BVR0	Q60I23	Banf2	True	False	False	False	False	False	C
Q60I23	Q811G0	Q60I23	Bbs9	True	False	False	False	False	False	B
Q60I23	O35185	Q60I23	Bhlhe40	True	False	False	False	False	False	B
Q60I23	P36898	Q60I23	Bmpr1b	True	False	False	False	False	False	B
Q60I23	Q8BMQ3	Q60I23	Bnc2	True	False	False	False	False	False	C
Q60I23	A2AGB2	Q60I23	Gm12695	True	False	False	False	False	False	C
Q60I23	E9Q3C1	Q60I23	C2cd2	True	False	False	False	False	False	C
Q60I23	Q3V0E1	Q60I23	Spata31g1	True	False	False	False	False	False	C
Q60I23	Q6PDJ1	Q60I23	Cachd1	True	False	False	False	False	False	C
Q60I23	O08532	Q60I23	Cacna2d1	True	False	False	False	False	False	B
Q60I23	Q9Z1L5	Q60I23	Cacna2d3	True	False	False	False	False	False	B
Q60I23	Q8BYR5	Q60I23	Cadps2	True	False	False	False	False	False	B
Q60I23	E9Q1U1	Q60I23	Ccdc171	True	False	False	False	False	False	B
Q60I23	Q5SNZ0	Q60I23	Ccdc88a	True	False	False	False	False	False	C
Q60I23	Q9D8L5	Q60I23	Ccdc91	True	False	False	False	False	False	B
Q60I23	P55288	Q60I23	Cdh11	True	False	False	False	False	False	B
Q60I23	E9Q9Q6	Q60I23	E9Q9Q6	True	False	False	False	False	False	B
Q60I23	P15116	Q60I23	Cdh2	True	False	False	False	False	False	B
Q60I23	Q8K389	Q60I23	Cdk5rap2	True	False	False	False	False	False	B
Q60I23	Q91WE6	Q60I23	Cdkal1	True	False	False	False	False	False	B
Q60I23	Q5FWI3	Q60I23	Cemip2	True	False	False	False	False	False	B
Q60I23	Q5PR68	Q60I23	Cep112	True	False	False	False	False	False	B
Q60I23	A0A2I3BPD4	Q60I23	A0A2I3BPD4	True	False	False	False	False	False	C
Q60I23	Q8BYH8	Q60I23	Chd9	True	False	False	False	False	False	B
Q60I23	Q3V2R3	Q60I23	Q3V2R3	True	False	False	False	False	False	B
Q60I23	A0A087WQ31	Q60I23	A0A087WQ31	True	False	False	False	False	False	B
Q60I23	Q8BXK9	Q60I23	Clic5	True	False	False	False	False	False	B
Q60I23	Q69Z26	Q60I23	Cntn4	True	False	False	False	False	False	B
Q60I23	A0A0G2JE70	Q60I23	A0A0G2JE70	True	False	False	False	False	False	B
Q60I23	Q60847	Q60I23	Col12a1	True	False	False	False	False	False	B
Q60I23	Q80X19	Q60I23	Col14a1	True	False	False	False	False	False	B
Q60I23	O35206	Q60I23	Col15a1	True	False	False	False	False	False	C
Q60I23	E9Q7P1	Q60I23	E9Q7P1	True	False	False	False	False	False	C
Q60I23	Q8BLR2	Q60I23	Cpne4	True	False	False	False	False	False	B
Q60I23	A0A0N4SV71	Q60I23	A0A0N4SV71	True	False	False	False	False	False	B
Q60I23	Q99KP3	Q60I23	Cryl1	True	False	False	False	False	False	C
Q60I23	Q80T79	Q60I23	Csmd3	True	False	False	False	False	False	B
Q60I23	E0CXB9	Q60I23	E0CXB9	True	False	False	False	False	False	B
Q60I23	A0A2I3BQV6	Q60I23	A0A2I3BQV6	True	False	False	False	False	False	B
Q60I23	Q8BPM0	Q60I23	Daam1	True	False	False	False	False	False	B
Q60I23	P97318	Q60I23	Dab1	True	False	False	False	False	False	B
Q60I23	P70211	Q60I23	Dcc	True	False	False	False	False	False	B
Q60I23	Q6PGN3	Q60I23	Dclk2	True	False	False	False	False	False	B
Q60I23	Q8K382	Q60I23	Dennd1a	True	False	False	False	False	False	B
Q60I23	P61460	Q60I23	Depdc5	True	False	False	False	False	False	C
Q60I23	Q9Z207	Q60I23	Diaph3	True	False	False	False	False	False	B
Q60I23	Q8CI75	Q60I23	Dis3l2	True	False	False	False	False	False	B
Q60I23	Q811D0	Q60I23	Dlg1	True	False	False	False	False	False	B
Q60I23	A0A571BEZ4	Q60I23	A0A571BEZ4	True	False	False	False	False	False	B
Q60I23	Q9D415	Q60I23	Dlgap1	True	False	False	False	False	False	A
Q60I23	P11531	Q60I23	Dmd	True	False	False	False	False	False	B
Q60I23	A0A571BGC3	Q60I23	A0A571BGC3	True	False	False	False	False	False	B
Q60I23	Q8BZN6	Q60I23	Dock10	True	False	False	False	False	False	B
Q60I23	P59764	Q60I23	Dock4	True	False	False	False	False	False	B
Q60I23	D3YY44	Q60I23	D3YY44	True	False	False	False	False	False	C
Q60I23	E9QN98	Q60I23	E9QN98	True	False	False	False	False	False	B
Q60I23	Q8CHR6	Q60I23	Dpyd	True	False	False	False	False	False	B
Q60I23	Q7TMD7	Q60I23	Dsg4	True	False	False	False	False	False	C
Q60I23	A0A1Y7VK79	Q60I23	A0A1Y7VK79	True	False	False	False	False	False	B
Q60I23	Q07802	Q60I23	Ebf1	True	False	False	False	False	False	B
Q60I23	O08543	Q60I23	Efna5	True	False	False	False	False	False	B
Q60I23	A0A0R4J0H9	Q60I23	A0A0R4J0H9	True	False	False	False	False	False	B
Q60I23	Q69ZW3	Q60I23	Ehbp1	True	False	False	False	False	False	C
Q60I23	Q61701	Q60I23	Elavl4	True	False	False	False	False	False	C
Q60I23	Q8BPU7	Q60I23	Elmo1	True	False	False	False	False	False	B
Q60I23	Q8BMB0	Q60I23	Emsy	True	False	False	False	False	False	B
Q60I23	O70318	Q60I23	Epb41l2	True	False	False	False	False	False	B
Q60I23	Q03137	Q60I23	Epha4	True	False	False	False	False	False	B
Q60I23	Q8CBF3	Q60I23	Ephb1	True	False	False	False	False	False	B
Q60I23	Q61527	Q60I23	Erbb4	True	False	False	False	False	False	B
Q60I23	Q9QZD4	Q60I23	Ercc4	True	False	False	False	False	False	C
Q60I23	P62509	Q60I23	Esrrg	True	False	False	False	False	False	B
Q60I23	P41164	Q60I23	Etv1	True	False	False	False	False	False	B
Q60I23	P97360	Q60I23	Etv6	True	False	False	False	False	False	B
Q60I23	O35382	Q60I23	Exoc4	True	False	False	False	False	False	B
Q60I23	A6H5Z3	Q60I23	Exoc6b	True	False	False	False	False	False	B
Q60I23	P97464	Q60I23	Ext1	True	False	False	False	False	False	B
Q60I23	O08575	Q60I23	Eya2	True	False	False	False	False	False	C
Q60I23	P51162	Q60I23	Fabp6	True	False	False	False	False	False	C
Q60I23	Q8BGI4	Q60I23	Fam13a	True	False	False	False	False	False	B
Q60I23	E9QMA2	Q60I23	E9QMA2	True	False	False	False	False	False	B
Q60I23	Q91ZT5	Q60I23	Fgd4	True	False	False	False	False	False	B
Q60I23	A2AJL3	Q60I23	Fggy	True	False	False	False	False	False	B
Q60I23	Q76LL6	Q60I23	Fhod3	True	False	False	False	False	False	B
Q60I23	E0CYH7	Q60I23	E0CYH7	True	False	False	False	False	False	B
Q60I23	Q6ZPF4	Q60I23	Fmnl3	True	False	False	False	False	False	C
Q60I23	Q8BX90	Q60I23	Fndc3a	True	False	False	False	False	False	C
Q60I23	A0A0R4J0H8	Q60I23	A0A0R4J0H8	True	False	False	False	False	False	B
Q60I23	H3BJ24	Q60I23	H3BJ24	True	False	False	False	False	False	B
Q60I23	P58463	Q60I23	Foxp2	True	False	False	False	False	False	B
Q60I23	Q8BIE6	Q60I23	Frmd4a	True	False	False	False	False	False	B
Q60I23	Q9D3V5	Q60I23	Fsip1	True	False	False	False	False	False	C
Q60I23	Q8BFR2	Q60I23	Fstl5	True	False	False	False	False	False	C
Q60I23	Q8BGW1	Q60I23	Fto	True	False	False	False	False	False	C
Q60I23	P48316	Q60I23	Gadd45a	True	False	False	False	False	False	C
Q60I23	A0A0N4SVY4	Q60I23	A0A0N4SVY4	True	False	False	False	False	False	B
Q60I23	E0CXS6	Q60I23	E0CXS6	True	False	False	False	False	False	C
Q60I23	E0CX93	Q60I23	E0CX93	True	False	False	False	False	False	C
Q60I23	Q9Z0F1	Q60I23	Gnas	True	False	False	False	False	False	C
Q60I23	Q6R0H6	Q60I23	Gnas	True	False	False	False	False	False	C
Q60I23	P63094	Q60I23	Gnas	True	False	False	False	False	False	C
Q60I23	Q6R0H7	Q60I23	Gnas	True	False	False	False	False	False	C
Q60I23	P63213	Q60I23	Gng2	True	False	False	False	False	False	C
Q60I23	P63078	Q60I23	Gng8	True	False	False	False	False	False	C
Q60I23	P35803	Q60I23	Gpm6b	True	False	False	False	False	False	C
Q60I23	Q8BGT5	Q60I23	Gpt2	True	False	False	False	False	False	C
Q60I23	Q6P9M2	Q60I23	Q6P9M2	True	False	False	False	False	False	B
Q60I23	P39087	Q60I23	Grik2	True	False	False	False	False	False	B
Q60I23	Q8BW56	Q60I23	Gtdc1	True	False	False	False	False	False	B
Q60I23	Q8CFX1	Q60I23	H6pd	True	False	False	False	False	False	C
Q60I23	Q6NZM9	Q60I23	Hdac4	True	False	False	False	False	False	B
Q60I23	A0A1B0GSQ5	Q60I23	A0A1B0GSQ5	True	False	False	False	False	False	B
Q60I23	Q9ERH7	Q60I23	Hipk3	True	False	False	False	False	False	C
Q60I23	Q3UHF7	Q60I23	Hivep2	True	False	False	False	False	False	B
Q60I23	A2A884	Q60I23	Hivep3	True	False	False	False	False	False	B
Q60I23	D3YXG0	Q60I23	Hmcn1	True	False	False	False	False	False	B
Q60I23	A2AW40	Q60I23	A2AW40	True	False	False	False	False	False	C
Q60I23	E9QMH7	Q60I23	E9QMH7	True	False	False	False	False	False	C
Q60I23	Q8BPT6	Q60I23	Immp2l	True	False	False	False	False	False	B
Q60I23	Q9D2K4	Q60I23	Iqch	True	False	False	False	False	False	B
Q60I23	Q9Z329	Q60I23	Itpr2	True	False	False	False	False	False	B
Q60I23	D3YXK0	Q60I23	D3YXK0	True	False	False	False	False	False	C
Q60I23	Q69ZK6	Q60I23	Jmjd1c	True	False	False	False	False	False	B
Q60I23	A2CG49	Q60I23	Kalrn	True	False	False	False	False	False	B
Q60I23	Q3UFC0	Q60I23	Q3UFC0	True	False	False	False	False	False	B
Q60I23	Q9CZM9	Q60I23	Kcnmb2	True	False	False	False	False	False	B
Q60I23	Q8VCD7	Q60I23	Kdm4c	True	False	False	False	False	False	B
Q60I23	A2A786	Q60I23	A2A786	True	False	False	False	False	False	C
Q60I23	B1AY49	Q60I23	B1AY49	True	False	False	False	False	False	C
Q60I23	H3BKP8	Q60I23	H3BKP8	True	False	False	False	False	False	C
Q60I23	Q7TNC6	Q60I23	Kif26b	True	False	False	False	False	False	C
Q60I23	E0CZ16	Q60I23	Klhl3	True	False	False	False	False	False	C
Q60I23	F8WI37	Q60I23	F8WI37	True	False	False	False	False	False	C
Q60I23	Q9JJK2	Q60I23	Lancl2	True	False	False	False	False	False	C
Q60I23	Q9Z1M7	Q60I23	Large1	True	False	False	False	False	False	B
Q60I23	O55203	Q60I23	Ldb2	True	False	False	False	False	False	B
Q60I23	Q8BWJ4	Q60I23	Ldlrad4	True	False	False	False	False	False	C
Q60I23	Q91VD1	Q60I23	Lgals12	True	False	False	False	False	False	C
Q60I23	Q8BFW7	Q60I23	Lpp	True	False	False	False	False	False	B
Q60I23	P70193	Q60I23	Lrig1	True	False	False	False	False	False	B
Q60I23	A0A0N4SVC8	Q60I23	A0A0N4SVC8	True	False	False	False	False	False	B
Q60I23	Q3TYE5	Q60I23	Q3TYE5	True	False	False	False	False	False	B
Q60I23	P08071	Q60I23	Ltf	True	False	False	False	False	False	C
Q60I23	P54841	Q60I23	Mafb	True	False	False	False	False	False	C
Q60I23	Q6RHR9	Q60I23	Magi1	True	False	False	False	False	False	B
Q60I23	Q9WVQ1	Q60I23	Magi2	True	False	False	False	False	False	B
Q60I23	F6U238	Q60I23	F6U238	True	False	False	False	False	False	B
Q60I23	P14873	Q60I23	Map1b	True	False	False	False	False	False	B
Q60I23	Q99JP0	Q60I23	Map4k3	True	False	False	False	False	False	C
Q60I23	Q8BJ34	Q60I23	Marf1	True	False	False	False	False	False	C
Q60I23	E9PWI3	Q60I23	E9PWI3	True	False	False	False	False	False	B
Q60I23	E9PW38	Q60I23	E9PW38	True	False	False	False	False	False	B
Q60I23	G3UZT5	Q60I23	G3UZT5	True	False	False	False	False	False	B
Q60I23	Q6DIB5	Q60I23	Megf10	True	False	False	False	False	False	B
Q60I23	O70583	Q60I23	Mid1	True	False	False	False	False	False	C
Q60I23	G3UVV6	Q60I23	G3UVV6	True	False	False	False	False	False	B
Q60I23	B2RQR2	Q60I23	B2RQR2	True	False	False	False	False	False	C
Q60I23	Q9D1Q1	Q60I23	Mphosph6	True	False	False	False	False	False	C
Q60I23	Q920Q6	Q60I23	Msi2	True	False	False	False	False	False	B
Q60I23	Q3UHU5	Q60I23	Mtcl1	True	False	False	False	False	False	C
Q60I23	F8VQB6	Q60I23	Myo10	True	False	False	False	False	False	B
Q60I23	E9Q634	Q60I23	Myo1e	True	False	False	False	False	False	C
Q60I23	A2ABU4	Q60I23	Myom3	True	False	False	False	False	False	C
Q60I23	A0A0N4SUJ3	Q60I23	A0A0N4SUJ3	True	False	False	False	False	False	B
Q60I23	V9GXT3	Q60I23	V9GXT3	True	False	False	False	False	False	B
Q60I23	A0A668KM70	Q60I23	A0A668KM70	True	False	False	False	False	False	B
Q60I23	Q9EPN1	Q60I23	Nbea	True	False	False	False	False	False	B
Q60I23	Q4FZG9	Q60I23	Ndufa4l2	True	False	False	False	False	False	C
Q60I23	A0A668KLC0	Q60I23	A0A668KLC0	True	False	False	False	False	False	C
Q60I23	A0A286YDV4	Q60I23	A0A286YDV4	True	False	False	False	False	False	B
Q60I23	O35942	Q60I23	Nek2	True	False	False	False	False	False	C
Q60I23	A0A0G2JEX1	Q60I23	A0A0G2JEX1	True	False	False	False	False	False	C
Q60I23	Q4PNJ2	Q60I23	Nkain2	True	False	False	False	False	False	C
Q60I23	Q99K10	Q60I23	Nlgn1	True	False	False	False	False	False	B
Q60I23	Q8BNJ3	Q60I23	Nmnat2	True	False	False	False	False	False	C
Q60I23	Q8K3Z0	Q60I23	Nod2	True	False	False	False	False	False	C
Q60I23	Q9ESQ8	Q60I23	Npvf	True	False	False	False	False	False	C
Q60I23	Q810U4	Q60I23	Nrcam	True	False	False	False	False	False	C
Q60I23	Q07475	Q60I23	Nrep	True	False	False	False	False	False	C
Q60I23	A0A140LIG9	Q60I23	A0A140LIG9	True	False	False	False	False	False	B
Q60I23	O35375	Q60I23	Nrp2	True	False	False	False	False	False	B
Q60I23	P0DI97	Q60I23	Nrxn1	True	False	False	False	False	False	B
Q60I23	Q9CS84	Q60I23	Nrxn1	True	False	False	False	False	False	B
Q60I23	Q99PJ0	Q60I23	Ntm	True	False	False	False	False	False	B
Q60I23	F8WJ48	Q60I23	F8WJ48	True	False	False	False	False	False	B
Q60I23	Q9CZ30	Q60I23	Ola1	True	False	False	False	False	False	B
Q60I23	G5E8G3	Q60I23	G5E8G3	True	False	False	False	False	False	B
Q60I23	Q9DAK2	Q60I23	Pacrg	True	False	False	False	False	False	B
Q60I23	Q9ET54	Q60I23	Palld	True	False	False	False	False	False	B
Q60I23	P97467	Q60I23	Pam	True	False	False	False	False	False	B
Q60I23	Q9CSB4	Q60I23	Pard3b	True	False	False	False	False	False	B
Q60I23	Q9ERD8	Q60I23	Parvg	True	False	False	False	False	False	C
Q60I23	Q9QYX7	Q60I23	Pclo	True	False	False	False	False	False	B
Q60I23	Q9WUL5	Q60I23	Pdcd1lg2	True	False	False	False	False	False	C
Q60I23	F7D3W5	Q60I23	F7D3W5	True	False	False	False	False	False	C
Q60I23	Q5PR72	Q60I23	Q5PR72	True	False	False	False	False	False	C
Q60I23	Q8VBU5	Q60I23	Q8VBU5	True	False	False	False	False	False	B
Q60I23	Q01063	Q60I23	Pde4d	True	False	False	False	False	False	B
Q60I23	A0A0R4J0Z1	Q60I23	A0A0R4J0Z1	True	False	False	False	False	False	C
Q60I23	Q8CI51	Q60I23	Pdlim5	True	False	False	False	False	False	B
Q60I23	Q3URU2	Q60I23	Peg3	True	False	False	False	False	False	C
Q60I23	Q3TQR0	Q60I23	Pgap2	True	False	False	False	False	False	C
Q60I23	Q2M3X8	Q60I23	Phactr1	True	False	False	False	False	False	B
Q60I23	P70669	Q60I23	Phex	True	False	False	False	False	False	C
Q60I23	Q8CHE4	Q60I23	Phlpp1	True	False	False	False	False	False	B
Q60I23	E9PZ36	Q60I23	Pkhd1	True	False	False	False	False	False	C
Q60I23	Q9Z1B3	Q60I23	Plcb1	True	False	False	False	False	False	B
Q60I23	Q91UZ1	Q60I23	Q91UZ1	True	False	False	False	False	False	B
Q60I23	Q3USB7	Q60I23	Plcl1	True	False	False	False	False	False	B
Q60I23	Q61469	Q60I23	Plpp1	True	False	False	False	False	False	C
Q60I23	Q91WB2	Q60I23	Plpp7	True	False	False	False	False	False	C
Q60I23	P70207	Q60I23	Plxna2	True	False	False	False	False	False	B
Q60I23	Q8CJH3	Q60I23	Plxnb1	True	False	False	False	False	False	C
Q60I23	P24526	Q60I23	Pmp2	True	False	False	False	False	False	B
Q60I23	P59470	Q60I23	Polr3b	True	False	False	False	False	False	B
Q60I23	O70343	Q60I23	Ppargc1a	True	False	False	False	False	False	B
Q60I23	Q9CXE0	Q60I23	Prdm5	True	False	False	False	False	False	B
Q60I23	Q61878	Q60I23	Prg2	True	False	False	False	False	False	C
Q60I23	P0C605	Q60I23	Prkg1	True	False	False	False	False	False	B
Q60I23	A3KMN5	Q60I23	Prr16	True	False	False	False	False	False	B
Q60I23	Q52KR3	Q60I23	Prune2	True	False	False	False	False	False	B
Q60I23	Q64487	Q60I23	Ptprd	True	False	False	False	False	False	B
Q60I23	B9EKR1	Q60I23	Ptprz1	True	False	False	False	False	False	C
Q60I23	Q3U4I7	Q60I23	Pyroxd2	True	False	False	False	False	False	C
Q60I23	A6H6A9	Q60I23	Rabgap1l	True	False	False	False	False	False	B
Q60I23	O35719	Q60I23	Rad51b	True	False	False	False	False	False	B
Q60I23	A0A0A0MQD7	Q60I23	A0A0A0MQD7	True	False	False	False	False	False	B
Q60I23	Q99NF8	Q60I23	Ranbp17	True	False	False	False	False	False	B
Q60I23	P46061	Q60I23	Rangap1	True	False	False	False	False	False	C
Q60I23	Q8BWL5	Q60I23	Rbms3	True	False	False	False	False	False	B
Q60I23	Q60841	Q60I23	Reln	True	False	False	False	False	False	C
Q60I23	Q80TZ9	Q60I23	Rere	True	False	False	False	False	False	B
Q60I23	Q8BPM6	Q60I23	Ric3	True	False	False	False	False	False	C
Q60I23	F6VBV0	Q60I23	F6VBV0	True	False	False	False	False	False	C
Q60I23	G5E843	Q60I23	G5E843	True	False	False	False	False	False	B
Q60I23	A0A2I3BR72	Q60I23	A0A2I3BR72	True	False	False	False	False	False	B
Q60I23	Q8R1B8	Q60I23	Rorb	True	False	False	False	False	False	B
Q60I23	E9QMX4	Q60I23	E9QMX4	True	False	False	False	False	False	B
Q60I23	P62071	Q60I23	Rras2	True	False	False	False	False	False	C
Q60I23	Q505G4	Q60I23	Rtl6	True	False	False	False	False	False	C
Q60I23	A0A087WR05	Q60I23	A0A087WR05	True	False	False	False	False	False	B
Q60I23	E9Q401	Q60I23	Ryr2	True	False	False	False	False	False	B
Q60I23	A0A140LJK7	Q60I23	A0A140LJK7	True	False	False	False	False	False	B
Q60I23	P08207	Q60I23	S100a10	True	False	False	False	False	False	C
Q60I23	Q0VE29	Q60I23	Samd12	True	False	False	False	False	False	B
Q60I23	P43407	Q60I23	Sdc2	True	False	False	False	False	False	B
Q60I23	Q64519	Q60I23	Sdc3	True	False	False	False	False	False	C
Q60I23	Q3UH53	Q60I23	Sdk1	True	False	False	False	False	False	B
Q60I23	O08665	Q60I23	Sema3a	True	False	False	False	False	False	B
Q60I23	Q62181	Q60I23	Sema3c	True	False	False	False	False	False	B
Q60I23	Q8BH34	Q60I23	Sema3d	True	False	False	False	False	False	B
Q60I23	D3Z5K8	Q60I23	D3Z5K8	True	False	False	False	False	False	B
Q60I23	Q80TE4	Q60I23	Sipa1l2	True	False	False	False	False	False	B
Q60I23	Q3UND0	Q60I23	Skap2	True	False	False	False	False	False	B
Q60I23	G5E849	Q60I23	G5E849	True	False	False	False	False	False	C
Q60I23	Q3UHH2	Q60I23	Slc22a23	True	False	False	False	False	False	B
Q60I23	Q99P65	Q60I23	Slc29a3	True	False	False	False	False	False	C
Q60I23	Q8BGK5	Q60I23	Slc35f1	True	False	False	False	False	False	C
Q60I23	Q8BY89	Q60I23	Slc44a2	True	False	False	False	False	False	C
Q60I23	Q921V7	Q60I23	Slc44a3	True	False	False	False	False	False	B
Q60I23	A0A3Q4L326	Q60I23	A0A3Q4L326	True	False	False	False	False	False	B
Q60I23	Q8R3L5	Q60I23	Slco3a1	True	False	False	False	False	False	B
Q60I23	Q9WVB4	Q60I23	Slit3	True	False	False	False	False	False	B
Q60I23	P56726	Q60I23	Smo	True	False	False	False	False	False	C
Q60I23	A0A5F8MPJ2	Q60I23	A0A5F8MPJ2	True	False	False	False	False	False	B
Q60I23	B2KFM7	Q60I23	B2KFM7	True	False	False	False	False	False	B
Q60I23	P40645	Q60I23	Sox6	True	False	False	False	False	False	B
Q60I23	Q58A65	Q60I23	Spag9	True	False	False	False	False	False	B
Q60I23	Q8BKQ3	Q60I23	Q8BKQ3	True	False	False	False	False	False	B
Q60I23	P47758	Q60I23	Srprb	True	False	False	False	False	False	C
Q60I23	O70166	Q60I23	Stmn3	True	False	False	False	False	False	C
Q60I23	B8JJ84	Q60I23	B8JJ84	True	False	False	False	False	False	B
Q60I23	P46096	Q60I23	Syt1	True	False	False	False	False	False	B
Q60I23	Q8R0L9	Q60I23	Tada3	True	False	False	False	False	False	C
Q60I23	Q8BM85	Q60I23	Tbck	True	False	False	False	False	False	B
Q60I23	A0A1D5RM80	Q60I23	A0A1D5RM80	True	False	False	False	False	False	B
Q60I23	Q3UHK6	Q60I23	Tenm4	True	False	False	False	False	False	B
Q60I23	P70284	Q60I23	Tgif1	True	False	False	False	False	False	C
Q60I23	A8C756	Q60I23	Thada	True	False	False	False	False	False	B
Q60I23	E9PWD2	Q60I23	E9PWD2	True	False	False	False	False	False	B
Q60I23	Q6P4U0	Q60I23	Thsd7b	True	False	False	False	False	False	B
Q60I23	G3UWG2	Q60I23	G3UWG2	True	False	False	False	False	False	C
Q60I23	Q62441	Q60I23	Tle4	True	False	False	False	False	False	B
Q60I23	Q8C0V0	Q60I23	Tlk1	True	False	False	False	False	False	B
Q60I23	Q9CZ16	Q60I23	Tmem178a	True	False	False	False	False	False	C
Q60I23	Q56A06	Q60I23	Tmtc2	True	False	False	False	False	False	B
Q60I23	Q60846	Q60I23	Tnfrsf8	True	False	False	False	False	False	C
Q60I23	Q6P2B1	Q60I23	Tnpo3	True	False	False	False	False	False	C
Q60I23	Q5SSZ5	Q60I23	Tns3	True	False	False	False	False	False	B
Q60I23	Q3U0M1	Q60I23	Trappc9	True	False	False	False	False	False	B
Q60I23	Q9ESN6	Q60I23	Trim2	True	False	False	False	False	False	B
Q60I23	Q0KL02	Q60I23	Trio	True	False	False	False	False	False	B
Q60I23	Q9QUQ5	Q60I23	Trpc4	True	False	False	False	False	False	B
Q60I23	A0A494BAQ5	Q60I23	A0A494BAQ5	True	False	False	False	False	False	B
Q60I23	G3UW90	Q60I23	G3UW90	True	False	False	False	False	False	B
Q60I23	Q62348	Q60I23	Tsn	True	False	False	False	False	False	C
Q60I23	P52196	Q60I23	Tst	True	False	False	False	False	False	C
Q60I23	A0A0A0MQN9	Q60I23	A0A0A0MQN9	True	False	False	False	False	False	B
Q60I23	Q8BY87	Q60I23	Usp47	True	False	False	False	False	False	C
Q60I23	Q99KU0	Q60I23	Vmp1	True	False	False	False	False	False	B
Q60I23	Q80TY5	Q60I23	Vps13b	True	False	False	False	False	False	B
Q60I23	B1ART2	Q60I23	B1ART2	True	False	False	False	False	False	B
Q60I23	P62761	Q60I23	Vsnl1	True	False	False	False	False	False	C
Q60I23	Q6VNB8	Q60I23	Wdfy3	True	False	False	False	False	False	B
Q60I23	Q6P5F9	Q60I23	Xpo1	True	False	False	False	False	False	C
Q60I23	Q9Z0U0	Q60I23	Xpr1	True	False	False	False	False	False	B
Q60I23	D3YWX2	Q60I23	D3YWX2	True	False	False	False	False	False	C
Q60I23	Q9ESC7	Q60I23	Ypel1	True	False	False	False	False	False	C
Q60I23	Q8K0L9	Q60I23	Zbtb20	True	False	False	False	False	False	B
Q60I23	B1AX39	Q60I23	Zcchc7	True	False	False	False	False	False	B
Q60I23	Q9R0G7	Q60I23	Zeb2	True	False	False	False	False	False	B
Q60I23	Q497H0	Q60I23	Zfand3	True	False	False	False	False	False	B
Q60I23	Q8CCH7	Q60I23	Zfpm2	True	False	False	False	False	False	B
Q60I23	Q6P1E1	Q60I23	Zmiz1	True	False	False	False	False	False	B
Q60I23	Q8BXJ8	Q60I23	Znf385b	True	False	False	False	False	False	B
Q60I23	G3UVV3	Q60I23	G3UVV3	True	False	False	False	False	False	B
Q60I23	A0A494BAA7	Q60I23	A0A494BAA7	True	False	False	False	False	False	C
Q60I23	Q8K083	Q60I23	Znf536	True	False	False	False	False	False	B
P40645	Q6Q477	Sox6	Atp2b4	True	False	False	False	False	False	C
P40645	Q8CGN4	Sox6	Bcor	True	False	False	False	False	False	C
P40645	B2RX70	Sox6	B2RX70	True	False	False	False	False	False	B
P40645	Q921M7	Sox6	Cyrib	True	False	False	False	False	False	C
P40645	Q80TZ3	Sox6	Dnajc6	True	False	False	False	False	False	C
P40645	Q9ESS0	Sox6	Dusp10	True	False	False	False	False	False	C
P40645	Q3UZV7	Sox6	Elapor2	True	False	False	False	False	False	C
P40645	O70318	Sox6	Epb41l2	True	False	False	False	False	False	C
P40645	Q8BW56	Sox6	Gtdc1	True	False	False	False	False	False	C
P40645	P35951	Sox6	Ldlr	True	False	False	False	False	False	C
P40645	P25911	Sox6	Lyn	True	False	False	False	False	False	C
P40645	Q6RHR9	Sox6	Magi1	True	False	False	False	False	False	C
P40645	A0A087WPX3	Sox6	A0A087WPX3	True	False	False	False	False	False	C
P40645	Q9CSB4	Sox6	Pard3b	True	False	False	False	False	False	C
P40645	P0C1Q2	Sox6	Pde11a	True	False	False	False	False	False	C
P40645	P70181	Sox6	Pip5k1b	True	False	False	False	False	False	C
P40645	Q9DCU2	Sox6	Pllp	True	False	False	False	False	False	C
P40645	A0A140LIN3	Sox6	A0A140LIN3	True	False	False	False	False	False	C
P40645	Q61009	Sox6	Scarb1	True	False	False	False	False	False	C
P40645	Q8BUN5	Sox6	Smad3	True	False	False	False	False	False	C
P40645	B2KFM7	Sox6	B2KFM7	True	False	False	False	False	False	C
P40645	D3Z079	Sox6	D3Z079	True	False	False	False	False	False	C
P22091	P40645	Tal1	Sox6	True	False	False	False	False	False	B
P40645	D3YWM7	Sox6	D3YWM7	True	False	False	False	False	False	C
P40645	P70284	Sox6	Tgif1	True	False	False	False	False	False	C
P40645	A0A1W2P8G5	Sox6	A0A1W2P8G5	True	False	False	False	False	False	C
P40645	Q9R0G7	Sox6	Zeb2	True	False	False	False	False	False	C
Q9R0G7	P40645	Zeb2	Sox6	True	False	False	False	False	False	C
P40645	Q8CCH7	Sox6	Zfpm2	True	False	False	False	False	False	C
Q04886	Q9D7D7	Sox8	Cldn23	True	False	False	False	False	False	A
Q04887	Q8K209	Sox9	Adgrg1	True	False	False	False	False	False	C
Q04887	Q3U5C8	Sox9	Arhgef16	True	False	False	False	False	False	C
Q04887	Q9QZK2	Sox9	Bcar3	True	False	False	False	False	False	C
Q04887	E9PZM4	Sox9	Chd2	True	False	False	False	False	False	C
Q04887	Q09XV5	Sox9	Chd8	True	False	False	False	False	False	C
Q04887	Q8K4W8	Sox9	Q8K4W8	True	False	False	False	False	False	C
Q04887	O35054	Sox9	Cldn4	True	False	False	False	False	False	C
Q04887	P30999	Sox9	Ctnnd1	True	False	False	False	False	False	C
Q04887	Q8CCA0	Sox9	Dcun1d4	True	False	False	False	False	False	C
Q04887	O08543	Sox9	Efna5	True	False	False	False	False	False	C
Q04887	O70273	Sox9	Ehf	True	False	False	False	False	False	C
Q04887	Q3UPW2	Sox9	Elf3	True	False	False	False	False	False	C
Q04887	O35709	Sox9	Enc1	True	False	False	False	False	False	C
Q04887	P48193	Sox9	Epb41	True	False	False	False	False	False	C
Q04887	P70424	Sox9	Erbb2	True	False	False	False	False	False	C
Q04887	Q8K0G8	Sox9	Esrp2	True	False	False	False	False	False	C
Q04887	Q78T81	Sox9	Eeig1	True	False	False	False	False	False	C
Q04887	Q6PB97	Sox9	Fbxl19	True	False	False	False	False	False	C
Q04887	H3BJ24	Sox9	H3BJ24	True	False	False	False	False	False	C
Q04887	Q3UHD2	Sox9	Gfod1	True	False	False	False	False	False	C
Q04887	Q0P543	Sox9	Gipr	True	False	False	False	False	False	C
Q04887	Q8K5C0	Sox9	Grhl2	True	False	False	False	False	False	C
Q04887	Q02257	Sox9	Jup	True	False	False	False	False	False	C
Q04887	A2A786	Sox9	A2A786	True	False	False	False	False	False	C
Q04887	F8WJ40	Sox9	F8WJ40	True	False	False	False	False	False	C
Q04887	P05784	Sox9	Krt18	True	False	False	False	False	False	C
Q04887	P11679	Sox9	Krt8	True	False	False	False	False	False	C
Q04887	B1ATA7	Sox9	B1ATA7	True	False	False	False	False	False	C
Q04887	Q8BI08	Sox9	Mal2	True	False	False	False	False	False	C
Q04887	Q80XI6	Sox9	Map3k11	True	False	False	False	False	False	C
Q04887	P28667	Sox9	Marcksl1	True	False	False	False	False	False	C
Q04887	A0A0N4SUJ3	Sox9	A0A0N4SUJ3	True	False	False	False	False	False	C
Q04887	A2AIL4	Sox9	Ndufaf6	True	False	False	False	False	False	C
Q04887	A0A286YDV4	Sox9	A0A286YDV4	True	False	False	False	False	False	C
Q04887	O70310	Sox9	Nmt1	True	False	False	False	False	False	C
Q04887	P60469	Sox9	Ppfia3	True	False	False	False	False	False	C
Q04887	Q64434	Sox9	Ptk6	True	False	False	False	False	False	C
Q04887	P26350	Sox9	Ptma	True	False	False	False	False	False	C
Q04887	Q91WT8	Sox9	Rbm47	True	False	False	False	False	False	C
Q04887	Q61180	Sox9	Scnn1a	True	False	False	False	False	False	C
Q04887	Q9Z1W5	Sox9	Serp1	True	False	False	False	False	False	C
Q04887	Q8R550	Sox9	Sh3kbp1	True	False	False	False	False	False	C
Q04887	Q9R097	Sox9	Spint1	True	False	False	False	False	False	C
Q04887	Q8BHS8	Sox9	Sybu	True	False	False	False	False	False	C
Q04887	Q9R0N7	Sox9	Syt7	True	False	False	False	False	False	C
Q04887	A0A140LHC0	Sox9	A0A140LHC0	True	False	False	False	False	False	C
Q04887	Q61382	Sox9	Traf4	True	False	False	False	False	False	C
Q04887	A2AN08	Sox9	Ubr4	True	False	False	False	False	False	C
Q04887	P47810	Sox9	Wee1	True	False	False	False	False	False	C
Q04887	Q5SXA9	Sox9	Wwc1	True	False	False	False	False	False	C
Q04887	Q8VCZ7	Sox9	Zbtb7c	True	False	False	False	False	False	C
A0A979HLR9	A0A571BG95	A0A979HLR9	A0A571BG95	True	False	False	False	False	False	C
A0A979HLR9	A0A494BBD5	A0A979HLR9	A0A494BBD5	True	False	False	False	False	False	C
A0A979HLR9	A2BH40	A0A979HLR9	Arid1a	True	False	False	False	False	False	C
A0A979HLR9	Q62431	A0A979HLR9	Arid3a	True	False	False	False	False	False	C
A0A979HLR9	Q7TT18	A0A979HLR9	Atf7ip	True	False	False	False	False	False	C
A0A979HLR9	Q9D219	A0A979HLR9	Bcl9	True	False	False	False	False	False	C
A0A979HLR9	Q8CHH5	A0A979HLR9	Bicral	True	False	False	False	False	False	C
A0A979HLR9	Q60773	A0A979HLR9	Cdkn2d	True	False	False	False	False	False	A
A0A979HLR9	Q9WTK2	A0A979HLR9	Cdyl	True	False	False	False	False	False	C
A0A979HLR9	Q8BYH8	A0A979HLR9	Chd9	True	False	False	False	False	False	C
A0A979HLR9	P49582	A0A979HLR9	Chrna7	True	False	False	False	False	False	C
A0A979HLR9	Q9D486	A0A979HLR9	Cmip	True	False	False	False	False	False	C
A0A979HLR9	Q8C196	A0A979HLR9	Cps1	True	False	False	False	False	False	B
A0A979HLR9	Q9DC16	A0A979HLR9	Ergic1	True	False	False	False	False	False	C
A0A979HLR9	Q3UN58	A0A979HLR9	Faap20	True	False	False	False	False	False	C
A0A979HLR9	F6QB26	A0A979HLR9	F6QB26	True	False	False	False	False	False	C
A0A979HLR9	Q9Z2X1	A0A979HLR9	Hnrnpf	True	False	False	False	False	False	C
A0A979HLR9	Q7TMK6	A0A979HLR9	Hook2	True	False	False	False	False	False	B
A0A979HLR9	P62748	A0A979HLR9	Hpcal1	True	False	False	False	False	False	C
A0A979HLR9	O35594	A0A979HLR9	Ift81	True	False	False	False	False	False	C
A0A979HLR9	P09055	A0A979HLR9	Itgb1	True	False	False	False	False	False	B
A0A979HLR9	Q9Z329	A0A979HLR9	Itpr2	True	False	False	False	False	False	C
A0A979HLR9	Q02257	A0A979HLR9	Jup	True	False	False	False	False	False	B
A0A979HLR9	A0A087WQN5	A0A979HLR9	A0A087WQN5	True	False	False	False	False	False	B
A0A979HLR9	F6YRW4	A0A979HLR9	F6YRW4	True	False	False	False	False	False	C
A0A979HLR9	Q3TPJ7	A0A979HLR9	Midn	True	False	False	False	False	False	C
A0A979HLR9	Q8CDB0	A0A979HLR9	Mknk2	True	False	False	False	False	False	C
A0A979HLR9	O08789	A0A979HLR9	Mnt	True	False	False	False	False	False	C
A0A979HLR9	P50540	A0A979HLR9	Mxi1	True	False	False	False	False	False	B
A0A979HLR9	Q6PDN3	A0A979HLR9	Mylk	True	False	False	False	False	False	C
A0A979HLR9	Q9QXS1	A0A979HLR9	Plec	True	False	False	False	False	False	C
A0A979HLR9	P35396	A0A979HLR9	Ppard	True	False	False	False	False	False	C
A0A979HLR9	P60469	A0A979HLR9	Ppfia3	True	False	False	False	False	False	C
A0A979HLR9	Q60996	A0A979HLR9	Ppp2r5c	True	False	False	False	False	False	C
A0A979HLR9	Q61115	A0A979HLR9	Ptch1	True	False	False	False	False	False	C
A0A979HLR9	Q80TZ9	A0A979HLR9	Rere	True	False	False	False	False	False	C
A0A979HLR9	A0A087WR05	A0A979HLR9	A0A087WR05	True	False	False	False	False	False	B
A0A979HLR9	Q7TNB8	A0A979HLR9	Sbno2	True	False	False	False	False	False	C
A0A979HLR9	Q8R550	A0A979HLR9	Sh3kbp1	True	False	False	False	False	False	C
A0A979HLR9	O35316	A0A979HLR9	Slc6a6	True	False	False	False	False	False	C
A0A979HLR9	D3YWM7	A0A979HLR9	D3YWM7	True	False	False	False	False	False	B
A0A979HLR9	Q8BYA0	A0A979HLR9	Tbcd	True	False	False	False	False	False	C
A0A979HLR9	P19123	A0A979HLR9	Tnnc1	True	True	False	True	True	False	A
A0A979HLR9	Q8CJ53	A0A979HLR9	Trip10	True	False	False	False	False	False	C
A0A979HLR9	Q6P5F7	A0A979HLR9	Ttyh3	True	False	False	False	False	False	C
A0A979HLR9	Q91W36	A0A979HLR9	Usp3	True	False	False	False	False	False	C
A0A979HLR9	B1ART2	A0A979HLR9	B1ART2	True	False	False	False	False	False	C
A0A979HLR9	P22893	A0A979HLR9	Zfp36	True	False	False	False	False	False	C
Q8BNQ4	B1AR74	Q8BNQ4	B1AR74	True	False	False	False	False	False	C
Q8BNQ4	Q09XV5	Q8BNQ4	Chd8	True	False	False	False	False	False	C
Q8BNQ4	Q8VDM6	Q8BNQ4	Hnrnpul1	True	False	False	False	False	False	C
Q8BNQ4	Q02257	Q8BNQ4	Jup	True	False	False	False	False	False	C
Q8BNQ4	A0A0R4J2D3	Q8BNQ4	A0A0R4J2D3	True	False	False	False	False	False	C
Q8BNQ4	Q8BMQ8	Q8BNQ4	Mon1b	True	False	False	False	False	False	C
Q8BNQ4	P70353	Q8BNQ4	Nfyc	True	False	False	False	False	False	C
Q8BNQ4	P54846	Q8BNQ4	Nrl	True	False	False	False	False	False	C
Q8BNQ4	Q80U93	Q8BNQ4	Nup214	True	False	False	False	False	False	C
Q8BNQ4	Q80TZ9	Q8BNQ4	Rere	True	False	False	False	False	False	C
Q8BNQ4	Q8CIK8	Q8BNQ4	Rfwd3	True	False	False	False	False	False	C
Q8BNQ4	P48377	Q8BNQ4	Rfx1	True	False	False	False	False	False	B
Q8BNQ4	A0A3Q4EC23	Q8BNQ4	A0A3Q4EC23	True	False	False	False	False	False	C
Q8BNQ4	Q6DID3	Q8BNQ4	Scaf8	True	False	False	False	False	False	C
Q8BNQ4	P09671	Q8BNQ4	Sod2	True	False	False	False	False	False	C
Q8BNQ4	Q99LG0	Q8BNQ4	Usp16	True	False	False	False	False	False	C
Q8BNQ4	E9QAW0	Q8BNQ4	E9QAW0	True	False	False	False	False	False	B
Q8BNQ4	Q8R0T2	Q8BNQ4	Znf768	True	False	False	False	False	False	C
Q8BNQ4	A0A0G2JDH2	Q8BNQ4	A0A0G2JDH2	True	False	False	False	False	False	C
O70494	Q60773	Sp3	Cdkn2d	True	False	False	False	False	False	A
A0A1Y7VJR5	P08226	A0A1Y7VJR5	Apoe	True	False	False	False	False	False	C
A0A1Y7VJR5	Q9WV54	A0A1Y7VJR5	Asah1	True	False	False	False	False	False	C
A0A1Y7VJR5	Q6UQ17	A0A1Y7VJR5	Atp8b3	True	False	False	False	False	False	C
A0A1Y7VJR5	A2AUY4	A0A1Y7VJR5	Baz2b	True	False	False	False	False	False	C
A0A1Y7VJR5	Q8CHH5	A0A1Y7VJR5	Bicral	True	False	False	False	False	False	C
A0A1Y7VJR5	Q3UX62	A0A1Y7VJR5	Odad1	True	False	False	False	False	False	C
A0A1Y7VJR5	Q9JM96	A0A1Y7VJR5	Cdc42ep4	True	False	False	False	False	False	C
A0A1Y7VJR5	P18760	A0A1Y7VJR5	Cfl1	True	False	False	False	False	False	C
A0A1Y7VJR5	Q8K4L0	A0A1Y7VJR5	Ddx54	True	False	False	False	False	False	C
A0A1Y7VJR5	E9QKB1	A0A1Y7VJR5	E9QKB1	True	False	False	False	False	False	C
A0A1Y7VJR5	Q8K285	A0A1Y7VJR5	Fcho1	True	False	False	False	False	False	C
A0A1Y7VJR5	Q80ZU9	A0A1Y7VJR5	Gpr137	True	False	False	False	False	False	C
A0A1Y7VJR5	Q99PM3	A0A1Y7VJR5	Gtf2a1	True	False	False	False	False	False	C
A0A1Y7VJR5	Q8BG05	A0A1Y7VJR5	Hnrnpa3	True	False	False	False	False	False	C
A0A1Y7VJR5	Q9JKR6	A0A1Y7VJR5	Hyou1	True	False	False	False	False	False	C
A0A1Y7VJR5	Q9Z1X4	A0A1Y7VJR5	Ilf3	True	False	False	False	False	False	C
A0A1Y7VJR5	Q6ZPI0	A0A1Y7VJR5	Jade1	True	False	False	False	False	False	C
A0A1Y7VJR5	A2A5Y4	A0A1Y7VJR5	A2A5Y4	True	False	False	False	False	False	C
A0A1Y7VJR5	Q63959	A0A1Y7VJR5	Kcnc3	True	False	False	False	False	False	C
A0A1Y7VJR5	Q9JJ69	A0A1Y7VJR5	Kcnip2	True	False	False	False	False	False	C
A0A1Y7VJR5	Q8K4G1	A0A1Y7VJR5	Ltbp4	True	False	False	False	False	False	C
A0A1Y7VJR5	Q9D752	A0A1Y7VJR5	Mad2l2	True	False	False	False	False	False	C
A0A1Y7VJR5	P27046	A0A1Y7VJR5	Man2a1	True	False	False	False	False	False	C
A0A1Y7VJR5	Q99LB6	A0A1Y7VJR5	Mat2b	True	False	False	False	False	False	C
A0A1Y7VJR5	E9QLG3	A0A1Y7VJR5	E9QLG3	True	False	False	False	False	False	C
A0A1Y7VJR5	Q91ZJ0	A0A1Y7VJR5	Mus81	True	False	False	False	False	False	C
A0A1Y7VJR5	P50540	A0A1Y7VJR5	Mxi1	True	False	False	False	False	False	C
A0A1Y7VJR5	O35682	A0A1Y7VJR5	Myadm	True	False	False	False	False	False	C
A0A1Y7VJR5	P32507	A0A1Y7VJR5	Nectin2	True	False	False	False	False	False	C
A0A1Y7VJR5	P70353	A0A1Y7VJR5	Nfyc	True	False	False	False	False	False	C
A0A1Y7VJR5	A2AJH3	A0A1Y7VJR5	A2AJH3	True	False	False	False	False	False	C
A0A1Y7VJR5	Q60644	A0A1Y7VJR5	Nr1h2	True	False	False	False	False	False	C
A0A1Y7VJR5	Q9CR24	A0A1Y7VJR5	Nudt8	True	False	False	False	False	False	C
A0A1Y7VJR5	Q9R0L6	A0A1Y7VJR5	Pcm1	True	False	False	False	False	False	C
A0A1Y7VJR5	P60469	A0A1Y7VJR5	Ppfia3	True	False	False	False	False	False	C
A0A1Y7VJR5	Q99JF8	A0A1Y7VJR5	Psip1	True	False	False	False	False	False	C
A0A1Y7VJR5	Q9WU22	A0A1Y7VJR5	Ptpn4	True	False	False	False	False	False	C
A0A1Y7VJR5	Q91WG2	A0A1Y7VJR5	Rabep2	True	False	False	False	False	False	C
A0A1Y7VJR5	Q80TZ9	A0A1Y7VJR5	Rere	True	False	False	False	False	False	C
A0A1Y7VJR5	Q8BI21	A0A1Y7VJR5	Rnf38	True	False	False	False	False	False	B
A0A1Y7VJR5	Q8QZY4	A0A1Y7VJR5	Rtbdn	True	False	False	False	False	False	C
A0A1Y7VJR5	A0A3Q4EC23	A0A1Y7VJR5	A0A3Q4EC23	True	False	False	False	False	False	C
A0A1Y7VJR5	Q91V14	A0A1Y7VJR5	Slc12a5	True	False	False	False	False	False	C
A0A1Y7VJR5	Q9ESU7	A0A1Y7VJR5	Q9ESU7	True	False	False	False	False	False	C
A0A1Y7VJR5	A0A0G2JDT3	A0A1Y7VJR5	A0A0G2JDT3	True	False	False	False	False	False	C
A0A1Y7VJR5	E9PX29	A0A1Y7VJR5	E9PX29	True	False	False	False	False	False	C
A0A1Y7VJR5	O35638	A0A1Y7VJR5	Stag2	True	False	False	False	False	False	C
A0A1Y7VJR5	A0A0G2JEY9	A0A1Y7VJR5	A0A0G2JEY9	True	False	False	False	False	False	C
A0A1Y7VJR5	P63058	A0A1Y7VJR5	Thra	True	False	False	False	False	False	C
A0A1Y7VJR5	Q3TUD9	A0A1Y7VJR5	Tmem18	True	False	False	False	False	False	C
A0A1Y7VJR5	Q923J1	A0A1Y7VJR5	Trpm7	True	False	False	False	False	False	C
A0A1Y7VJR5	Q8BJU2	A0A1Y7VJR5	Tspan9	True	False	False	False	False	False	C
A0A1Y7VJR5	Q8K3J5	A0A1Y7VJR5	Znf131	True	False	False	False	False	False	B
P17433	Q3UHJ0	Spi1	Aak1	True	False	False	False	False	False	B
P17433	Q64343	Spi1	Abcg1	True	False	False	False	False	False	C
P17433	Q9EPL9	Spi1	Acox3	True	False	False	False	False	False	C
P17433	P51829	Spi1	Adcy7	True	False	False	False	False	False	B
P17433	Q9QYB5	Spi1	Add3	True	False	False	False	False	False	B
P17433	A0A1L1SSF2	Spi1	A0A1L1SSF2	True	False	False	False	False	False	C
P17433	P18762	Spi1	Adrb2	True	False	False	False	False	False	B
P17433	B1AVP1	Spi1	B1AVP1	True	False	False	False	False	False	B
P17433	Q80WT5	Spi1	Aftph	True	False	False	False	False	False	C
P17433	Q68FL4	Spi1	Ahcyl2	True	False	False	False	False	False	B
P17433	O70200	Spi1	Aif1	True	False	False	False	False	False	B
P17433	Q920P5	Spi1	Ak5	True	False	False	False	False	False	B
P17433	E9Q394	Spi1	Akap13	True	False	False	False	False	False	B
P17433	P30355	Spi1	Alox5ap	True	False	False	False	False	False	B
P17433	Q9DBT5	Spi1	Ampd2	True	False	False	False	False	False	C
P17433	O08739	Spi1	Ampd3	True	False	False	False	False	False	B
P17433	E9Q4F7	Spi1	Ankrd11	True	False	False	False	False	False	B
P17433	Q505D1	Spi1	Ankrd28	True	False	False	False	False	False	C
P17433	Q8BH79	Spi1	Ano10	True	False	False	False	False	False	B
P17433	Q6DFX2	Spi1	Antxr2	True	False	False	False	False	False	C
P17433	Q8R5A3	Spi1	Apbb1ip	True	False	False	False	False	False	A
P17433	Q4LDD4	Spi1	Arap1	True	False	False	False	False	False	B
P17433	Q5FWK3	Spi1	Arhgap1	True	False	False	False	False	False	C
P17433	Q811M1	Spi1	Arhgap15	True	False	False	False	False	False	B
P17433	Q8BL80	Spi1	Arhgap22	True	False	False	False	False	False	B
P17433	Q8C4V1	Spi1	Arhgap24	True	False	False	False	False	False	B
P17433	Q8BYW1	Spi1	Arhgap25	True	False	False	False	False	False	B
P17433	Q6ZQ82	Spi1	Arhgap26	True	False	False	False	False	False	B
P17433	O54834	Spi1	Arhgap6	True	False	False	False	False	False	C
P17433	Q91X46	Spi1	Arhgef3	True	False	False	False	False	False	B
P17433	Q8BM75	Spi1	Arid5b	True	False	False	False	False	False	B
P17433	Q6PD19	Spi1	Armh3	True	False	False	False	False	False	C
P17433	Q9WTL8	Spi1	Bmal1	True	False	False	False	False	False	B
P17433	A0A0R4J138	Spi1	A0A0R4J138	True	False	False	False	False	False	C
P17433	Q9QWY8	Spi1	Asap1	True	False	False	False	False	False	B
P17433	P51863	Spi1	Atp6v0d1	True	False	False	False	False	False	B
P17433	A2ANX2	Spi1	A2ANX2	True	False	False	False	False	False	B
P17433	P54254	Spi1	Atxn1	True	False	False	False	False	False	B
P17433	A0A7N9VSJ5	Spi1	A0A7N9VSJ5	True	False	False	False	False	False	B
P17433	P01887	Spi1	B2m	True	False	False	False	False	False	A
P17433	Q9WVK5	Spi1	B4galt6	True	False	False	False	False	False	C
P17433	A2AUY4	Spi1	Baz2b	True	False	False	False	False	False	B
P17433	Q9DBI2	Spi1	Bbs10	True	False	False	False	False	False	C
P17433	Q811G0	Spi1	Bbs9	True	False	False	False	False	False	C
P17433	Q9QZK2	Spi1	Bcar3	True	False	False	False	False	False	B
P17433	O55179	Spi1	O55179	True	False	False	False	False	False	B
P17433	Q07440	Spi1	Bcl2a1	True	False	False	False	False	False	B
P17433	Q497M6	Spi1	Q497M6	True	False	False	False	False	False	B
P17433	Q8CGN4	Spi1	Bcor	True	False	False	False	False	False	B
P17433	Q8BMQ3	Spi1	Bnc2	True	False	False	False	False	False	C
P17433	Q9Z2F7	Spi1	Bnip3l	True	False	False	False	False	False	C
P17433	Q3TQQ9	Spi1	Firrm	True	False	False	False	False	False	C
P17433	P40124	Spi1	Cap1	True	False	False	False	False	False	B
P17433	A2AVV6	Spi1	A2AVV6	True	False	False	False	False	False	C
P17433	P47757	Spi1	Capzb	True	False	False	False	False	False	B
P17433	P97864	Spi1	Casp7	True	False	False	False	False	False	C
P17433	P51125	Spi1	Cast	True	False	False	False	False	False	C
P17433	Q3TTA7	Spi1	Cblb	True	False	False	False	False	False	B
P17433	Q6VGS5	Spi1	Ccdc88c	True	False	False	False	False	False	B
P17433	P51678	Spi1	Ccr3	True	False	False	False	False	False	C
P17433	Q62192	Spi1	Cd180	True	False	False	False	False	False	B
P17433	Q07763	Spi1	Cd244	True	False	False	False	False	False	C
P17433	Q61470	Spi1	Cd37	True	False	False	False	False	False	B
P17433	A0A2R8W6P0	Spi1	A0A2R8W6P0	True	False	False	False	False	False	A
P17433	Q9Z0H0	Spi1	Cdc7	True	False	False	False	False	False	C
P17433	Q61451	Spi1	Cd53	True	False	False	False	False	False	A
P17433	P40237	Spi1	Cd82	True	False	False	False	False	False	B
P17433	A0A0R4J0K5	Spi1	A0A0R4J0K5	True	False	False	False	False	False	B
P17433	Q9CQC5	Spi1	Cdc42ep3	True	False	False	False	False	False	B
P17433	Q8K389	Spi1	Cdk5rap2	True	False	False	False	False	False	B
P17433	Q8BLF2	Spi1	Cdkl3	True	False	False	False	False	False	C
P17433	Q9WTK2	Spi1	Cdyl	True	False	False	False	False	False	B
P17433	Q5FWI3	Spi1	Cemip2	True	False	False	False	False	False	B
P17433	Q8C172	Spi1	Cers6	True	False	False	False	False	False	C
P17433	Q8BYH8	Spi1	Chd9	True	False	False	False	False	False	B
P17433	Q3V2R3	Spi1	Q3V2R3	True	False	False	False	False	False	B
P17433	Q9JME2	Spi1	Chst11	True	False	False	False	False	False	B
P17433	Q91XQ5	Spi1	Chst15	True	False	False	False	False	False	B
P17433	P97468	Spi1	Cmklr1	True	False	False	False	False	False	B
P17433	Q9ESD6	Spi1	Cmtm7	True	False	False	False	False	False	C
P17433	Q80X19	Spi1	Col14a1	True	False	False	False	False	False	C
P17433	Q6NVG7	Spi1	Colgalt2	True	False	False	False	False	False	B
P17433	O89053	Spi1	Coro1a	True	False	False	False	False	False	B
P17433	Q9WUM4	Spi1	Coro1c	True	False	False	False	False	False	B
P17433	Q9CR63	Spi1	Cox16	True	False	False	False	False	False	C
P17433	Q01147	Spi1	Creb1	True	False	False	False	False	False	B
P17433	A0A0N4SV71	Spi1	A0A0N4SV71	True	False	False	False	False	False	B
P17433	F8VPR5	Spi1	F8VPR5	True	False	False	False	False	False	A
P17433	A0A0G2JG52	Spi1	A0A0G2JG52	True	False	False	False	False	False	B
P17433	E9Q1U6	Spi1	E9Q1U6	True	False	False	False	False	False	B
P17433	P30999	Spi1	Ctnnd1	True	False	False	False	False	False	C
P17433	Q8R3V6	Spi1	Cuedc1	True	False	False	False	False	False	B
P17433	Q9WTX6	Spi1	Cul1	True	False	False	False	False	False	C
P17433	P70298	Spi1	Cux2	True	False	False	False	False	False	B
P17433	Q8BHZ0	Spi1	Cyria	True	False	False	False	False	False	B
P17433	Q921M7	Spi1	Cyrib	True	False	False	False	False	False	B
P17433	Q3TZ02	Spi1	Q3TZ02	True	False	False	False	False	False	B
P17433	Q80YW0	Spi1	Cyth4	True	False	False	False	False	False	B
P17433	Q91VY6	Spi1	Cytip	True	False	False	False	False	False	B
P17433	Q8BPM0	Spi1	Daam1	True	False	False	False	False	False	B
P17433	Q3U1Y4	Spi1	Dennd4b	True	False	False	False	False	False	C
P17433	Q91WG7	Spi1	Dgkg	True	False	False	False	False	False	B
P17433	Q58NB6	Spi1	Dhrs9	True	False	False	False	False	False	B
P17433	Q8BZS9	Spi1	Dhx32	True	False	False	False	False	False	C
P17433	Q8C4C9	Spi1	Q8C4C9	True	False	False	False	False	False	B
P17433	G3X922	Spi1	G3X922	True	False	False	False	False	False	C
P17433	Q9D7J6	Spi1	Dnase1l1	True	False	False	False	False	False	C
P17433	P56542	Spi1	Dnase2	True	False	False	False	False	False	C
P17433	P39054	Spi1	Dnm2	True	False	False	False	False	False	B
P17433	Q8BZN6	Spi1	Dock10	True	False	False	False	False	False	B
P17433	Q8C3J5	Spi1	Dock2	True	False	False	False	False	False	B
P17433	P59764	Spi1	Dock4	True	False	False	False	False	False	B
P17433	G3UXH9	Spi1	G3UXH9	True	False	False	False	False	False	B
P17433	Q9ESS0	Spi1	Dusp10	True	False	False	False	False	False	B
P17433	Q99N11	Spi1	Dusp22	True	False	False	False	False	False	B
P17433	Q4PZA2	Spi1	Ece1	True	False	False	False	False	False	B
P17433	A0A0R4J0H9	Spi1	A0A0R4J0H9	True	False	False	False	False	False	B
P17433	Q9DBM2	Spi1	Ehhadh	True	False	False	False	False	False	C
P17433	Q5DW34	Spi1	Ehmt1	True	False	False	False	False	False	B
P17433	Q8BPU7	Spi1	Elmo1	True	False	False	False	False	False	B
P17433	P55772	Spi1	Entpd1	True	False	False	False	False	False	B
P17433	P81270	Spi1	Erg	True	False	False	False	False	False	A
P17433	P97360	Spi1	Etv6	True	False	False	False	False	False	B
P17433	Q8VD58	Spi1	Evi2b	True	False	False	False	False	False	B
P17433	O35382	Spi1	Exoc4	True	False	False	False	False	False	B
P17433	Q8BGI4	Spi1	Fam13a	True	False	False	False	False	False	B
P17433	Q80XI1	Spi1	Fbxo34	True	False	False	False	False	False	C
P17433	Q5SRY7	Spi1	Fbxw11	True	False	False	False	False	False	B
P17433	A0A0B4J1E6	Spi1	A0A0B4J1E6	True	False	False	False	False	False	B
P17433	Q8BY35	Spi1	Fgd2	True	False	False	False	False	False	B
P17433	A2AJL3	Spi1	Fggy	True	False	False	False	False	False	B
P17433	O89106	Spi1	Fhit	True	False	False	False	False	False	B
P17433	E0CYH7	Spi1	E0CYH7	True	False	False	False	False	False	B
P17433	Q9JJ28	Spi1	Flii	True	False	False	False	False	False	A
P17433	Q80X90	Spi1	Flnb	True	False	False	False	False	False	B
P17433	A0A0R4J0A4	Spi1	A0A0R4J0A4	True	False	False	False	False	False	B
P17433	Q80TY0	Spi1	Fnbp1	True	False	False	False	False	False	B
P17433	E9PUK3	Spi1	E9PUK3	True	False	False	False	False	False	C
P17433	A0A0R4J0H8	Spi1	A0A0R4J0H8	True	False	False	False	False	False	B
P17433	Q61239	Spi1	Fnta	True	False	False	False	False	False	C
P17433	Q499D0	Spi1	Foxn3	True	False	False	False	False	False	B
P17433	H3BJ24	Spi1	H3BJ24	True	False	False	False	False	False	B
P17433	P33766	Spi1	Fpr1	True	False	True	True	False	True	A
P17433	Q920B0	Spi1	Frmd4b	True	False	False	False	False	False	B
P17433	Q8BGW1	Spi1	Fto	True	False	False	False	False	False	B
P17433	O35601	Spi1	Fyb1	True	False	False	False	False	False	B
P17433	P39688	Spi1	Fyn	True	False	False	False	False	False	B
P17433	Q9WV18	Spi1	Gabbr1	True	False	False	False	False	False	C
P17433	Q00422	Spi1	Gabpa	True	False	False	False	False	False	C
P17433	Q6P9S7	Spi1	Galnt10	True	False	False	False	False	False	B
P17433	Q6PB93	Spi1	Galnt2	True	False	False	False	False	False	B
P17433	F6QB26	Spi1	F6QB26	True	False	False	False	False	False	B
P17433	A0A1D5RM07	Spi1	A0A1D5RM07	True	False	False	False	False	False	B
P17433	Q3UHD2	Spi1	Gfod1	True	False	False	False	False	False	B
P17433	Q8R0H9	Spi1	Gga1	True	False	False	False	False	False	C
P17433	Q9CPY6	Spi1	Gid4	True	False	False	False	False	False	C
P17433	Q99JY3	Spi1	Gimap4	True	False	False	False	False	False	C
P17433	D3Z7P3	Spi1	Gls	True	False	False	False	False	False	C
P17433	P21279	Spi1	Gnaq	True	False	False	False	False	False	B
P17433	Q8C0L9	Spi1	Gpcpd1	True	False	False	False	False	False	C
P17433	Q8CI52	Spi1	Gramd1c	True	False	False	False	False	False	C
P17433	Q3TCV3	Spi1	Gsap	True	False	False	False	False	False	B
P17433	Q8BW56	Spi1	Gtdc1	True	False	False	False	False	False	B
P17433	Q64525	Spi1	H2bc18	True	False	False	False	False	False	C;D
P17433	P10854	Spi1	H2bc14	True	False	False	False	False	False	C;D
P17433	Q6ZWY9	Spi1	H2bc4; H2bc6; H2bc8	True	False	False	False	False	False	C;D
P17433	Q6NZM9	Spi1	Hdac4	True	False	False	False	False	False	B
P17433	A0A1B0GSQ5	Spi1	A0A1B0GSQ5	True	False	False	False	False	False	B
P17433	Q4VAH7	Spi1	Hepacam2	True	False	False	False	False	False	C
P17433	E9PZP8	Spi1	E9PZP8	True	False	False	False	False	False	B
P17433	Q4U2R1	Spi1	Herc2	True	False	False	False	False	False	C
P17433	Q9JJK5	Spi1	Herpud1	True	False	False	False	False	False	C
P17433	Q8VD75	Spi1	Hip1	True	False	False	False	False	False	B
P17433	A2A884	Spi1	Hivep3	True	False	False	False	False	False	B
P17433	O08528	Spi1	Hk2	True	False	False	False	False	False	C
P17433	Q8VDM6	Spi1	Hnrnpul1	True	False	False	False	False	False	C
P17433	P62748	Spi1	Hpcal1	True	False	False	False	False	False	B
P17433	O89113	Spi1	Ier5	True	False	False	False	False	False	B
P17433	P33896	Spi1	Ifnar1	True	False	False	False	False	False	C
P17433	P15261	Spi1	Ifngr1	True	False	False	False	False	False	C
P17433	Q6NWV3	Spi1	Ift122	True	False	False	False	False	False	C
P17433	E9QNX9	Spi1	E9QNX9	True	False	False	False	False	False	B
P17433	Q07113	Spi1	Igf2r	True	False	False	False	False	False	B
P17433	O08900	Spi1	Ikzf3	True	False	False	False	False	False	C
P17433	Q61727	Spi1	Il10ra	True	False	False	False	False	False	C
P17433	O54824	Spi1	Il16	True	False	False	False	False	False	B
P17433	P21183	Spi1	Il5ra	True	False	False	False	False	False	A
P17433	D3YUD3	Spi1	D3YUD3	True	False	False	False	False	False	B
P17433	Q7TNC9	Spi1	Inpp5a	True	False	False	False	False	False	B
P17433	Q9ES52	Spi1	Inpp5d	True	False	False	False	False	False	B
P17433	Q5DU31	Spi1	Ipcef1	True	False	False	False	False	False	B
P17433	Q3UQ44	Spi1	Iqgap2	True	False	False	False	False	False	B
P17433	E9PUA3	Spi1	E9PUA3	True	False	False	False	False	False	B
P17433	P56477	Spi1	Irf5	True	False	False	False	False	False	B
P17433	P70434	Spi1	Irf7	True	False	False	False	False	False	C
P17433	Q91WI7	Spi1	Itfg2	True	False	False	False	False	False	C
P17433	P09055	Spi1	Itgb1	True	False	False	False	False	False	A
P17433	B2RXC2	Spi1	B2RXC2	True	False	False	False	False	False	B
P17433	P11881	Spi1	Itpr1	True	False	False	False	False	False	B
P17433	Q9Z329	Spi1	Itpr2	True	False	False	False	False	False	B
P17433	D3YXK0	Spi1	D3YXK0	True	False	False	False	False	False	C
P17433	Q62315	Spi1	Jarid2	True	False	False	False	False	False	B
P17433	Q69ZK6	Spi1	Jmjd1c	True	False	False	False	False	False	B
P17433	A0A087WQN5	Spi1	A0A087WQN5	True	False	False	False	False	False	A
P17433	Q8VCD7	Spi1	Kdm4c	True	False	False	False	False	False	B
P17433	Q3UE31	Spi1	Q3UE31	True	False	False	False	False	False	B
P17433	Q6PFD6	Spi1	Kif18b	True	False	False	False	False	False	B
P17433	P70188	Spi1	Kifap3	True	False	False	False	False	False	C
P17433	Q8CEC4	Spi1	Q8CEC4	True	False	False	False	False	False	B
P17433	Q91WN4	Spi1	Kmo	True	False	False	False	False	False	B
P17433	Q61233	Spi1	Lcp1	True	False	False	False	False	False	B
P17433	Q60787	Spi1	Lcp2	True	False	False	False	False	False	A
P17433	Q9JKS4	Spi1	Ldb3	True	False	False	False	False	False	C
P17433	Q8BWJ4	Spi1	Ldlrad4	True	False	False	False	False	False	B
P17433	Q8C142	Spi1	Ldlrap1	True	False	False	False	False	False	C
P17433	Q8BGA2	Spi1	Lhfpl2	True	False	False	False	False	False	B
P17433	Q8BM86	Spi1	Lhfpl6	True	False	False	False	False	False	C
P17433	Q9D7I5	Spi1	Lhpp	True	False	False	False	False	False	B
P17433	F6PZL4	Spi1	F6PZL4	True	False	False	False	False	False	B;D
P17433	A0A0B4J1F3	Spi1	A0A0B4J1F3	True	False	False	False	False	False	B;D
P17433	F8VQ94	Spi1	F8VQ94	True	False	False	False	False	False	B;D
P17433	E9Q1Z6	Spi1	E9Q1Z6	True	False	False	False	False	False	B;D
P17433	A0A0R4J005	Spi1	A0A0R4J005	True	False	False	False	False	False	B
P17433	P14733	Spi1	Lmnb1	True	False	False	False	False	False	C
P17433	Q8BFW7	Spi1	Lpp	True	False	False	False	False	False	B
P17433	Q99N69	Spi1	Lpxn	True	False	False	False	False	False	C
P17433	P62046	Spi1	Lrch1	True	False	False	False	False	False	B
P17433	Q3UZ39	Spi1	Lrrfip1	True	False	False	False	False	False	B
P17433	P62322	Spi1	Lsm5	True	False	False	False	False	False	C
P17433	O88855	Spi1	Ltb4r	True	False	False	False	False	False	C
P17433	P25911	Spi1	Lyn	True	False	False	False	False	False	B
P17433	A2AGQ4	Spi1	A2AGQ4	True	False	False	False	False	False	C
P17433	O35099	Spi1	Map3k5	True	False	False	False	False	False	B
P17433	A0A0A6YVZ8	Spi1	A0A0A6YVZ8	True	False	False	False	False	False	B
P17433	P49138	Spi1	Mapkapk2	True	False	False	False	False	False	B
P17433	Q6NZQ8	Spi1	Marchf1	True	False	False	False	False	False	B
P17433	F8WJC4	Spi1	F8WJC4	True	False	False	False	False	False	B
P17433	A0A0A6YVV8	Spi1	A0A0A6YVV8	True	False	False	False	False	False	B
P17433	Q6P5G3	Spi1	Mbtd1	True	False	False	False	False	False	C
P17433	Q99MR8	Spi1	Mccc1	True	False	False	False	False	False	C
P17433	Q9WUU9	Spi1	Mcm3ap	True	False	False	False	False	False	A
P17433	E9PW38	Spi1	E9PW38	True	False	False	False	False	False	B
P17433	Q5RJH2	Spi1	Mctp2	True	False	False	False	False	False	B
P17433	Q924H2	Spi1	Med15	True	False	False	False	False	False	C
P17433	A0A0G2JEM8	Spi1	A0A0G2JEM8	True	False	False	False	False	False	B
P17433	P97367	Spi1	Meis2	True	False	False	False	False	False	C
P17433	A0A2R8VHH3	Spi1	A0A2R8VHH3	True	False	False	False	False	False	C
P17433	Q8R4G6	Spi1	Mgat5	True	False	False	False	False	False	B
P17433	O35678	Spi1	Mgll	True	False	False	False	False	False	B
P17433	G5E8D8	Spi1	G5E8D8	True	False	False	False	False	False	C
P17433	O70138	Spi1	Mmp8	True	False	False	False	False	False	C
P17433	G3UVV6	Spi1	G3UVV6	True	False	False	False	False	False	C
P17433	P19258	Spi1	Mpv17	True	False	False	False	False	False	C
P17433	Q07243	Spi1	Mtf1	True	False	False	False	False	False	C
P17433	G3X9H7	Spi1	G3X9H7	True	False	False	False	False	False	B
P17433	Q7TPH6	Spi1	Mycbp2	True	False	False	False	False	False	B
P17433	Q8VDD5	Spi1	Myh9	True	False	False	False	False	False	B
P17433	D3YV80	Spi1	D3YV80	True	False	False	False	False	False	B
P17433	Q69ZN7	Spi1	Myof	True	False	False	False	False	False	B
P17433	Q8BGW5	Spi1	Nabp1	True	False	False	False	False	False	C
P17433	E9Q411	Spi1	E9Q411	True	False	False	False	False	False	B
P17433	Q9EPN1	Spi1	Nbea	True	False	False	False	False	False	C
P17433	Q91X97	Spi1	Ncald	True	False	False	False	False	False	B
P17433	Q8K1X4	Spi1	Nckap1l	True	False	False	False	False	False	B
P17433	P70365	Spi1	Ncoa1	True	False	False	False	False	False	B
P17433	E9PY55	Spi1	E9PY55	True	False	False	False	False	False	B
P17433	Q62433	Spi1	Ndrg1	True	False	False	False	False	False	C
P17433	A0A286YDV4	Spi1	A0A286YDV4	True	False	False	False	False	False	B
P17433	A0A0R4J212	Spi1	A0A0R4J212	True	False	False	False	False	False	B
P17433	Q9ES70	Spi1	Nek6	True	False	False	False	False	False	C
P17433	Q9ES74	Spi1	Nek7	True	False	False	False	False	False	B
P17433	P25799	Spi1	Nfkb1	True	False	False	False	False	False	B
P17433	P70353	Spi1	Nfyc	True	False	False	False	False	False	C
P17433	Q3UW53	Spi1	Niban1	True	False	False	False	False	False	B
P17433	Q8K3Z0	Spi1	Nod2	True	False	False	False	False	False	B
P17433	Q810U4	Spi1	Nrcam	True	False	False	False	False	False	B
P17433	P0DI97	Spi1	Nrxn1	True	False	False	False	False	False	C
P17433	Q9CS84	Spi1	Nrxn1	True	False	False	False	False	False	C
P17433	E9Q7X7	Spi1	Nrxn2	True	False	False	False	False	False	B
P17433	E9PUN2	Spi1	Nrxn2	True	False	False	False	False	False	B
P17433	Q91VT1	Spi1	Nsmce2	True	False	False	False	False	False	B
P17433	Q9D3P9	Spi1	Nts	True	False	False	False	False	False	C
P17433	Q9QY81	Spi1	Nup210	True	False	False	False	False	False	B
P17433	A0A0N4SV33	Spi1	A0A0N4SV33	True	False	False	False	False	False	B
P17433	Q3TVP5	Spi1	Otulinl	True	False	False	False	False	False	C
P17433	Q9WVE8	Spi1	Pacsin2	True	False	False	False	False	False	B
P17433	P97467	Spi1	Pam	True	False	False	False	False	False	B
P17433	Q5DU28	Spi1	Pcnx2	True	False	False	False	False	False	B
P17433	Q8VBU5	Spi1	Q8VBU5	True	False	False	False	False	False	B
P17433	Q01063	Spi1	Pde4d	True	False	False	False	False	False	B
P17433	O88502	Spi1	Pde8a	True	False	False	False	False	False	B
P17433	P05622	Spi1	Pdgfrb	True	False	False	False	False	False	A
P17433	Q3UUQ7	Spi1	Pgap1	True	False	False	False	False	False	C
P17433	Q2M3X8	Spi1	Phactr1	True	False	False	False	False	False	B
P17433	B1AVP0	Spi1	B1AVP0	True	False	False	False	False	False	B
P17433	Q9QWH1	Spi1	Phc2	True	False	False	False	False	False	B
P17433	Q9D4H9	Spi1	Phf14	True	False	False	False	False	False	C
P17433	Q8CHE4	Spi1	Phlpp1	True	False	False	False	False	False	B
P17433	A0A0R4J1Q1	Spi1	A0A0R4J1Q1	True	False	False	False	False	False	B
P17433	Q7M6Y3	Spi1	Picalm	True	False	False	False	False	False	B
P17433	Q9EQ32	Spi1	Pik3ap1	True	False	False	False	False	False	C
P17433	Q9JHG7	Spi1	Pik3cg	True	False	False	False	False	False	B
P17433	P26450	Spi1	Pik3r1	True	False	False	False	False	False	B
P17433	Q5SW28	Spi1	Pik3r5	True	False	False	False	False	False	B
P17433	P70268	Spi1	Pkn1	True	False	False	False	False	False	C
P17433	P47713	Spi1	Pla2g4a	True	False	False	False	False	False	B
P17433	Q3TTY0	Spi1	Plb1	True	False	False	False	False	False	C
P17433	Q9Z1B3	Spi1	Plcb1	True	False	False	False	False	False	B
P17433	Q8CIH5	Spi1	Plcg2	True	False	False	False	False	False	B
P17433	Q3USB7	Spi1	Plcl1	True	False	False	False	False	False	B
P17433	Q8K394	Spi1	Plcl2	True	False	False	False	False	False	B
P17433	D3Z2V2	Spi1	D3Z2V2	True	False	False	False	False	False	B
P17433	Q9ERS5	Spi1	Plekha2	True	False	False	False	False	False	B
P17433	P70207	Spi1	Plxna2	True	False	False	False	False	False	B
P17433	Q9QZC2	Spi1	Plxnc1	True	False	False	False	False	False	B
P17433	Q9CWP8	Spi1	Pold4	True	False	False	False	False	False	B
P17433	A0A494B974	Spi1	A0A494B974	True	False	False	False	False	False	B
P17433	P35396	Spi1	Ppard	True	False	False	False	False	False	C
P17433	Q8BZB2	Spi1	Ppcdc	True	False	False	False	False	False	B
P17433	A0A140LIN3	Spi1	A0A140LIN3	True	False	False	False	False	False	B
P17433	P24369	Spi1	Ppib	True	False	False	False	False	False	B
P17433	Q3UYC0	Spi1	Ppm1h	True	False	False	False	False	False	B
P17433	P63328	Spi1	Ppp3ca	True	False	False	False	False	False	B
P17433	Q69ZK0	Spi1	Prex1	True	False	False	False	False	False	C
P17433	P33610	Spi1	Prim2	True	False	False	False	False	False	C
P17433	Q91WG5	Spi1	Prkag2	True	False	False	False	False	False	B
P17433	P68404	Spi1	Prkcb	True	False	False	False	False	False	B
P17433	P16054	Spi1	Prkce	True	False	False	False	False	False	B
P17433	P23298	Spi1	Prkch	True	False	False	False	False	False	B
P17433	Q02111	Spi1	Prkcq	True	False	False	False	False	False	C
P17433	A2AVJ5	Spi1	Prr5l	True	False	False	False	False	False	B
P17433	Q8BLR5	Spi1	Psd4	True	False	False	False	False	False	B
P17433	Q9R1P1	Spi1	Psmb3	True	False	False	False	False	False	B
P17433	P28063	Spi1	Psmb8	True	False	False	False	False	False	C
P17433	P34152	Spi1	Ptk2	True	False	False	False	False	False	B
P17433	Q9QVP9	Spi1	Ptk2b	True	False	False	False	False	False	B
P17433	P49446	Spi1	Ptpre	True	False	False	False	False	False	A
P17433	E9Q4S7	Spi1	E9Q4S7	True	False	False	False	False	False	B
P17433	Q921E2	Spi1	Rab31	True	False	False	False	False	False	B
P17433	E9QKE4	Spi1	E9QKE4	True	False	False	False	False	False	C
P17433	A6H6A9	Spi1	Rabgap1l	True	False	False	False	False	False	B
P17433	O35719	Spi1	Rad51b	True	False	False	False	False	False	B
P17433	Q5SVL6	Spi1	Rap1gap2	True	False	False	False	False	False	B
P17433	Q91ZZ2	Spi1	Q91ZZ2	True	False	False	False	False	False	B
P17433	Q9EQZ6	Spi1	Rapgef4	True	False	False	False	False	False	C
P17433	Q5NCJ5	Spi1	Q5NCJ5	True	False	False	False	False	False	B
P17433	Q60790	Spi1	Rasa3	True	False	False	False	False	False	B
P17433	Q6PFQ7	Spi1	Rasa4	True	False	False	False	False	False	C
P17433	B0QZV7	Spi1	B0QZV7	True	False	False	False	False	False	C
P17433	Q8BMS9	Spi1	Rassf2	True	False	False	False	False	False	B
P17433	Q80YR6	Spi1	Rbbp8	True	False	False	False	False	False	C
P17433	Q91WT8	Spi1	Rbm47	True	False	False	False	False	False	B
P17433	Q91W59	Spi1	Rbms1	True	False	False	False	False	False	B
P17433	Q9JHG6	Spi1	Rcan1	True	False	False	False	False	False	B
P17433	Q99LJ7	Spi1	Rcbtb2	True	False	False	False	False	False	C
P17433	A4QPD3	Spi1	A4QPD3	True	False	False	False	False	False	A
P17433	Q80TZ9	Spi1	Rere	True	False	False	False	False	False	B
P17433	Q6A0D4	Spi1	Rftn1	True	False	False	False	False	False	B
P17433	P48381	Spi1	Rfx3	True	False	False	False	False	False	B
P17433	Q61193	Spi1	Rgl2	True	False	False	False	False	False	C
P17433	Q8CGE9	Spi1	Rgs12	True	False	False	False	False	False	B
P17433	P59729	Spi1	Rin3	True	False	False	False	False	False	B
P17433	Q5DTM8	Spi1	Rnf20	True	False	False	False	False	False	C
P17433	P14115	Spi1	Rpl27a	True	False	False	False	False	False	C
P17433	Q6ZWV7	Spi1	Rpl35	True	False	False	False	False	False	C
P17433	Q6NXI6	Spi1	Rprd2	True	False	False	False	False	False	C
P17433	G3UZI3	Spi1	G3UZI3	True	False	False	False	False	False	B
P17433	Q9WUT3	Spi1	Rps6ka2	True	False	False	False	False	False	B
P17433	A2AVJ7	Spi1	A2AVJ7	True	False	False	False	False	False	C
P17433	Q3UH06	Spi1	Rreb1	True	False	False	False	False	False	B
P17433	Q6P5B0	Spi1	Rrp12	True	False	False	False	False	False	C
P17433	Q99P72	Spi1	Rtn4	True	False	False	False	False	False	B
P17433	P28700	Spi1	Rxra	True	False	False	False	False	False	C
P17433	Q8CBY1	Spi1	Samd4a	True	False	False	False	False	False	B
P17433	P57725	Spi1	Samsn1	True	False	False	False	False	False	B
P17433	Q9JKV5	Spi1	Scamp4	True	False	False	False	False	False	C
P17433	A8Y5H7	Spi1	Sec14l1	True	False	False	False	False	False	B
P17433	O09126	Spi1	Sema4d	True	False	False	False	False	False	B
P17433	Q64213	Spi1	Sf1	True	False	False	False	False	False	C
P17433	Q8VCQ6	Spi1	Sgms1	True	False	False	False	False	False	B
P17433	D3Z107	Spi1	D3Z107	True	False	False	False	False	False	B
P17433	Q9Z131	Spi1	Sh3bp5	True	False	False	False	False	False	B
P17433	Q6P4S6	Spi1	Sik3	True	False	False	False	False	False	B
P17433	Q9EPK6	Spi1	Sil1	True	False	False	False	False	False	B
P17433	Q8C0T5	Spi1	Sipa1l1	True	False	False	False	False	False	B
P17433	G3X9J0	Spi1	Sipa1l3	True	False	False	False	False	False	B
P17433	Q8VI23	Spi1	Slc12a8	True	False	False	False	False	False	C
P17433	O35316	Spi1	Slc6a6	True	False	False	False	False	False	B
P17433	A0A3Q4L326	Spi1	A0A3Q4L326	True	False	False	False	False	False	B
P17433	Q8R3L5	Spi1	Slco3a1	True	False	False	False	False	False	B
P17433	Q62432	Spi1	Smad2	True	False	False	False	False	False	B
P17433	Q8BUN5	Spi1	Smad3	True	False	False	False	False	False	B
P17433	Q7TN29	Spi1	Smap2	True	False	False	False	False	False	C
P17433	Q9CWR2	Spi1	Smyd3	True	False	False	False	False	False	B
P17433	O55042	Spi1	Snca	True	False	False	False	False	False	C
P17433	Q78PY7	Spi1	Snd1	True	False	False	False	False	False	B
P17433	Q9CWT3	Spi1	Snx10	True	False	False	False	False	False	B
P17433	O88307	Spi1	Sorl1	True	False	False	False	False	False	B
P17433	Q58A65	Spi1	Spag9	True	False	False	False	False	False	B
P17433	Q91WJ7	Spi1	Spats2l	True	False	False	False	False	False	B
P17433	Q8BGX7	Spi1	Spidr	True	False	False	False	False	False	B
P17433	Q924S7	Spi1	Spred2	True	False	False	False	False	False	B
P17433	O35704	Spi1	Sptlc1	True	False	False	False	False	False	C
P17433	F8VPQ4	Spi1	F8VPQ4	True	False	False	False	False	False	C
P17433	P56677	Spi1	St14	True	False	False	False	False	False	B
P17433	Q64685	Spi1	St6gal1	True	False	False	False	False	False	B
P17433	Q64687	Spi1	St8sia1	True	False	False	False	False	False	B
P17433	A0A0J9YTR8	Spi1	A0A0J9YTR8	True	False	False	False	False	False	B
P17433	P70302	Spi1	Stim1	True	False	False	False	False	False	B
P17433	O55098	Spi1	Stk10	True	False	False	False	False	False	B
P17433	Q9JI11	Spi1	Stk4	True	False	False	False	False	False	C
P17433	E9Q3H4	Spi1	E9Q3H4	True	False	False	False	False	False	C
P17433	Q8K4L3	Spi1	Svil	True	False	False	False	False	False	B
P17433	D3YWM9	Spi1	D3YWM9	True	False	False	False	False	False	B
P17433	A0A0G2JDM5	Spi1	A0A0G2JDM5	True	False	False	False	False	False	C
P17433	F8VQ95	Spi1	F8VQ95	True	False	False	False	False	False	B
P17433	Q8BYC6	Spi1	Taok3	True	False	False	False	False	False	B
P17433	Q60949	Spi1	Tbc1d1	True	False	False	False	False	False	B
P17433	E0CX53	Spi1	E0CX53	True	False	False	False	False	False	C
P17433	Q80XQ2	Spi1	Tbc1d5	True	False	False	False	False	False	B
P17433	A0A0R4J0M1	Spi1	A0A0R4J0M1	True	False	False	False	False	False	C
P17433	Q8BHJ5	Spi1	Tbl1xr1	True	False	False	False	False	False	B
P17433	P36423	Spi1	Tbxas1	True	False	False	False	False	False	A
P17433	Q61286	Spi1	Tcf12	True	False	False	False	False	False	B
P17433	A0A0J9YTU7	Spi1	A0A0J9YTU7	True	False	False	False	False	False	B
P17433	E9QQ91	Spi1	E9QQ91	True	False	False	False	False	False	B
P17433	B1AWS8	Spi1	B1AWS8	True	False	False	False	False	False	C
P17433	Q3UHK6	Spi1	Tenm4	True	False	False	False	False	False	C
P17433	Q91YI6	Spi1	Tent2	True	False	False	False	False	False	C
P17433	A8C756	Spi1	Thada	True	False	False	False	False	False	B
P17433	G3UWG2	Spi1	G3UWG2	True	False	False	False	False	False	B
P17433	Q6ZPF3	Spi1	Tiam2	True	False	False	False	False	False	B
P17433	Q08122	Spi1	Tle3	True	False	False	False	False	False	B
P17433	Q62441	Spi1	Tle4	True	False	False	False	False	False	B
P17433	Q8C0V0	Spi1	Tlk1	True	False	False	False	False	False	B
P17433	O70472	Spi1	Tmem131	True	False	False	False	False	False	B
P17433	Q3U3D7	Spi1	Tmem131l	True	False	False	False	False	False	B
P17433	Q8VEH0	Spi1	Tmem144	True	False	False	False	False	False	C
P17433	Q8C996	Spi1	Tmem163	True	False	False	False	False	False	B
P17433	Q8K1T0	Spi1	Tmprss3	True	False	False	False	False	False	C
P17433	D3YWJ5	Spi1	D3YWJ5	True	False	False	False	False	False	B
P17433	P32972	Spi1	Tnfsf8	True	False	False	False	False	False	C
P17433	Q8BKI2	Spi1	Tnrc6b	True	False	False	False	False	False	B
P17433	Q5SSZ5	Spi1	Tns3	True	False	False	False	False	False	B
P17433	A0A0A6YWR4	Spi1	A0A0A6YWR4	True	False	False	False	False	False	C
P17433	Q6PD31	Spi1	Trak1	True	False	False	False	False	False	B
P17433	Q3U0M1	Spi1	Trappc9	True	False	False	False	False	False	B
P17433	A2AGP1	Spi1	A2AGP1	True	False	False	False	False	False	C
P17433	Q0KL02	Spi1	Trio	True	False	False	False	False	False	B
P17433	Q9Z2S7	Spi1	Tsc22d3	True	False	False	False	False	False	C
P17433	Q8QZY6	Spi1	Tspan14	True	False	False	False	False	False	B
P17433	Q8BGG7	Spi1	Ubash3b	True	False	False	False	False	False	C
P17433	P52482	Spi1	Ube2e1	True	False	False	False	False	False	B
P17433	Q6ZPJ3	Spi1	Ube2o	True	False	False	False	False	False	C
P17433	P70406	Spi1	Ucp2	True	False	False	False	False	False	B
P17433	P52479	Spi1	Usp10	True	False	False	False	False	False	B
P17433	P35123	Spi1	Usp4	True	False	False	False	False	False	C
P17433	Q8BUB6	Spi1	Ust	True	False	False	False	False	False	B
P17433	Q8K245	Spi1	Uvrag	True	False	False	False	False	False	B
P17433	Q9R0C8	Spi1	Vav3	True	False	False	False	False	False	B
P17433	Q64727	Spi1	Vcl	True	False	False	False	False	False	B
P17433	A0A0R4J003	Spi1	A0A0R4J003	True	False	False	False	False	False	A
P17433	P41588	Spi1	Vipr2	True	False	False	False	False	False	C
P17433	Q80TY5	Spi1	Vps13b	True	False	False	False	False	False	B
P17433	B1ART2	Spi1	B1ART2	True	False	False	False	False	False	B
P17433	P40336	Spi1	Vps26a	True	False	False	False	False	False	C
P17433	Q7TMQ7	Spi1	Wdr91	True	False	False	False	False	False	C
P17433	Q8K1I7	Spi1	Wipf1	True	False	False	False	False	False	B
P17433	P83741	Spi1	Wnk1	True	False	False	False	False	False	B
P17433	F8VPK6	Spi1	F8VPK6	True	False	False	False	False	False	B
P17433	Q3UQ17	Spi1	Q3UQ17	True	False	False	False	False	False	B
P17433	A0A0A6YW03	Spi1	A0A0A6YW03	True	False	False	False	False	False	C
P17433	Q8K0L9	Spi1	Zbtb20	True	False	False	False	False	False	B
P17433	D3Z1Y7	Spi1	D3Z1Y7	True	False	False	False	False	False	C
P17433	A0A1L1SSL7	Spi1	A0A1L1SSL7	True	False	False	False	False	False	C
P17433	Q8BQQ1	Spi1	Zdhhc14	True	False	False	False	False	False	B
P17433	Q9R0G7	Spi1	Zeb2	True	False	False	False	False	False	B
P17433	Q6P1E1	Spi1	Zmiz1	True	False	False	False	False	False	B
P17433	Q8BG89	Spi1	Znf365	True	False	False	False	False	False	B
O35906	Q8C4V1	Spib	Arhgap24	True	False	False	False	False	False	C
O35906	Q80VH0	Spib	Bank1	True	False	False	False	False	False	C
O35906	Q811G0	Spib	Bbs9	True	False	False	False	False	False	C
O35906	Q9QYE3	Spib	Bcl11a	True	False	False	False	False	False	C
O35906	O35185	Spib	Bhlhe40	True	False	False	False	False	False	C
O35906	A0A3Q4EG96	Spib	A0A3Q4EG96	True	False	False	False	False	False	C
O35906	Q6VGS5	Spib	Ccdc88c	True	False	False	False	False	False	C
O35906	P42082	Spib	Cd86	True	False	False	False	False	False	C
O35906	Q9WTK2	Spib	Cdyl	True	False	False	False	False	False	C
O35906	P70232	Spib	Chl1	True	False	False	False	False	False	C
O35906	Q69Z26	Spib	Cntn4	True	False	False	False	False	False	C
O35906	Q9D415	Spib	Dlgap1	True	False	False	False	False	False	C
O35906	Q8BZN6	Spib	Dock10	True	False	False	False	False	False	C
O35906	G3UXH9	Spib	G3UXH9	True	False	False	False	False	False	C
O35906	Q4PZA2	Spib	Ece1	True	False	False	False	False	False	C
O35906	Q8BPU7	Spib	Elmo1	True	False	False	False	False	False	C
O35906	Q8K0C9	Spib	Gmds	True	False	False	False	False	False	C
O35906	Q9D2W5	Spib	Q9D2W5	True	False	False	False	False	False	C
O35906	G5E8D5	Spib	G5E8D5	True	False	False	False	False	False	C
O35906	Q9Z2D3	Spib	Gsdme	True	False	False	False	False	False	C
O35906	G5E8H3	Spib	G5E8H3	True	False	False	False	False	False	C
O35906	O54824	Spib	Il16	True	False	False	False	False	False	C
O35906	Q9JHX3	Spib	Il21r	True	False	False	False	False	False	C
O35906	Q9QXH4	Spib	Itgax	True	False	False	False	False	False	C
O35906	P11881	Spib	Itpr1	True	False	False	False	False	False	C
O35906	Q8VCD7	Spib	Kdm4c	True	False	False	False	False	False	C
O35906	Q6V595	Spib	Klhl6	True	False	False	False	False	False	B
O35906	Q62433	Spib	Ndrg1	True	False	False	False	False	False	C
O35906	Q9QY81	Spib	Nup210	True	False	False	False	False	False	C
O35906	Q9WUL5	Spib	Pdcd1lg2	True	False	False	False	False	False	C
O35906	Q9EQ32	Spib	Pik3ap1	True	False	False	False	False	False	C
O35906	A0A140LIN3	Spib	A0A140LIN3	True	False	False	False	False	False	C
O35906	Q91ZZ2	Spib	Q91ZZ2	True	False	False	False	False	False	C
O35906	Q8BMS9	Spib	Rassf2	True	False	False	False	False	False	C
O35906	P48381	Spib	Rfx3	True	False	False	False	False	False	C
O35906	F8WGX2	Spib	F8WGX2	True	False	False	False	False	False	C
O35906	P59158	Spib	Slc12a3	True	False	False	False	False	False	C
O35906	P56677	Spib	St14	True	False	False	False	False	False	C
O35906	Q6ZWQ0	Spib	Syne2	True	False	False	False	False	False	C
O35906	E0CX53	Spib	E0CX53	True	False	False	False	False	False	C
O35906	Q3UHK6	Spib	Tenm4	True	False	False	False	False	False	C
O35906	D3YWJ5	Spib	D3YWJ5	True	False	False	False	False	False	C
O35906	P70406	Spib	Ucp2	True	False	False	False	False	False	C
O35906	Q8R1C3	Spib	Vopp1	True	False	False	False	False	False	C
O35906	P83741	Spib	Wnk1	True	False	False	False	False	False	C
O35906	P22726	Spib	Wnt5b	True	False	False	False	False	False	C
O35906	D4PHA7	Spib	Wscd2	True	False	False	False	False	False	C
O35906	Q56A10	Spib	Znf608	True	False	False	False	False	False	C
Q9WTN3	Q8BH79	Srebf1	Ano10	True	False	False	False	False	False	C
Q9WTN3	Q99K28	Srebf1	Arfgap2	True	False	False	False	False	False	C
Q9WTN3	Q8K221	Srebf1	Arfip2	True	False	False	False	False	False	B
Q9WTN3	Q8VBT9	Srebf1	Aspscr1	True	False	False	False	False	False	C
Q9WTN3	Q7TN98	Srebf1	Cpeb4	True	False	False	False	False	False	C
Q9WTN3	Q8BVP5	Srebf1	Csnk1g2	True	False	False	False	False	False	C
Q9WTN3	Q03146	Srebf1	Ddr1	True	False	False	False	False	False	C
Q9WTN3	A0A0R4IZY9	Srebf1	A0A0R4IZY9	True	False	False	False	False	False	C
Q9WTN3	Q64378	Srebf1	Fkbp5	True	False	False	False	False	False	C
Q9WTN3	Q9CYQ5	Srebf1	Hcfc1r1	True	False	False	False	False	False	C
Q9WTN3	O35066	Srebf1	Kif3c	True	False	False	False	False	False	C
Q9WTN3	P27792	Srebf1	Lyl1	True	False	False	False	False	False	C
Q9WTN3	Q9JHQ5	Srebf1	Lztfl1	True	False	False	False	False	False	C
Q9WTN3	Q9R1L5	Srebf1	Mast1	True	False	False	False	False	False	C
Q9WTN3	Q9CQB2	Srebf1	Mcrip2	True	False	False	False	False	False	C
Q9WTN3	Q924H2	Srebf1	Med15	True	False	False	False	False	False	C
Q9WTN3	A0A0R4J004	Srebf1	A0A0R4J004	True	False	False	False	False	False	C
Q9WTN3	Q8CJ19	Srebf1	Mical3	True	False	False	False	False	False	C
Q9WTN3	Q9CQ20	Srebf1	Mid1ip1	True	False	False	False	False	False	B
Q9WTN3	A2A7Y5	Srebf1	Miip	True	False	False	False	False	False	C
Q9WTN3	Q8CDB0	Srebf1	Mknk2	True	False	False	False	False	False	C
Q9WTN3	Q9D273	Srebf1	Mmab	True	False	False	False	False	False	C
Q9WTN3	Q99JF5	Srebf1	Mvd	True	False	False	False	False	False	C
Q9WTN3	P54846	Srebf1	Nrl	True	False	False	False	False	False	C
Q9WTN3	Q99LX0	Srebf1	Park7	True	False	False	False	False	False	C
Q9WTN3	Q504M2	Srebf1	Pdp2	True	False	False	False	False	False	C
Q9WTN3	Q66T02	Srebf1	Plekhg5	True	False	False	False	False	False	C
Q9WTN3	P37040	Srebf1	Por	True	False	False	False	False	False	C
Q9WTN3	Q504M8	Srebf1	Rab26	True	False	False	False	False	False	C
Q9WTN3	Q03385	Srebf1	Ralgds	True	False	False	False	False	False	C
Q9WTN3	Q64FW2	Srebf1	Retsat	True	False	False	False	False	False	C
Q9WTN3	Q9JIS8	Srebf1	Slc12a4	True	False	False	False	False	False	C
Q9WTN3	P70452	Srebf1	Stx4	True	False	False	False	False	False	C
Q9WTN3	A0A7N9VSI9	Srebf1	A0A7N9VSI9	True	False	False	False	False	False	C
Q9WTN3	Q9D0Z3	Srebf1	Tmem53	True	False	False	False	False	False	C
Q9WTN3	Q9Z321	Srebf1	Top3b	True	False	False	False	False	False	C
Q9WTN3	Q3U0M1	Srebf1	Trappc9	True	False	False	False	False	False	C
Q9WTN3	O88413	Srebf1	Tulp3	True	False	False	False	False	False	C
Q9WTN3	P70460	Srebf1	Vasp	True	False	False	False	False	False	C
Q9WTN3	Q5Y5T5	Srebf1	Zdhhc8	True	False	False	False	False	False	C
Q9WTN3	A2A484	Srebf1	A2A484	True	False	False	False	False	False	C
Q3U1N2	A0A0N4SVK7	Srebf2	A0A0N4SVK7	True	False	False	False	False	False	C
Q3U1N2	E9PY16	Srebf2	E9PY16	True	False	False	False	False	False	C
Q3U1N2	Q9WV07	Srebf2	Aloxe3	True	False	False	False	False	False	C
Q3U1N2	Q9DBT5	Srebf2	Ampd2	True	False	False	False	False	False	C
Q3U1N2	Q68FM7	Srebf2	Q68FM7	True	False	False	False	False	False	C
Q3U1N2	Q61140	Srebf2	Bcar1	True	False	False	False	False	False	C
Q3U1N2	G3X8S2	Srebf2	G3X8S2	True	False	False	False	False	False	C
Q3U1N2	Q4QRL3	Srebf2	Ccdc88b	True	False	False	False	False	False	C
Q3U1N2	Q80UW5	Srebf2	Cdc42bpg	True	False	False	False	False	False	C
Q3U1N2	Q9R0M0	Srebf2	Celsr2	True	False	False	False	False	False	C
Q3U1N2	Q7TMW6	Srebf2	Ciao3	True	False	False	False	False	False	C
Q3U1N2	E9Q8T7	Srebf2	Dnah1	True	False	False	False	False	False	C
Q3U1N2	P39054	Srebf2	Dnm2	True	False	False	False	False	False	B
Q3U1N2	Q8BVG4	Srebf2	Dpp9	True	False	False	False	False	False	B
Q3U1N2	Q9JHU4	Srebf2	Dync1h1	True	False	False	False	False	False	C
Q3U1N2	Q920L1	Srebf2	Fads1	True	False	False	False	False	False	C
Q3U1N2	Q9Z0R9	Srebf2	Fads2	True	False	False	False	False	False	C
Q3U1N2	Q5SWY7	Srebf2	Fam83g	True	False	False	False	False	False	C
Q3U1N2	Q3UCQ1	Srebf2	Foxk2	True	False	False	False	False	False	C
Q3U1N2	E9PVA8	Srebf2	Gcn1	True	False	False	False	False	False	C
Q3U1N2	Q9Z0G0	Srebf2	Gipc1	True	False	False	False	False	False	C
Q3U1N2	Q02257	Srebf2	Jup	True	False	False	False	False	False	C
Q3U1N2	Q9JJZ6	Srebf2	Klf13	True	False	False	False	False	False	C
Q3U1N2	Q6JVL5	Srebf2	Lcn12	True	False	False	False	False	False	C
Q3U1N2	Q9D267	Srebf2	Lcn9	True	False	False	False	False	False	C
Q3U1N2	Q8VE43	Srebf2	Metrnl	True	False	False	False	False	False	C
Q3U1N2	Q8R516	Srebf2	Mib2	True	False	False	False	False	False	C
Q3U1N2	Q3TN34	Srebf2	Micall2	True	False	False	False	False	False	C
Q3U1N2	Q99JF5	Srebf2	Mvd	True	False	False	False	False	False	C
Q3U1N2	Q9WTI7	Srebf2	Myo1c	True	False	False	False	False	False	C
Q3U1N2	Q3UR85	Srebf2	Myrf	True	False	False	False	False	False	C
Q3U1N2	E9PUH7	Srebf2	E9PUH7	True	False	False	False	False	False	C
Q3U1N2	Q8R1F1	Srebf2	Niban2	True	False	False	False	False	False	C
Q3U1N2	F7D3W5	Srebf2	F7D3W5	True	False	False	False	False	False	C
Q3U1N2	Q5PR72	Srebf2	Q5PR72	True	False	False	False	False	False	C
Q3U1N2	O35954	Srebf2	Pitpnm1	True	False	False	False	False	False	C
Q3U1N2	P70268	Srebf2	Pkn1	True	False	False	False	False	False	C
Q3U1N2	F8WHT3	Srebf2	F8WHT3	True	False	False	False	False	False	C
Q3U1N2	A2A8L5	Srebf2	Ptprf	True	False	False	False	False	False	C
Q3U1N2	Q504M8	Srebf2	Rab26	True	False	False	False	False	False	C
Q3U1N2	Q03385	Srebf2	Ralgds	True	False	False	False	False	False	C
Q3U1N2	P12672	Srebf2	Rapsn	True	False	False	False	False	False	C
Q3U1N2	P28700	Srebf2	Rxra	True	False	False	False	False	False	C
Q3U1N2	Q99LB7	Srebf2	Sardh	True	False	False	False	False	False	C
Q3U1N2	Q7TNB8	Srebf2	Sbno2	True	False	False	False	False	False	C
Q3U1N2	E9QAT4	Srebf2	Sec16a	True	False	False	False	False	False	C
Q3U1N2	D3Z5K8	Srebf2	D3Z5K8	True	False	False	False	False	False	C
Q3U1N2	P57787	Srebf2	Slc16a3	True	False	False	False	False	False	C
Q3U1N2	P41438	Srebf2	Slc19a1	True	False	False	False	False	False	C
Q3U1N2	Q3TKT4	Srebf2	Smarca4	True	False	False	False	False	False	C
Q3U1N2	A0A494BBH5	Srebf2	A0A494BBH5	True	False	False	False	False	False	C
Q3U1N2	A0A0A6YW64	Srebf2	A0A0A6YW64	True	False	False	False	False	False	C
Q3U1N2	P40142	Srebf2	Tkt	True	False	False	False	False	False	B
Q3U1N2	Q8BH02	Srebf2	Tor4a	True	False	False	False	False	False	C
Q3U1N2	Q3U0M1	Srebf2	Trappc9	True	False	False	False	False	False	B
Q3U1N2	B2RUP2	Srebf2	Unc13d	True	False	False	False	False	False	C
Q3U1N2	Q64321	Srebf2	Zbtb7b	True	False	False	False	False	False	C
Q9JM73	Q7TPR4	Srf	Actn1	True	False	False	False	False	False	B
Q9JM73	A0A1L1SV25	Srf	A0A1L1SV25	True	False	False	False	False	False	C
Q9JM73	Q5SUE8	Srf	Ankrd40	True	False	False	False	False	False	C
Q9JM73	Q80U35	Srf	Arhgef17	True	False	False	False	False	False	C
Q9JM73	Q8K0L0	Srf	Asb2	True	False	False	False	False	False	B
Q9JM73	Q9Z1G4	Srf	Atp6v0a1	True	False	False	False	False	False	C
Q9JM73	Q67FY2	Srf	Bcl9l	True	False	False	False	False	False	C
Q9JM73	P40124	Srf	Cap1	True	False	False	False	False	False	C
Q9JM73	Q3UW68	Srf	Capn13	True	False	False	False	False	False	C
Q9JM73	O08529	Srf	Capn2	True	False	False	False	False	False	C
Q9JM73	P47757	Srf	Capzb	True	False	False	False	False	False	C
Q9JM73	P18760	Srf	Cfl1	True	False	False	False	False	False	C
Q9JM73	Q9WUM4	Srf	Coro1c	True	False	False	False	False	False	C
Q9JM73	E9Q1U6	Srf	E9Q1U6	True	False	False	False	False	False	C
Q9JM73	O54784	Srf	Dapk3	True	False	False	False	False	False	C
Q9JM73	Q8K382	Srf	Dennd1a	True	False	False	False	False	False	C
Q9JM73	Q1HL35	Srf	Q1HL35	True	False	False	False	False	False	C
Q9JM73	P08152	Srf	Egr2	True	True	False	True	True	False	B
Q9JM73	Q9WVK4	Srf	Ehd1	True	False	False	False	False	False	C
Q9JM73	Q9JHC9	Srf	Elf2	True	False	False	False	False	False	C
Q9JM73	Q3UKU1	Srf	Ell2	True	False	False	False	False	False	C
Q9JM73	Q3U7R1	Srf	Esyt1	True	False	False	False	False	False	C
Q9JM73	D3YUA8	Srf	D3YUA8	True	False	False	False	False	False	C
Q9JM73	Q8CIB5	Srf	Fermt2	True	False	False	False	False	False	C
Q9JM73	B7FAU9	Srf	B7FAU9	True	False	False	False	False	False	C
Q9JM73	Q80X90	Srf	Flnb	True	False	False	False	False	False	C
Q9JM73	Q9R0S0	Srf	Q9R0S0	True	False	False	False	False	False	C
Q9JM73	Q60631	Srf	Grb2	True	False	False	False	False	False	C
Q9JM73	P62748	Srf	Hpcal1	True	False	False	False	False	False	C
Q9JM73	Q7TNC9	Srf	Inpp5a	True	False	False	False	False	False	C
Q9JM73	P11881	Srf	Itpr1	True	False	False	False	False	False	C
Q9JM73	A2CG49	Srf	Kalrn	True	False	False	False	False	False	C
Q9JM73	Q53Z09	Srf	Q53Z09	True	False	False	False	False	False	B
Q9JM73	A0A087WQN5	Srf	A0A087WQN5	True	False	False	False	False	False	C
Q9JM73	B1AY49	Srf	B1AY49	True	False	False	False	False	False	C
Q9JM73	Q99JB0	Srf	Klf7	True	False	False	False	False	False	B
Q9JM73	P48678	Srf	Lmna	True	False	False	False	False	False	C
Q9JM73	Q8BFW7	Srf	Lpp	True	False	False	False	False	False	B
Q9JM73	Q60954	Srf	Meis1	True	False	False	False	False	False	C
Q9JM73	Q9D074	Srf	Mgrn1	True	False	False	False	False	False	C
Q9JM73	A0A1Y7VP67	Srf	A0A1Y7VP67	True	False	False	False	False	False	C
Q9JM73	O08789	Srf	Mnt	True	False	False	False	False	False	C
Q9JM73	Q9WU20	Srf	Mthfr	True	False	False	False	False	False	C
Q9JM73	Q8VDD5	Srf	Myh9	True	False	False	False	False	False	B
Q9JM73	V9GXT3	Srf	V9GXT3	True	False	False	False	False	False	C
Q9JM73	P43136	Srf	Nr2f6	True	False	False	False	False	False	C
Q9JM73	Q9ET54	Srf	Palld	True	False	False	False	False	False	C
Q9JM73	Q3TJD7	Srf	Pdlim7	True	False	False	False	False	False	C
Q9JM73	Q8K1N2	Srf	Phldb2	True	False	False	False	False	False	C
Q9JM73	Q7M6Y3	Srf	Picalm	True	False	False	False	False	False	C
Q9JM73	Q9DBR7	Srf	Ppp1r12a	True	False	False	False	False	False	B
Q9JM73	A6H644	Srf	A6H644	True	False	False	False	False	False	C
Q9JM73	Q3UMT1	Srf	Ppp1r12c	True	False	False	False	False	False	C
Q9JM73	Q91WG5	Srf	Prkag2	True	False	False	False	False	False	C
Q9JM73	Q52KR3	Srf	Prune2	True	False	False	False	False	False	B
Q9JM73	Q9R1T2	Srf	Sae1	True	False	False	False	False	False	C
Q9JM73	Q9JL10	Srf	Sertad1	True	False	False	False	False	False	C
Q9JM73	Q8C0T5	Srf	Sipa1l1	True	False	False	False	False	False	C
Q9JM73	Q80UP8	Srf	Slc20a2	True	False	False	False	False	False	C
Q9JM73	A2ASZ8	Srf	Slc25a25	True	False	False	False	False	False	C
Q9JM73	A0A5F8MPJ2	Srf	A0A5F8MPJ2	True	False	False	False	False	False	B
Q9JM73	Q8BJS4	Srf	Sun2	True	False	False	False	False	False	C
Q9JM73	Q8K4L3	Srf	Svil	True	False	False	False	False	False	B
Q9JM73	D3YWM9	Srf	D3YWM9	True	False	False	False	False	False	C
Q9JM73	F8VQ95	Srf	F8VQ95	True	False	False	False	False	False	C
Q9JM73	Q60949	Srf	Tbc1d1	True	False	False	False	False	False	C
Q9JM73	P26039	Srf	Tln1	True	False	False	False	False	False	C
Q9JM73	Q9JJB9	Srf	Tmem183	True	False	False	False	False	False	C
Q9JM73	A0A0R4J1P2	Srf	A0A0R4J1P2	True	False	False	False	False	False	C
Q9JM73	Q6IRU2	Srf	Tpm4	True	False	False	False	False	False	B
Q9JM73	P70460	Srf	Vasp	True	False	False	False	False	False	C
Q9JM73	Q64727	Srf	Vcl	True	False	False	False	False	False	B
Q9JM73	O88342	Srf	Wdr1	True	False	False	False	False	False	B
Q9JM73	P47810	Srf	Wee1	True	False	False	False	False	False	C
Q9JM73	Q9EPK5	Srf	Wwtr1	True	False	False	False	False	False	B
Q9JM73	Q91WQ3	Srf	Yars1	True	False	False	False	False	False	C
Q9JM73	Q8C7B8	Srf	Zswim4	True	False	False	False	False	False	C
A0A087WSP5	Q3UHJ0	A0A087WSP5	Aak1	True	False	False	False	False	False	B
A0A087WSP5	Q5SSE9	A0A087WSP5	Abca13	True	False	False	False	False	False	C
A0A087WSP5	O35379	A0A087WSP5	Abcc1	True	False	False	False	False	False	C
A0A087WSP5	Q5SWU9	A0A087WSP5	Acaca	True	False	False	False	False	False	C
A0A087WSP5	Q9D061	A0A087WSP5	Acbd6	True	False	False	False	False	False	C
A0A087WSP5	Q8R0I0	A0A087WSP5	Ace2	True	False	False	False	False	False	C
A0A087WSP5	Q91V12	A0A087WSP5	Acot7	True	False	False	False	False	False	C
A0A087WSP5	Q8JZR0	A0A087WSP5	Acsl5	True	False	False	False	False	False	B
A0A087WSP5	Q14DH7	A0A087WSP5	Acss3	True	False	False	False	False	False	C
A0A087WSP5	P62737	A0A087WSP5	Acta2	True	False	False	False	False	False	C
A0A087WSP5	P60710	A0A087WSP5	Actb	True	False	False	False	False	False	B
A0A087WSP5	P03958	A0A087WSP5	Ada	True	False	False	False	False	False	C
A0A087WSP5	G3UXC7	A0A087WSP5	G3UXC7	True	False	False	False	False	False	C
A0A087WSP5	Q9JI20	A0A087WSP5	Adarb2	True	False	False	False	False	False	C
A0A087WSP5	P51829	A0A087WSP5	Adcy7	True	False	False	False	False	False	B
A0A087WSP5	G5E8Q8	A0A087WSP5	Adgrf5	True	False	False	False	False	False	C
A0A087WSP5	Q8K209	A0A087WSP5	Adgrg1	True	False	False	False	False	False	C
A0A087WSP5	A0A1L1SSF2	A0A087WSP5	A0A1L1SSF2	True	False	False	False	False	False	C
A0A087WSP5	P25962	A0A087WSP5	Adrb3	True	False	False	False	False	False	C
A0A087WSP5	Q8C138	A0A087WSP5	Adtrp	True	False	False	False	False	False	C
A0A087WSP5	B1AVP1	A0A087WSP5	B1AVP1	True	False	False	False	False	False	B
A0A087WSP5	Q80WC7	A0A087WSP5	Agfg2	True	False	True	True	False	True	A
A0A087WSP5	Q7TN31	A0A087WSP5	Aggf1	True	False	False	False	False	False	C
A0A087WSP5	Q8CJG0	A0A087WSP5	Ago2	True	False	False	False	False	False	C
A0A087WSP5	Q641K1	A0A087WSP5	Agtpbp1	True	False	False	False	False	False	C
A0A087WSP5	Q9WVK0	A0A087WSP5	Agtrap	True	False	False	False	False	False	C
A0A087WSP5	A0A494BBD5	A0A087WSP5	A0A494BBD5	True	False	False	False	False	False	B
A0A087WSP5	A0A0R4J020	A0A087WSP5	A0A0R4J020	True	False	False	False	False	False	C
A0A087WSP5	A0A0G2JDH0	A0A087WSP5	A0A0G2JDH0	True	False	False	False	False	False	C
A0A087WSP5	Q9WTP6	A0A087WSP5	Ak2	True	False	False	False	False	False	B
A0A087WSP5	G3UYQ4	A0A087WSP5	Ak9	True	False	False	False	False	False	C
A0A087WSP5	E9Q394	A0A087WSP5	Akap13	True	False	False	False	False	False	B
A0A087WSP5	P45377	A0A087WSP5	Akr1b8	True	False	False	False	False	False	C
A0A087WSP5	G5E895	A0A087WSP5	G5E895	True	False	False	False	False	False	C
A0A087WSP5	Q61490	A0A087WSP5	Alcam	True	False	False	False	False	False	B
A0A087WSP5	P24549	A0A087WSP5	Aldh1a1	True	False	False	False	False	False	C
A0A087WSP5	Q62148	A0A087WSP5	Aldh1a2	True	False	False	False	False	False	B
A0A087WSP5	Q91ZB0	A0A087WSP5	Alpk2	True	False	False	False	False	False	C
A0A087WSP5	O08739	A0A087WSP5	Ampd3	True	False	False	False	False	False	B
A0A087WSP5	Q91W96	A0A087WSP5	Anapc4	True	False	False	False	False	False	C
A0A087WSP5	B2RXR6	A0A087WSP5	Ankrd44	True	False	False	False	False	False	B
A0A087WSP5	E9PUD3	A0A087WSP5	E9PUD3	True	False	False	False	False	False	C
A0A087WSP5	Q6P9J9	A0A087WSP5	Ano6	True	False	False	False	False	False	C
A0A087WSP5	P10107	A0A087WSP5	Anxa1	True	False	False	False	False	False	B
A0A087WSP5	Q9QZ10	A0A087WSP5	Anxa10	True	False	False	False	False	False	C
A0A087WSP5	G3X8P9	A0A087WSP5	G3X8P9	True	False	False	False	False	False	A
A0A087WSP5	O54774	A0A087WSP5	Ap3d1	True	False	False	False	False	False	B
A0A087WSP5	Q9DBR4	A0A087WSP5	Apbb2	True	False	False	False	False	False	C
A0A087WSP5	B2RUG9	A0A087WSP5	B2RUG9	True	False	False	False	False	False	C
A0A087WSP5	P08226	A0A087WSP5	Apoe	True	False	False	False	False	False	A
A0A087WSP5	E9PZG0	A0A087WSP5	E9PZG0	True	False	False	False	False	False	A
A0A087WSP5	B7ZC55	A0A087WSP5	B7ZC55	True	False	False	False	False	False	B
A0A087WSP5	Q811M1	A0A087WSP5	Arhgap15	True	False	False	False	False	False	B
A0A087WSP5	Q8BYW1	A0A087WSP5	Arhgap25	True	False	False	False	False	False	B
A0A087WSP5	Q6ZQ82	A0A087WSP5	Arhgap26	True	False	False	False	False	False	B
A0A087WSP5	A2AWP8	A0A087WSP5	Arhgef10l	True	False	False	False	False	False	B
A0A087WSP5	Q91X46	A0A087WSP5	Arhgef3	True	False	False	False	False	False	B
A0A087WSP5	A2BH40	A0A087WSP5	Arid1a	True	False	False	False	False	False	B
A0A087WSP5	Q8BM75	A0A087WSP5	Arid5b	True	False	False	False	False	False	B
A0A087WSP5	Q3TYD4	A0A087WSP5	Arsg	True	False	False	False	False	False	B
A0A087WSP5	Q9QWY8	A0A087WSP5	Asap1	True	False	False	False	False	False	B
A0A087WSP5	P34927	A0A087WSP5	Asgr1	True	False	False	False	False	False	C
A0A087WSP5	Q8BU62	A0A087WSP5	Q8BU62	True	False	False	False	False	False	C
A0A087WSP5	Q9QZW0	A0A087WSP5	Atp11c	True	False	False	False	False	False	B
A0A087WSP5	Q6PIE5	A0A087WSP5	Atp1a2	True	False	False	False	False	False	C
A0A087WSP5	Q9Z1G4	A0A087WSP5	Atp6v0a1	True	False	False	False	False	False	B
A0A087WSP5	A2ANX2	A0A087WSP5	A2ANX2	True	False	False	False	False	False	B
A0A087WSP5	A0A1L1SSL9	A0A087WSP5	A0A1L1SSL9	True	False	False	False	False	False	B
A0A087WSP5	P54254	A0A087WSP5	Atxn1	True	False	False	False	False	False	B
A0A087WSP5	A0A286YDW9	A0A087WSP5	A0A286YDW9	True	False	False	False	False	False	C
A0A087WSP5	P58158	A0A087WSP5	B3gat3	True	False	False	False	False	False	A
A0A087WSP5	Q9JJ04	A0A087WSP5	B4galt4	True	False	False	False	False	False	C
A0A087WSP5	P97303	A0A087WSP5	Bach2	True	False	False	False	False	False	C
A0A087WSP5	Q8VBU8	A0A087WSP5	Banp	True	False	False	False	False	False	B
A0A087WSP5	Q9ER42	A0A087WSP5	Barx1	True	False	False	False	False	False	C
A0A087WSP5	Q9CWF6	A0A087WSP5	Bbs2	True	False	False	False	False	False	C
A0A087WSP5	Q9QZK2	A0A087WSP5	Bcar3	True	False	False	False	False	False	B
A0A087WSP5	P24288	A0A087WSP5	Bcat1	True	False	False	False	False	False	B
A0A087WSP5	Q9QYE3	A0A087WSP5	Bcl11a	True	False	False	False	False	False	B
A0A087WSP5	P10417	A0A087WSP5	Bcl2	True	False	False	False	False	False	A
A0A087WSP5	Q64373	A0A087WSP5	Bcl2l1	True	False	False	False	False	False	C
A0A087WSP5	Q9Z2F6	A0A087WSP5	Bcl3	True	False	False	False	False	False	B
A0A087WSP5	Q8CGN4	A0A087WSP5	Bcor	True	False	False	False	False	False	B
A0A087WSP5	A0A3Q4EBR8	A0A087WSP5	A0A3Q4EBR8	True	False	False	False	False	False	B
A0A087WSP5	P62951	A0A087WSP5	Blcap	True	False	False	False	False	False	C
A0A087WSP5	Q9CY64	A0A087WSP5	Blvra	True	False	False	False	False	False	B
A0A087WSP5	P23359	A0A087WSP5	Bmp7	True	False	False	False	False	False	C
A0A087WSP5	Q8BMQ3	A0A087WSP5	Bnc2	True	False	False	False	False	False	C
A0A087WSP5	Q5SQY2	A0A087WSP5	Bod1	True	False	False	False	False	False	C
A0A087WSP5	Q499E0	A0A087WSP5	Brinp3	True	False	False	False	False	False	C
A0A087WSP5	P58544	A0A087WSP5	Btbd1	True	False	False	False	False	False	B
A0A087WSP5	Q9D1Z2	A0A087WSP5	Q9D1Z2	True	False	False	False	False	False	C
A0A087WSP5	Q9QXP7	A0A087WSP5	C1qtnf1	True	False	False	False	False	False	C
A0A087WSP5	Q6IR41	A0A087WSP5	C1qtnf6	True	False	False	False	False	False	C
A0A087WSP5	Q8CFG8	A0A087WSP5	C1s2	True	False	False	False	False	False	C
A0A087WSP5	E0CYK5	A0A087WSP5	E0CYK5	True	False	False	False	False	False	C
A0A087WSP5	Q52KB6	A0A087WSP5	C2cd3	True	False	False	False	False	False	C
A0A087WSP5	Q80XU5	A0A087WSP5	Q80XU5	True	False	False	False	False	False	C;D
A0A087WSP5	E9Q861	A0A087WSP5	E9Q861	True	False	False	False	False	False	C;D
A0A087WSP5	Q8BGN2	A0A087WSP5	D3Ertd751e	True	False	False	False	False	False	C
A0A087WSP5	Q9Z1R4	A0A087WSP5	D17h6s53e	True	False	False	False	False	False	C
A0A087WSP5	G3X8U3	A0A087WSP5	QNG1	True	False	False	False	False	False	C
A0A087WSP5	Q9D6N1	A0A087WSP5	Ca13	True	False	False	False	False	False	C
A0A087WSP5	Q8K3M5	A0A087WSP5	Cables2	True	False	False	False	False	False	C
A0A087WSP5	P97445	A0A087WSP5	Cacna1a	True	False	False	False	False	False	B
A0A087WSP5	O08532	A0A087WSP5	Cacna2d1	True	False	False	False	False	False	C
A0A087WSP5	Q9Z1L5	A0A087WSP5	Cacna2d3	True	False	False	False	False	False	C
A0A087WSP5	Q5RJF7	A0A087WSP5	Cacna2d4	True	False	False	False	False	False	C
A0A087WSP5	J3QMI4	A0A087WSP5	Calhm3	True	False	False	False	False	False	C
A0A087WSP5	Q6J756	A0A087WSP5	Capn11	True	False	False	False	False	False	C
A0A087WSP5	Q9CR86	A0A087WSP5	Carhsp1	True	False	False	False	False	False	C
A0A087WSP5	P97864	A0A087WSP5	Casp7	True	False	False	False	False	False	B
A0A087WSP5	P51125	A0A087WSP5	Cast	True	False	False	False	False	False	B
A0A087WSP5	P52787	A0A087WSP5	Cblif	True	False	False	False	False	False	C
A0A087WSP5	Q8R344	A0A087WSP5	Ccdc12	True	False	False	False	False	False	B
A0A087WSP5	Q3URS9	A0A087WSP5	Ccdc51	True	False	False	False	False	False	C
A0A087WSP5	Q9D541	A0A087WSP5	Ccdc7a	True	False	False	False	False	False	C
A0A087WSP5	Q6VGS5	A0A087WSP5	Ccdc88c	True	False	False	False	False	False	B
A0A087WSP5	P30280	A0A087WSP5	Ccnd2	True	False	False	False	False	False	A
A0A087WSP5	P30282	A0A087WSP5	Ccnd3	True	False	False	False	False	False	A
A0A087WSP5	P51678	A0A087WSP5	Ccr3	True	False	False	False	False	False	C
A0A087WSP5	P51682	A0A087WSP5	Ccr5	True	False	False	False	False	False	A
A0A087WSP5	Q8R422	A0A087WSP5	Cd109	True	False	False	False	False	False	C
A0A087WSP5	Q62192	A0A087WSP5	Cd180	True	False	False	False	False	False	B
A0A087WSP5	A2APM2	A0A087WSP5	A2APM2	True	False	False	False	False	False	B
A0A087WSP5	P58019	A0A087WSP5	Cd59b	True	False	False	False	False	False	C
A0A087WSP5	O55186	A0A087WSP5	Cd59a	True	False	False	False	False	False	C
A0A087WSP5	P40237	A0A087WSP5	Cd82	True	False	False	False	False	False	B
A0A087WSP5	O88324	A0A087WSP5	Cd83	True	False	False	False	False	False	B
A0A087WSP5	Q6PFY9	A0A087WSP5	Cdc14b	True	False	False	False	False	False	C
A0A087WSP5	Q9CQC5	A0A087WSP5	Cdc42ep3	True	False	False	False	False	False	B
A0A087WSP5	Q8BGH7	A0A087WSP5	Cdc42se2	True	False	False	False	False	False	B
A0A087WSP5	Q9Z0H0	A0A087WSP5	Cdc7	True	False	True	True	False	True	A
A0A087WSP5	P55288	A0A087WSP5	Cdh11	True	False	False	False	False	False	C
A0A087WSP5	O88338	A0A087WSP5	Cdh16	True	False	False	False	False	False	C
A0A087WSP5	Q99PF4	A0A087WSP5	Cdh23	True	False	False	False	False	False	B
A0A087WSP5	Q8BWD8	A0A087WSP5	Cdk19	True	False	False	False	False	False	B
A0A087WSP5	Q8K389	A0A087WSP5	Cdk5rap2	True	False	False	False	False	False	B
A0A087WSP5	Q64261	A0A087WSP5	Cdk6	True	False	False	False	False	False	B
A0A087WSP5	Q8BLF2	A0A087WSP5	Cdkl3	True	False	False	False	False	False	C
A0A087WSP5	Q5FWI3	A0A087WSP5	Cemip2	True	False	False	False	False	False	B
A0A087WSP5	E9Q3P4	A0A087WSP5	E9Q3P4	True	False	False	False	False	False	C
A0A087WSP5	Q6ZQ06	A0A087WSP5	Cep162	True	False	False	False	False	False	C
A0A087WSP5	A3KGJ7	A0A087WSP5	A3KGJ7	True	False	False	False	False	False	C
A0A087WSP5	Q8BL95	A0A087WSP5	Cfap298	True	False	False	False	False	False	C
A0A087WSP5	E9Q2C0	A0A087WSP5	E9Q2C0	True	False	False	False	False	False	B
A0A087WSP5	P04186	A0A087WSP5	Cfb	True	False	False	False	False	False	B
A0A087WSP5	O35732	A0A087WSP5	Cflar	True	False	False	False	False	False	B
A0A087WSP5	A0A5F8MPT6	A0A087WSP5	A0A5F8MPT6	True	False	False	False	False	False	C
A0A087WSP5	Q8BYH8	A0A087WSP5	Chd9	True	False	False	False	False	False	B
A0A087WSP5	Q3V2R3	A0A087WSP5	Q3V2R3	True	False	False	False	False	False	B
A0A087WSP5	Q91XQ5	A0A087WSP5	Chst15	True	False	False	False	False	False	B
A0A087WSP5	Q9Z0F4	A0A087WSP5	Cib1	True	False	False	False	False	False	C
A0A087WSP5	Q62225	A0A087WSP5	Cish	True	False	False	False	False	False	A
A0A087WSP5	Q9WUL8	A0A087WSP5	Cited4	True	False	False	False	False	False	C
A0A087WSP5	A0A087WQ31	A0A087WSP5	A0A087WQ31	True	False	False	False	False	False	C
A0A087WSP5	F8WIA1	A0A087WSP5	F8WIA1	True	False	False	False	False	False	C
A0A087WSP5	Q9Z0H8	A0A087WSP5	Clip2	True	False	False	False	False	False	B
A0A087WSP5	Q8CI96	A0A087WSP5	Clip4	True	False	False	False	False	False	C
A0A087WSP5	P97468	A0A087WSP5	Cmklr1	True	False	False	False	False	False	B
A0A087WSP5	Q9DAR1	A0A087WSP5	Cmtm2a	True	False	False	False	False	False	C
A0A087WSP5	Q9DAC0	A0A087WSP5	Cmtm2b	True	False	False	False	False	False	C
A0A087WSP5	Q9ESD6	A0A087WSP5	Cmtm7	True	False	False	False	False	False	B
A0A087WSP5	Q8BT51	A0A087WSP5	COA4	True	False	False	False	False	False	C
A0A087WSP5	Q80X19	A0A087WSP5	Col14a1	True	False	False	False	False	False	C
A0A087WSP5	P11087	A0A087WSP5	Col1a1	True	False	False	False	False	False	A
A0A087WSP5	Q8BG94	A0A087WSP5	Commd7	True	False	False	False	False	False	C
A0A087WSP5	Q9WVJ3	A0A087WSP5	Cpq	True	False	False	False	False	False	B
A0A087WSP5	A0A0G2JG52	A0A087WSP5	A0A0G2JG52	True	False	False	False	False	False	B
A0A087WSP5	A3RLD5	A0A087WSP5	A3RLD5	True	False	False	False	False	False	C
A0A087WSP5	Q8R3V6	A0A087WSP5	Cuedc1	True	False	False	False	False	False	B
A0A087WSP5	Q9CQ89	A0A087WSP5	Cuta	True	False	False	False	False	False	C
A0A087WSP5	Q91YL7	A0A087WSP5	Cwh43	True	False	False	False	False	False	C
A0A087WSP5	Q61093	A0A087WSP5	Cybb	True	False	False	False	False	False	B
A0A087WSP5	Q3TYS2	A0A087WSP5	Cybc1	True	False	False	False	False	False	C
A0A087WSP5	P28649	A0A087WSP5	Cyp19a1	True	False	False	False	False	False	A
A0A087WSP5	Q64429	A0A087WSP5	Cyp1b1	True	False	False	False	False	False	C
A0A087WSP5	Q921M7	A0A087WSP5	Cyrib	True	False	False	False	False	False	B
A0A087WSP5	Q3TZ02	A0A087WSP5	Q3TZ02	True	False	False	False	False	False	B
A0A087WSP5	Q80YW0	A0A087WSP5	Cyth4	True	False	False	False	False	False	B
A0A087WSP5	Q6ZPL9	A0A087WSP5	Ddx55	True	False	False	False	False	False	C
A0A087WSP5	Q91WG7	A0A087WSP5	Dgkg	True	False	False	False	False	False	B
A0A087WSP5	Q99J47	A0A087WSP5	Dhrs7b	True	False	False	False	False	False	C
A0A087WSP5	E9PV41	A0A087WSP5	E9PV41	True	False	False	False	False	False	B
A0A087WSP5	Q8C4C9	A0A087WSP5	Q8C4C9	True	False	False	False	False	False	B
A0A087WSP5	Q149L6	A0A087WSP5	Dnajb14	True	False	False	False	False	False	C
A0A087WSP5	P39054	A0A087WSP5	Dnm2	True	False	False	False	False	False	B
A0A087WSP5	P13864	A0A087WSP5	Dnmt1	True	False	False	False	False	False	B
A0A087WSP5	Q8BZN6	A0A087WSP5	Dock10	True	False	False	False	False	False	B
A0A087WSP5	P59764	A0A087WSP5	Dock4	True	False	False	False	False	False	B
A0A087WSP5	Q8C147	A0A087WSP5	Dock8	True	False	False	False	False	False	B
A0A087WSP5	Q9DC58	A0A087WSP5	Dram1	True	False	False	False	False	False	C
A0A087WSP5	Q6V3W6	A0A087WSP5	Drc7	True	False	False	False	False	False	C
A0A087WSP5	Q8BLI4	A0A087WSP5	Dse	True	False	False	False	False	False	B
A0A087WSP5	E9Q557	A0A087WSP5	Dsp	True	False	False	False	False	False	C
A0A087WSP5	G3UXH9	A0A087WSP5	G3UXH9	True	False	False	False	False	False	B
A0A087WSP5	Q91WZ8	A0A087WSP5	Dtnbp1	True	False	False	False	False	False	B
A0A087WSP5	Q9ESS0	A0A087WSP5	Dusp10	True	False	False	False	False	False	B
A0A087WSP5	Q99N11	A0A087WSP5	Dusp22	True	False	False	False	False	False	B
A0A087WSP5	Q4PZA2	A0A087WSP5	Ece1	True	False	False	False	False	False	B
A0A087WSP5	O08796	A0A087WSP5	Eef2k	True	False	False	False	False	False	B
A0A087WSP5	Q9JJF6	A0A087WSP5	Efcc1	True	False	False	False	False	False	C
A0A087WSP5	Q9WVK4	A0A087WSP5	Ehd1	True	False	False	False	False	False	B
A0A087WSP5	Q9Z2R9	A0A087WSP5	Eif2ak1	True	False	False	False	False	False	A
A0A087WSP5	E9QQ30	A0A087WSP5	E9QQ30	True	False	False	False	False	False	A
A0A087WSP5	P63073	A0A087WSP5	Eif4e	True	False	False	False	False	False	B
A0A087WSP5	Q61701	A0A087WSP5	Elavl4	True	False	False	False	False	False	C
A0A087WSP5	Q60775	A0A087WSP5	Elf1	True	False	False	False	False	False	B
A0A087WSP5	Q8VDK3	A0A087WSP5	Elf5	True	False	False	False	False	False	A
A0A087WSP5	O08856	A0A087WSP5	Ell	True	False	False	False	False	False	B
A0A087WSP5	Q8BPU7	A0A087WSP5	Elmo1	True	False	False	False	False	False	B
A0A087WSP5	Q9CRD2	A0A087WSP5	Emc2	True	False	False	False	False	False	B
A0A087WSP5	Q9R1E6	A0A087WSP5	Enpp2	True	False	False	False	False	False	B
A0A087WSP5	Q9WV92	A0A087WSP5	Epb41l3	True	False	False	False	False	False	B
A0A087WSP5	Q6PH08	A0A087WSP5	Erc2	True	False	False	False	False	False	B
A0A087WSP5	P07903	A0A087WSP5	Ercc1	True	False	False	False	False	False	B
A0A087WSP5	Q9DC16	A0A087WSP5	Ergic1	True	False	False	False	False	False	B
A0A087WSP5	Q9EQY0	A0A087WSP5	Ern1	True	False	False	False	False	False	B
A0A087WSP5	Q9D8U3	A0A087WSP5	Erp27	True	False	False	False	False	False	C
A0A087WSP5	O08537	A0A087WSP5	Esr2	True	False	False	False	False	False	A
A0A087WSP5	P97360	A0A087WSP5	Etv6	True	False	False	False	False	False	B
A0A087WSP5	Q9QZ11	A0A087WSP5	Exo1	True	False	False	False	False	False	C
A0A087WSP5	Q0VAV2	A0A087WSP5	Exph5	True	False	False	False	False	False	C
A0A087WSP5	A2A6P4	A0A087WSP5	A2A6P4	True	False	False	False	False	False	C
A0A087WSP5	Q6A0A9	A0A087WSP5	FAM120A	True	False	False	False	False	False	C
A0A087WSP5	Q8C3F2	A0A087WSP5	Fam120c	True	False	False	False	False	False	C
A0A087WSP5	L7N480	A0A087WSP5	L7N480	True	False	False	False	False	False	C
A0A087WSP5	Q8C552	A0A087WSP5	Fam78a	True	False	False	False	False	False	B
A0A087WSP5	Q9WVH9	A0A087WSP5	Fbln5	True	False	False	False	False	False	C
A0A087WSP5	Q9QXD6	A0A087WSP5	Fbp1	True	False	False	False	False	False	C
A0A087WSP5	Q8C2S5	A0A087WSP5	Fbxl5	True	False	False	False	False	False	C
A0A087WSP5	D3YUA8	A0A087WSP5	D3YUA8	True	False	False	False	False	False	C
A0A087WSP5	A0A0B4J1G0	A0A087WSP5	Fcgr4	True	False	False	False	False	False	A
A0A087WSP5	A2AJL3	A0A087WSP5	Fggy	True	False	False	False	False	False	B
A0A087WSP5	A6PWD2	A0A087WSP5	Fhad1	True	False	False	False	False	False	B
A0A087WSP5	Q64378	A0A087WSP5	Fkbp5	True	False	False	False	False	False	B
A0A087WSP5	O08917	A0A087WSP5	Flot1	True	False	False	False	False	False	C
A0A087WSP5	Q80TY0	A0A087WSP5	Fnbp1	True	False	False	False	False	False	B
A0A087WSP5	A0A6I8MWX0	A0A087WSP5	A0A6I8MWX0	True	False	False	False	False	False	C
A0A087WSP5	A0A0R4J0H8	A0A087WSP5	A0A0R4J0H8	True	False	False	False	False	False	B
A0A087WSP5	D3YUC5	A0A087WSP5	D3YUC5	True	False	False	False	False	False	B
A0A087WSP5	P35846	A0A087WSP5	Folr1	True	False	False	False	False	False	C
A0A087WSP5	P42128	A0A087WSP5	Foxk1	True	False	False	False	False	False	B
A0A087WSP5	Q499D0	A0A087WSP5	Foxn3	True	False	False	False	False	False	B
A0A087WSP5	Q80T14	A0A087WSP5	Fras1	True	False	False	False	False	False	C
A0A087WSP5	Q920B0	A0A087WSP5	Frmd4b	True	False	False	False	False	False	B
A0A087WSP5	F8VQ05	A0A087WSP5	F8VQ05	True	False	False	False	False	False	C
A0A087WSP5	A2ARZ3	A0A087WSP5	Fsip2	True	False	False	False	False	False	C
A0A087WSP5	Q9WTS2	A0A087WSP5	Fut8	True	False	False	False	False	False	C
A0A087WSP5	O35601	A0A087WSP5	Fyb1	True	False	False	False	False	False	B
A0A087WSP5	P39688	A0A087WSP5	Fyn	True	False	False	False	False	False	B
A0A087WSP5	Q9EQD0	A0A087WSP5	Fzd5	True	False	False	False	False	False	C
A0A087WSP5	Q3ZB57	A0A087WSP5	Q3ZB57	True	False	False	False	False	False	B
A0A087WSP5	A0A0R4J0F6	A0A087WSP5	A0A0R4J0F6	True	False	False	False	False	False	C
A0A087WSP5	Q6P9S7	A0A087WSP5	Galnt10	True	False	False	False	False	False	C
A0A087WSP5	Q8CF93	A0A087WSP5	Galnt13	True	False	False	False	False	False	C
A0A087WSP5	P70419	A0A087WSP5	Galnt3	True	False	False	False	False	False	C
A0A087WSP5	Q01721	A0A087WSP5	Gas1	True	False	False	False	False	False	C
A0A087WSP5	F6QB26	A0A087WSP5	F6QB26	True	False	False	False	False	False	B
A0A087WSP5	O09172	A0A087WSP5	Gclm	True	False	False	False	False	False	C
A0A087WSP5	Q6T5E4	A0A087WSP5	Q6T5E4	True	False	False	False	False	False	B
A0A087WSP5	Q9Z0J7	A0A087WSP5	Gdf15	True	False	False	False	False	False	C
A0A087WSP5	Q8BMI4	A0A087WSP5	Gen1	True	False	False	False	False	False	C
A0A087WSP5	Q9WTN0	A0A087WSP5	Ggps1	True	False	False	False	False	False	C
A0A087WSP5	Q60928	A0A087WSP5	Ggt1	True	False	False	False	False	False	C
A0A087WSP5	Q9CR36	A0A087WSP5	Gkn1	True	False	False	False	False	False	C
A0A087WSP5	Q9CYL5	A0A087WSP5	Glipr2	True	False	False	False	False	False	B
A0A087WSP5	E0CX93	A0A087WSP5	E0CX93	True	False	False	False	False	False	B
A0A087WSP5	Q91XP5	A0A087WSP5	Glra3	True	False	False	False	False	False	C
A0A087WSP5	P26443	A0A087WSP5	Glud1	True	False	False	False	False	False	C
A0A087WSP5	Q91XE0	A0A087WSP5	Glyat	True	False	False	False	False	False	C
A0A087WSP5	Q60648	A0A087WSP5	Gm2a	True	False	False	False	False	False	B
A0A087WSP5	Q8BTZ7	A0A087WSP5	Gmppb	True	False	False	False	False	False	C
A0A087WSP5	P27600	A0A087WSP5	Gna12	True	False	False	False	False	False	B
A0A087WSP5	P08752	A0A087WSP5	Gnai2	True	False	False	False	False	False	B
A0A087WSP5	Q9DAS9	A0A087WSP5	Gng12	True	False	False	False	False	False	C
A0A087WSP5	Q8BFR4	A0A087WSP5	Gns	True	False	False	False	False	False	C
A0A087WSP5	A0A6I8MX07	A0A087WSP5	A0A6I8MX07	True	False	False	False	False	False	C
A0A087WSP5	Q9QZU3	A0A087WSP5	Q9QZU3	True	False	False	False	False	False	C
A0A087WSP5	Q8C0L9	A0A087WSP5	Gpcpd1	True	False	False	False	False	False	B
A0A087WSP5	Q64521	A0A087WSP5	Gpd2	True	False	False	False	False	False	B
A0A087WSP5	Q8BUV8	A0A087WSP5	Gpr107	True	False	False	False	False	False	B
A0A087WSP5	Q9Z282	A0A087WSP5	Gpr132	True	False	False	False	False	False	B
A0A087WSP5	Q7TQP0	A0A087WSP5	Gpr141	True	False	False	False	False	False	B
A0A087WSP5	Q8VEF1	A0A087WSP5	Gramd1a	True	False	False	False	False	False	B
A0A087WSP5	Q60631	A0A087WSP5	Grb2	True	False	False	False	False	False	B
A0A087WSP5	A0A087WR33	A0A087WSP5	A0A087WR33	True	False	False	False	False	False	C
A0A087WSP5	Q99MK8	A0A087WSP5	Grk2	True	False	False	False	False	False	B
A0A087WSP5	G5E8D5	A0A087WSP5	G5E8D5	True	False	False	False	False	False	C
A0A087WSP5	Q3TCV3	A0A087WSP5	Gsap	True	False	False	False	False	False	B
A0A087WSP5	Q3U3C9	A0A087WSP5	Gse1	True	False	False	False	False	False	B
A0A087WSP5	Q2NL51	A0A087WSP5	Gsk3a	True	False	False	False	False	False	C
A0A087WSP5	P13020	A0A087WSP5	Gsn	True	False	False	False	False	False	B
A0A087WSP5	Q61191	A0A087WSP5	Hcfc1	True	False	True	True	False	True	A
A0A087WSP5	P08103	A0A087WSP5	Hck	True	False	False	False	False	False	C
A0A087WSP5	Q6NZM9	A0A087WSP5	Hdac4	True	False	False	False	False	False	B
A0A087WSP5	A0A1B0GSQ5	A0A087WSP5	A0A1B0GSQ5	True	False	False	False	False	False	B
A0A087WSP5	F8WIE5	A0A087WSP5	F8WIE5	True	False	False	False	False	False	C
A0A087WSP5	Q6DFV5	A0A087WSP5	Helz	True	False	False	False	False	False	C
A0A087WSP5	Q4U2R1	A0A087WSP5	Herc2	True	False	False	False	False	False	C
A0A087WSP5	Q9DD02	A0A087WSP5	Hikeshi	True	False	False	False	False	False	C
A0A087WSP5	Q3UHF7	A0A087WSP5	Hivep2	True	False	False	False	False	False	B
A0A087WSP5	A2A884	A0A087WSP5	Hivep3	True	False	False	False	False	False	B
A0A087WSP5	P17710	A0A087WSP5	Hk1	True	False	False	False	False	False	B
A0A087WSP5	O08528	A0A087WSP5	Hk2	True	False	False	False	False	False	B
A0A087WSP5	Q31621	A0A087WSP5	Q31621	True	False	False	False	False	False	A
A0A087WSP5	Q31094	A0A087WSP5	Q31094	True	False	False	False	False	False	A
A0A087WSP5	F7AD18	A0A087WSP5	F7AD18	True	False	False	False	False	False	A
A0A087WSP5	P14438	A0A087WSP5	H2-Aa	True	False	False	False	False	False	A
A0A087WSP5	P04227	A0A087WSP5	H2-Aa	True	False	False	False	False	False	A
A0A087WSP5	P01910	A0A087WSP5	H2-Aa	True	False	False	False	False	False	A
A0A087WSP5	P14436	A0A087WSP5	H2-Aa	True	False	False	False	False	False	A
A0A087WSP5	P14435	A0A087WSP5	H2-Aa	True	False	False	False	False	False	A
A0A087WSP5	P14437	A0A087WSP5	H2-Aa	True	False	False	False	False	False	A
A0A087WSP5	P14434	A0A087WSP5	H2-Aa	True	False	False	False	False	False	A
A0A087WSP5	P04228	A0A087WSP5	H2-Aa	True	False	False	False	False	False	A
A0A087WSP5	O78196	A0A087WSP5	O78196	True	False	False	False	False	False	A
A0A087WSP5	Q61670	A0A087WSP5	Hlx	True	False	False	False	False	False	B
A0A087WSP5	A2AW40	A0A087WSP5	A2AW40	True	False	False	False	False	False	B
A0A087WSP5	Q7TMK6	A0A087WSP5	Hook2	True	False	False	False	False	False	B
A0A087WSP5	B9EHK7	A0A087WSP5	B9EHK7	True	False	False	False	False	False	C
A0A087WSP5	P62748	A0A087WSP5	Hpcal1	True	False	False	False	False	False	B
A0A087WSP5	O70503	A0A087WSP5	Hsd17b12	True	False	False	False	False	False	C
A0A087WSP5	Q3UZ18	A0A087WSP5	Ice2	True	False	False	False	False	False	C
A0A087WSP5	Q8R0J8	A0A087WSP5	Idnk	True	False	False	False	False	False	C
A0A087WSP5	Q8R0V5	A0A087WSP5	Ido2	True	False	False	False	False	False	B
A0A087WSP5	O89113	A0A087WSP5	Ier5	True	False	False	False	False	False	B
A0A087WSP5	Q63953	A0A087WSP5	Q63953	True	False	False	False	False	False	B
A0A087WSP5	Q9DA69	A0A087WSP5	Ift43	True	False	False	False	False	False	C
A0A087WSP5	P05017	A0A087WSP5	Igf1	True	False	False	False	False	False	A
A0A087WSP5	E9QNX9	A0A087WSP5	E9QNX9	True	False	False	False	False	False	B
A0A087WSP5	Q07113	A0A087WSP5	Igf2r	True	False	False	False	False	False	B
A0A087WSP5	P47878	A0A087WSP5	Igfbp3	True	False	False	False	False	False	A
A0A087WSP5	Q8C208	A0A087WSP5	Ikzf4	True	False	False	False	False	False	C
A0A087WSP5	Q60837	A0A087WSP5	Il12rb1	True	False	False	False	False	False	A
A0A087WSP5	P97378	A0A087WSP5	Il12rb2	True	False	False	False	False	False	A
A0A087WSP5	P48346	A0A087WSP5	Il15	True	False	False	False	False	False	B
A0A087WSP5	O54824	A0A087WSP5	Il16	True	False	False	False	False	False	B
A0A087WSP5	A0A0B4J1G4	A0A087WSP5	A0A0B4J1G4	True	False	False	False	False	False	A
A0A087WSP5	Q9JHX3	A0A087WSP5	Il21r	True	False	False	False	False	False	B
A0A087WSP5	P16382	A0A087WSP5	Il4r	True	False	False	False	False	False	B
A0A087WSP5	P16872	A0A087WSP5	Il7r	True	False	False	False	False	False	B
A0A087WSP5	Q8CBR1	A0A087WSP5	Ildr1	True	False	False	False	False	False	C
A0A087WSP5	Q9Z1X4	A0A087WSP5	Ilf3	True	False	False	False	False	False	C
A0A087WSP5	Q6PKN7	A0A087WSP5	Inca1	True	False	False	False	False	False	C
A0A087WSP5	D3YUD3	A0A087WSP5	D3YUD3	True	False	False	False	False	False	B
A0A087WSP5	Q9ES52	A0A087WSP5	Inpp5d	True	False	False	False	False	False	B
A0A087WSP5	Q80V86	A0A087WSP5	Ints8	True	False	False	False	False	False	C
A0A087WSP5	Q5DU31	A0A087WSP5	Ipcef1	True	False	False	False	False	False	B
A0A087WSP5	Q7TMY7	A0A087WSP5	Ipo8	True	False	False	False	False	False	C
A0A087WSP5	Q3UQ44	A0A087WSP5	Iqgap2	True	False	False	False	False	False	B
A0A087WSP5	E9PUA3	A0A087WSP5	E9PUA3	True	False	False	False	False	False	B
A0A087WSP5	D3YYP8	A0A087WSP5	D3YYP8	True	False	False	False	False	False	B
A0A087WSP5	P11881	A0A087WSP5	Itpr1	True	False	False	False	False	False	B
A0A087WSP5	Q9D9J7	A0A087WSP5	Izumo1	True	False	False	False	False	False	C
A0A087WSP5	Q69ZK6	A0A087WSP5	Jmjd1c	True	False	False	False	False	False	B
A0A087WSP5	P09450	A0A087WSP5	Junb	True	False	False	False	False	False	A
A0A087WSP5	Q3UFC0	A0A087WSP5	Q3UFC0	True	False	False	False	False	False	C
A0A087WSP5	O88932	A0A087WSP5	Kcnj15	True	False	False	False	False	False	B
A0A087WSP5	A0A087WQN5	A0A087WSP5	A0A087WQN5	True	False	False	False	False	False	B
A0A087WSP5	E9Q2T4	A0A087WSP5	E9Q2T4	True	False	False	False	False	False	C
A0A087WSP5	A2AAE1	A0A087WSP5	Bltp1	True	False	False	False	False	False	C
A0A087WSP5	Q9QXL2	A0A087WSP5	Kif21a	True	False	False	False	False	False	C
A0A087WSP5	P05532	A0A087WSP5	Kit	True	False	False	False	False	False	C
A0A087WSP5	A0A6I8MWY6	A0A087WSP5	A0A6I8MWY6	True	False	False	False	False	False	C
A0A087WSP5	Q8BPQ2	A0A087WSP5	Q8BPQ2	True	False	False	False	False	False	B
A0A087WSP5	Q99JB0	A0A087WSP5	Klf7	True	False	False	False	False	False	B
A0A087WSP5	Q8CEC4	A0A087WSP5	Q8CEC4	True	False	False	False	False	False	B
A0A087WSP5	G3X961	A0A087WSP5	G3X961	True	False	False	False	False	False	C
A0A087WSP5	Q9D2D9	A0A087WSP5	Klhdc8b	True	False	False	False	False	False	C
A0A087WSP5	Q6V595	A0A087WSP5	Klhl6	True	False	False	False	False	False	B
A0A087WSP5	A0A087WR91	A0A087WSP5	A0A087WR91	True	False	False	False	False	False	C
A0A087WSP5	Q9CXF0	A0A087WSP5	Kynu	True	False	False	False	False	False	B
A0A087WSP5	Q60675	A0A087WSP5	Lama2	True	False	False	False	False	False	C
A0A087WSP5	Q91XQ6	A0A087WSP5	Laptm4b	True	False	False	False	False	False	B
A0A087WSP5	Q61168	A0A087WSP5	Laptm5	True	False	False	False	False	False	B
A0A087WSP5	Q9Z1M7	A0A087WSP5	Large1	True	False	False	False	False	False	C
A0A087WSP5	Q8BYR1	A0A087WSP5	Lcmt2	True	False	False	False	False	False	C
A0A087WSP5	Q6JVL5	A0A087WSP5	Lcn12	True	False	False	False	False	False	C
A0A087WSP5	Q60787	A0A087WSP5	Lcp2	True	False	False	False	False	False	B
A0A087WSP5	P35951	A0A087WSP5	Ldlr	True	False	False	False	False	False	B
A0A087WSP5	Q8BGA2	A0A087WSP5	Lhfpl2	True	False	False	False	False	False	B
A0A087WSP5	Q9QXD8	A0A087WSP5	Limd1	True	False	False	False	False	False	B
A0A087WSP5	A0A0R4J005	A0A087WSP5	A0A0R4J005	True	False	False	False	False	False	B
A0A087WSP5	Q9Z0M5	A0A087WSP5	Lipa	True	False	False	False	False	False	B
A0A087WSP5	Q9JLJ0	A0A087WSP5	Litaf	True	False	False	False	False	False	B
A0A087WSP5	P48678	A0A087WSP5	Lmna	True	False	False	False	False	False	B
A0A087WSP5	P25801	A0A087WSP5	Lmo2	True	False	False	False	False	False	B
A0A087WSP5	Q8BFW7	A0A087WSP5	Lpp	True	False	False	False	False	False	B
A0A087WSP5	D3YXJ5	A0A087WSP5	D3YXJ5	True	False	False	False	False	False	C
A0A087WSP5	P62046	A0A087WSP5	Lrch1	True	False	False	False	False	False	B
A0A087WSP5	Q3UZ39	A0A087WSP5	Lrrfip1	True	False	False	False	False	False	B
A0A087WSP5	P59383	A0A087WSP5	Lrrn4	True	False	False	False	False	False	C
A0A087WSP5	O88855	A0A087WSP5	Ltb4r	True	False	False	False	False	False	C
A0A087WSP5	P25911	A0A087WSP5	Lyn	True	False	False	False	False	False	B
A0A087WSP5	Q9D7Z7	A0A087WSP5	Lypd5	True	False	False	False	False	False	C
A0A087WSP5	Q9WTX8	A0A087WSP5	Mad1l1	True	False	False	False	False	False	B
A0A087WSP5	D4QGC2	A0A087WSP5	D4QGC2	True	False	False	False	False	False	B
A0A087WSP5	Q9WVS7	A0A087WSP5	Map2k5	True	False	False	False	False	False	C
A0A087WSP5	O35099	A0A087WSP5	Map3k5	True	False	False	False	False	False	B
A0A087WSP5	Q07174	A0A087WSP5	Map3k8	True	False	False	False	False	False	B
A0A087WSP5	Q3UMW7	A0A087WSP5	Mapkapk3	True	False	False	False	False	False	B
A0A087WSP5	Q6NZQ8	A0A087WSP5	Marchf1	True	False	False	False	False	False	B
A0A087WSP5	Q03141	A0A087WSP5	Mark3	True	False	False	False	False	False	B
A0A087WSP5	Q3THS6	A0A087WSP5	Mat2a	True	False	False	False	False	False	A
A0A087WSP5	A0A0A6YVV8	A0A087WSP5	A0A0A6YVV8	True	False	False	False	False	False	B
A0A087WSP5	P04370	A0A087WSP5	Mbp	True	False	False	False	False	False	B
A0A087WSP5	E9PXE2	A0A087WSP5	E9PXE2	True	False	False	False	False	False	B
A0A087WSP5	E9PW38	A0A087WSP5	E9PW38	True	False	False	False	False	False	B
A0A087WSP5	G3UZT5	A0A087WSP5	G3UZT5	True	False	False	False	False	False	C
A0A087WSP5	Q924H2	A0A087WSP5	Med15	True	False	False	False	False	False	B
A0A087WSP5	E9QKT0	A0A087WSP5	E9QKT0	True	False	False	False	False	False	B
A0A087WSP5	Q9EPL4	A0A087WSP5	Mettl9	True	False	False	False	False	False	B
A0A087WSP5	P27808	A0A087WSP5	Mgat1	True	False	False	False	False	False	B
A0A087WSP5	O35678	A0A087WSP5	Mgll	True	False	False	False	False	False	B
A0A087WSP5	Q9D074	A0A087WSP5	Mgrn1	True	False	False	False	False	False	B
A0A087WSP5	A0A1Y7VP67	A0A087WSP5	A0A1Y7VP67	True	False	False	False	False	False	B
A0A087WSP5	A2A7Y5	A0A087WSP5	Miip	True	False	False	False	False	False	C
A0A087WSP5	P33434	A0A087WSP5	Mmp2	True	False	False	False	False	False	C
A0A087WSP5	D3YWE6	A0A087WSP5	Mn1	True	False	False	False	False	False	C
A0A087WSP5	O08789	A0A087WSP5	Mnt	True	False	False	False	False	False	B
A0A087WSP5	Q8BSU7	A0A087WSP5	Mob3a	True	False	False	False	False	False	C
A0A087WSP5	Q8BJG4	A0A087WSP5	Mob3c	True	False	False	False	False	False	C
A0A087WSP5	Q9CXI3	A0A087WSP5	Moxd1	True	False	False	False	False	False	C
A0A087WSP5	Q3TYA6	A0A087WSP5	Mphosph8	True	False	False	False	False	False	C
A0A087WSP5	Q9JLB2	A0A087WSP5	Pals1	True	False	False	False	False	False	C
A0A087WSP5	Q3TEW6	A0A087WSP5	Mpzl1	True	False	False	False	False	False	B
A0A087WSP5	Q9DCI9	A0A087WSP5	Mrpl32	True	False	False	False	False	False	C
A0A087WSP5	D3Z603	A0A087WSP5	D3Z603	True	False	False	False	False	False	C
A0A087WSP5	P26041	A0A087WSP5	Msn	True	False	False	False	False	False	B
A0A087WSP5	Q3V3R1	A0A087WSP5	Mthfd1l	True	False	False	False	False	False	C
A0A087WSP5	G3X9H7	A0A087WSP5	G3X9H7	True	False	False	False	False	False	B
A0A087WSP5	A0A0R4J0N9	A0A087WSP5	A0A0R4J0N9	True	False	False	False	False	False	C
A0A087WSP5	P01108	A0A087WSP5	Myc	True	False	False	False	False	False	A
A0A087WSP5	Q8VDD5	A0A087WSP5	Myh9	True	False	False	False	False	False	B
A0A087WSP5	Q9QZZ4	A0A087WSP5	Myo15a	True	False	False	False	False	False	C
A0A087WSP5	Q9JMH9	A0A087WSP5	Myo18a	True	False	False	False	False	False	B;D
A0A087WSP5	D3YV80	A0A087WSP5	D3YV80	True	False	False	False	False	False	C
A0A087WSP5	G5E8G6	A0A087WSP5	G5E8G6	True	False	False	False	False	False	C
A0A087WSP5	Q69ZN7	A0A087WSP5	Myof	True	False	False	False	False	False	B
A0A087WSP5	Q6A037	A0A087WSP5	N4bp1	True	False	False	False	False	False	B
A0A087WSP5	Q6PHQ8	A0A087WSP5	Naa35	True	False	True	True	False	True	A
A0A087WSP5	Q8BGW5	A0A087WSP5	Nabp1	True	False	False	False	False	False	B
A0A087WSP5	V9GXT3	A0A087WSP5	V9GXT3	True	False	False	False	False	False	C
A0A087WSP5	O70145	A0A087WSP5	Ncf2	True	False	False	False	False	False	B
A0A087WSP5	Q6DFV7	A0A087WSP5	Ncoa7	True	False	False	False	False	False	B
A0A087WSP5	E9PY55	A0A087WSP5	E9PY55	True	False	False	False	False	False	B
A0A087WSP5	Q3UHN9	A0A087WSP5	Ndst1	True	False	False	False	False	False	C
A0A087WSP5	Q7TMF3	A0A087WSP5	Ndufa12	True	False	False	False	False	False	C
A0A087WSP5	Q9DC69	A0A087WSP5	Ndufa9	True	False	False	False	False	False	C
A0A087WSP5	A2AIL4	A0A087WSP5	Ndufaf6	True	False	False	False	False	False	C
A0A087WSP5	A0A286YDV4	A0A087WSP5	A0A286YDV4	True	False	False	False	False	False	B
A0A087WSP5	A0A0R4J212	A0A087WSP5	A0A0R4J212	True	False	False	False	False	False	B
A0A087WSP5	Q9ES70	A0A087WSP5	Nek6	True	False	False	False	False	False	B
A0A087WSP5	Q9Z206	A0A087WSP5	Net1	True	False	False	False	False	False	C
A0A087WSP5	Q8CJC5	A0A087WSP5	Neurl3	True	False	False	False	False	False	C
A0A087WSP5	Q3UZ64	A0A087WSP5	Q3UZ64	True	False	False	False	False	False	C
A0A087WSP5	Q8K120	A0A087WSP5	Nfatc4	True	False	False	False	False	False	C
A0A087WSP5	Q60795	A0A087WSP5	Nfe2l2	True	False	False	False	False	False	B
A0A087WSP5	Q02780	A0A087WSP5	Nfia	True	False	False	False	False	False	C
A0A087WSP5	P25799	A0A087WSP5	Nfkb1	True	False	False	False	False	False	B
A0A087WSP5	Q9EST8	A0A087WSP5	Nfkbiz	True	False	False	False	False	False	B
A0A087WSP5	Q3UW53	A0A087WSP5	Niban1	True	False	False	False	False	False	B
A0A087WSP5	Q8R1F1	A0A087WSP5	Niban2	True	False	False	False	False	False	B
A0A087WSP5	O54949	A0A087WSP5	Nlk	True	False	False	False	False	False	C
A0A087WSP5	C3VPR6	A0A087WSP5	Nlrc5	True	False	False	False	False	False	B
A0A087WSP5	Q8R4B8	A0A087WSP5	Nlrp3	True	False	False	False	False	False	B
A0A087WSP5	Q91WS2	A0A087WSP5	Nlrp6	True	False	False	False	False	False	C
A0A087WSP5	Q9WUE4	A0A087WSP5	Nprl2	True	False	False	False	False	False	C
A0A087WSP5	P97300	A0A087WSP5	Nptn	True	False	False	False	False	False	C
A0A087WSP5	Q06219	A0A087WSP5	Nr4a2	True	False	False	False	False	False	B
A0A087WSP5	P97333	A0A087WSP5	Nrp1	True	False	False	False	False	False	B
A0A087WSP5	O35375	A0A087WSP5	Nrp2	True	False	False	False	False	False	B
A0A087WSP5	Q9CZ44	A0A087WSP5	Nsfl1c	True	False	False	False	False	False	C
A0A087WSP5	Q9QZV9	A0A087WSP5	Nxt1	True	False	False	False	False	False	C
A0A087WSP5	E9Q9A9	A0A087WSP5	Oas2	True	False	False	False	False	False	A
A0A087WSP5	Q8VI93	A0A087WSP5	Oas3	True	False	False	False	False	False	A
A0A087WSP5	Q8VI94	A0A087WSP5	Oasl1	True	False	False	False	False	False	A
A0A087WSP5	A0A0N4SV33	A0A087WSP5	A0A0N4SV33	True	False	False	False	False	False	B
A0A087WSP5	Q9ERK9	A0A087WSP5	P2ry6	True	False	False	False	False	False	B
A0A087WSP5	Q9WVE8	A0A087WSP5	Pacsin2	True	False	False	False	False	False	B
A0A087WSP5	Q9ET54	A0A087WSP5	Palld	True	False	False	False	False	False	C
A0A087WSP5	P97467	A0A087WSP5	Pam	True	False	False	False	False	False	C
A0A087WSP5	E9PZ87	A0A087WSP5	E9PZ87	True	False	False	False	False	False	C
A0A087WSP5	Q2EMV9	A0A087WSP5	Parp14	True	False	False	False	False	False	A
A0A087WSP5	P63054	A0A087WSP5	Pcp4	True	False	False	False	False	False	C
A0A087WSP5	Q8VBU5	A0A087WSP5	Q8VBU5	True	False	False	False	False	False	B
A0A087WSP5	Q01063	A0A087WSP5	Pde4d	True	False	False	False	False	False	B
A0A087WSP5	P23440	A0A087WSP5	Pde6b	True	False	False	False	False	False	C
A0A087WSP5	A2AUP1	A0A087WSP5	A2AUP1	True	False	False	False	False	False	B
A0A087WSP5	P09411	A0A087WSP5	Pgk1	True	False	False	False	False	False	C
A0A087WSP5	Q8BHF7	A0A087WSP5	Pgs1	True	False	False	False	False	False	B
A0A087WSP5	B1AVP0	A0A087WSP5	B1AVP0	True	False	False	False	False	False	B
A0A087WSP5	P67778	A0A087WSP5	Phb1	True	False	False	False	False	False	C
A0A087WSP5	Q61753	A0A087WSP5	Phgdh	True	False	False	False	False	False	C
A0A087WSP5	Q8R1K4	A0A087WSP5	Phykpl	True	False	False	False	False	False	C
A0A087WSP5	Q8CHR9	A0A087WSP5	Pih1d2	True	False	False	False	False	False	C
A0A087WSP5	Q9EQ32	A0A087WSP5	Pik3ap1	True	False	False	False	False	False	B
A0A087WSP5	Q5SW28	A0A087WSP5	Pik3r5	True	False	False	False	False	False	B
A0A087WSP5	O70172	A0A087WSP5	Pip4k2a	True	False	False	False	False	False	B
A0A087WSP5	P53811	A0A087WSP5	Pitpnb	True	False	False	False	False	False	C
A0A087WSP5	Q8CDG1	A0A087WSP5	Piwil2	True	False	False	False	False	False	C
A0A087WSP5	O70139	A0A087WSP5	Pkig	True	False	False	False	False	False	B
A0A087WSP5	Q8BZT7	A0A087WSP5	Pla2g3	True	False	False	False	False	False	C
A0A087WSP5	Q8R3U1	A0A087WSP5	Plaat3	True	False	False	False	False	False	C
A0A087WSP5	Q9JI48	A0A087WSP5	Plac8	True	False	False	False	False	False	B
A0A087WSP5	P06869	A0A087WSP5	Plau	True	False	False	False	False	False	A
A0A087WSP5	Q3TTY0	A0A087WSP5	Plb1	True	False	False	False	False	False	B
A0A087WSP5	Q9Z1B3	A0A087WSP5	Plcb1	True	False	False	False	False	False	B
A0A087WSP5	Q8CIH5	A0A087WSP5	Plcg2	True	False	False	False	False	False	B
A0A087WSP5	Q3USB7	A0A087WSP5	Plcl1	True	False	False	False	False	False	C
A0A087WSP5	Q9QXS1	A0A087WSP5	Plec	True	False	False	False	False	False	B
A0A087WSP5	Q9ERS5	A0A087WSP5	Plekha2	True	False	False	False	False	False	B
A0A087WSP5	Q4VAC9	A0A087WSP5	Plekhg3	True	False	False	False	False	False	B
A0A087WSP5	Q9JIY0	A0A087WSP5	Plekho1	True	False	False	False	False	False	B
A0A087WSP5	Q0VBU9	A0A087WSP5	Plpp4	True	False	False	False	False	False	C
A0A087WSP5	Q9QZC2	A0A087WSP5	Plxnc1	True	False	False	False	False	False	B
A0A087WSP5	A2AJT4	A0A087WSP5	Pnisr	True	False	False	False	False	False	C
A0A087WSP5	Q8BZH4	A0A087WSP5	Pogz	True	False	False	False	False	False	C
A0A087WSP5	O35134	A0A087WSP5	Polr1a	True	False	False	False	False	False	B
A0A087WSP5	Q9D483	A0A087WSP5	Polr3c	True	False	False	False	False	False	C
A0A087WSP5	A0A140LIN3	A0A087WSP5	A0A140LIN3	True	False	False	False	False	False	B
A0A087WSP5	Q3UYC0	A0A087WSP5	Ppm1h	True	False	False	False	False	False	B
A0A087WSP5	Q9DBR7	A0A087WSP5	Ppp1r12a	True	False	False	False	False	False	C
A0A087WSP5	Q3TTF6	A0A087WSP5	Q3TTF6	True	False	False	False	False	False	C
A0A087WSP5	A2A935	A0A087WSP5	Prdm16	True	False	False	False	False	False	B
A0A087WSP5	Q69ZK0	A0A087WSP5	Prex1	True	False	False	False	False	False	B
A0A087WSP5	Q3U5C7	A0A087WSP5	Prickle1	True	False	False	False	False	False	C
A0A087WSP5	P68181	A0A087WSP5	Prkacb	True	False	False	False	False	False	C
A0A087WSP5	Q91WG5	A0A087WSP5	Prkag2	True	False	False	False	False	False	B
A0A087WSP5	P68404	A0A087WSP5	Prkcb	True	False	False	False	False	False	B
A0A087WSP5	P28867	A0A087WSP5	Prkcd	True	False	False	False	False	False	B
A0A087WSP5	P23298	A0A087WSP5	Prkch	True	False	False	False	False	False	B
A0A087WSP5	Q8K1Y2	A0A087WSP5	Prkd3	True	False	False	False	False	False	C
A0A087WSP5	Q08761	A0A087WSP5	Pros1	True	False	False	False	False	False	A
A0A087WSP5	Q8CCF0	A0A087WSP5	Prpf31	True	False	False	False	False	False	B
A0A087WSP5	Q792Z1	A0A087WSP5	Q792Z1	True	False	False	False	False	False	C
A0A087WSP5	Q4G0C2	A0A087WSP5	Q4G0C2	True	False	False	False	False	False	C
A0A087WSP5	Q792Y8	A0A087WSP5	Q792Y8	True	False	False	False	False	False	C
A0A087WSP5	Q792Y9	A0A087WSP5	Q792Y9	True	False	False	False	False	False	C
A0A087WSP5	Q9Z1R9	A0A087WSP5	Q9Z1R9	True	False	False	False	False	False	C
A0A087WSP5	Q9QUK9	A0A087WSP5	Try5	True	False	False	False	False	False	C
A0A087WSP5	Q9R0T7	A0A087WSP5	Try4	True	False	False	False	False	False	C
A0A087WSP5	Q52KR3	A0A087WSP5	Prune2	True	False	False	False	False	False	B
A0A087WSP5	P49722	A0A087WSP5	Psma2	True	False	False	False	False	False	C
A0A087WSP5	Q3TXS7	A0A087WSP5	Psmd1	True	False	False	False	False	False	B
A0A087WSP5	Q99M15	A0A087WSP5	Pstpip2	True	False	False	False	False	False	B
A0A087WSP5	P43117	A0A087WSP5	Ptgfr	True	False	False	False	False	False	A
A0A087WSP5	Q9QVP9	A0A087WSP5	Ptk2b	True	False	False	False	False	False	B
A0A087WSP5	Q64434	A0A087WSP5	Ptk6	True	False	False	False	False	False	C
A0A087WSP5	O70274	A0A087WSP5	Ptp4a2	True	False	False	False	False	False	B
A0A087WSP5	Q06180	A0A087WSP5	Ptpn2	True	False	False	False	False	False	B
A0A087WSP5	P49446	A0A087WSP5	Ptpre	True	False	False	False	False	False	B
A0A087WSP5	E9Q4S7	A0A087WSP5	E9Q4S7	True	False	False	False	False	False	B
A0A087WSP5	Q8R143	A0A087WSP5	Pttg1ip	True	False	False	False	False	False	A
A0A087WSP5	Q921E2	A0A087WSP5	Rab31	True	False	False	False	False	False	B
A0A087WSP5	E9QKE4	A0A087WSP5	E9QKE4	True	False	False	False	False	False	B
A0A087WSP5	Q8VHQ4	A0A087WSP5	Rab40c	True	False	False	False	False	False	C
A0A087WSP5	O35719	A0A087WSP5	Rad51b	True	False	False	False	False	False	B
A0A087WSP5	Q03385	A0A087WSP5	Ralgds	True	False	False	False	False	False	B
A0A087WSP5	A2ALS5	A0A087WSP5	Rap1gap	True	False	False	False	False	False	C
A0A087WSP5	Q5SVL6	A0A087WSP5	Rap1gap2	True	False	False	False	False	False	B
A0A087WSP5	Q91ZZ2	A0A087WSP5	Q91ZZ2	True	False	False	False	False	False	B
A0A087WSP5	Q60790	A0A087WSP5	Rasa3	True	False	False	False	False	False	B
A0A087WSP5	Q8JZL7	A0A087WSP5	Rasgef1b	True	False	False	False	False	False	B
A0A087WSP5	Q3U0S6	A0A087WSP5	Rasip1	True	False	False	False	False	False	C
A0A087WSP5	Q8BMS9	A0A087WSP5	Rassf2	True	False	False	False	False	False	B
A0A087WSP5	Q8CB96	A0A087WSP5	Rassf4	True	False	False	False	False	False	B
A0A087WSP5	Q8BQC8	A0A087WSP5	Rbak	True	False	False	False	False	False	A
A0A087WSP5	Q80YT9	A0A087WSP5	Rbm11	True	False	False	False	False	False	C
A0A087WSP5	Q91V81	A0A087WSP5	Rbm42	True	False	False	False	False	False	C
A0A087WSP5	Q91WT8	A0A087WSP5	Rbm47	True	False	False	False	False	False	B
A0A087WSP5	Q91W59	A0A087WSP5	Rbms1	True	False	False	False	False	False	B
A0A087WSP5	P31266	A0A087WSP5	Rbpj	True	False	False	False	False	False	B
A0A087WSP5	Q05186	A0A087WSP5	Rcn1	True	False	False	False	False	False	B
A0A087WSP5	Q3UZA1	A0A087WSP5	Rcsd1	True	False	False	False	False	False	C
A0A087WSP5	O54916	A0A087WSP5	Reps1	True	False	False	False	False	False	C
A0A087WSP5	Q80TZ9	A0A087WSP5	Rere	True	False	False	False	False	False	B
A0A087WSP5	Q61493	A0A087WSP5	Rev3l	True	False	False	False	False	False	A
A0A087WSP5	Q7TT28	A0A087WSP5	Rexo1	True	False	False	False	False	False	C
A0A087WSP5	Q6A0D4	A0A087WSP5	Rftn1	True	False	False	False	False	False	B
A0A087WSP5	P48381	A0A087WSP5	Rfx3	True	False	False	False	False	False	B
A0A087WSP5	Q7TNK1	A0A087WSP5	Rfx4	True	False	False	False	False	False	C
A0A087WSP5	Q6PCX7	A0A087WSP5	Rgma	True	False	False	False	False	False	C
A0A087WSP5	Q8CGE9	A0A087WSP5	Rgs12	True	False	False	False	False	False	B
A0A087WSP5	Q5D078	A0A087WSP5	Q5D078	True	False	False	False	False	False	C
A0A087WSP5	Q8VEK2	A0A087WSP5	Rhbdd2	True	False	False	False	False	False	B
A0A087WSP5	Q80WQ6	A0A087WSP5	Rhbdf2	True	False	False	False	False	False	B
A0A087WSP5	P62746	A0A087WSP5	Rhob	True	False	False	False	False	False	C
A0A087WSP5	Q8BYP3	A0A087WSP5	Rhof	True	False	False	False	False	False	B
A0A087WSP5	Q80U57	A0A087WSP5	Rims3	True	False	False	False	False	False	C
A0A087WSP5	F8WGD2	A0A087WSP5	F8WGD2	True	False	False	False	False	False	B
A0A087WSP5	P59729	A0A087WSP5	Rin3	True	False	False	False	False	False	B
A0A087WSP5	Q9QZL0	A0A087WSP5	Ripk3	True	False	False	False	False	False	C
A0A087WSP5	Q8VEM1	A0A087WSP5	Rnf130	True	False	False	False	False	False	C
A0A087WSP5	Q5SWK7	A0A087WSP5	Rnf145	True	False	False	False	False	False	C
A0A087WSP5	A2ALL3	A0A087WSP5	A2ALL3	True	False	False	False	False	False	C
A0A087WSP5	G5E843	A0A087WSP5	G5E843	True	False	False	False	False	False	C
A0A087WSP5	Q80TE0	A0A087WSP5	Rpap1	True	False	False	False	False	False	C
A0A087WSP5	P14131	A0A087WSP5	Rps16	True	False	False	False	False	False	C
A0A087WSP5	P62849	A0A087WSP5	Rps24	True	False	True	True	False	True	A
A0A087WSP5	Q9WUT3	A0A087WSP5	Rps6ka2	True	False	False	False	False	False	C
A0A087WSP5	Q6ZWN5	A0A087WSP5	Rps9	True	False	False	False	False	False	C
A0A087WSP5	Q3UH06	A0A087WSP5	Rreb1	True	False	False	False	False	False	B
A0A087WSP5	Q8CBB9	A0A087WSP5	Rsad2	True	False	False	False	False	False	C
A0A087WSP5	Q99P72	A0A087WSP5	Rtn4	True	False	False	False	False	False	B
A0A087WSP5	Q0VDN7	A0A087WSP5	Rundc1	True	False	False	False	False	False	C
A0A087WSP5	A0A087WR05	A0A087WSP5	A0A087WR05	True	False	False	False	False	False	B
A0A087WSP5	Q8VDX6	A0A087WSP5	Rxylt1	True	False	False	False	False	False	B
A0A087WSP5	P50543	A0A087WSP5	S100a11	True	False	False	False	False	False	B
A0A087WSP5	S4R1M2	A0A087WSP5	S4R1M2	True	False	False	False	False	False	C
A0A087WSP5	Q8CBY1	A0A087WSP5	Samd4a	True	False	False	False	False	False	B
A0A087WSP5	P57725	A0A087WSP5	Samsn1	True	False	False	False	False	False	B
A0A087WSP5	Q9ERN0	A0A087WSP5	Scamp2	True	False	False	False	False	False	C
A0A087WSP5	A8Y5H7	A0A087WSP5	Sec14l1	True	False	False	False	False	False	B
A0A087WSP5	O09126	A0A087WSP5	Sema4d	True	False	False	False	False	False	B
A0A087WSP5	Q8CHH9	A0A087WSP5	Septin8	True	False	False	False	False	False	C
A0A087WSP5	Q9ERC3	A0A087WSP5	Sertad3	True	False	False	False	False	False	C
A0A087WSP5	P50405	A0A087WSP5	Sftpb	True	False	False	False	False	False	C
A0A087WSP5	Q8BX51	A0A087WSP5	Sgcz	True	False	False	False	False	False	C
A0A087WSP5	Q9WVC6	A0A087WSP5	Sgk1	True	False	False	False	False	False	B
A0A087WSP5	Q8VCQ6	A0A087WSP5	Sgms1	True	False	False	False	False	False	B
A0A087WSP5	O09039	A0A087WSP5	Sh2b3	True	False	False	False	False	False	B
A0A087WSP5	D3Z107	A0A087WSP5	D3Z107	True	False	False	False	False	False	B
A0A087WSP5	Q9Z131	A0A087WSP5	Sh3bp5	True	False	False	False	False	False	B
A0A087WSP5	Q8R550	A0A087WSP5	Sh3kbp1	True	False	False	False	False	False	B
A0A087WSP5	G3X9F6	A0A087WSP5	G3X9F6	True	False	False	False	False	False	B
A0A087WSP5	D3Z5K8	A0A087WSP5	D3Z5K8	True	False	False	False	False	False	B
A0A087WSP5	Q8CAK3	A0A087WSP5	Shfl	True	False	False	False	False	False	C
A0A087WSP5	Q6P4S6	A0A087WSP5	Sik3	True	False	False	False	False	False	B
A0A087WSP5	B1AUF1	A0A087WSP5	B1AUF1	True	False	False	False	False	False	B
A0A087WSP5	Q60898	A0A087WSP5	Sla	True	False	False	False	False	False	B
A0A087WSP5	Q8VI23	A0A087WSP5	Slc12a8	True	False	False	False	False	False	B
A0A087WSP5	P57787	A0A087WSP5	Slc16a3	True	False	False	False	False	False	C
A0A087WSP5	A0A0R4J0A6	A0A087WSP5	A0A0R4J0A6	True	False	False	False	False	False	C
A0A087WSP5	P43006	A0A087WSP5	Slc1a2	True	False	False	False	False	False	B
A0A087WSP5	P56564	A0A087WSP5	Slc1a3	True	False	False	False	False	False	B
A0A087WSP5	Q920G8	A0A087WSP5	Slc25a37	True	False	False	False	False	False	B
A0A087WSP5	P14246	A0A087WSP5	Slc2a2	True	False	False	False	False	False	A
A0A087WSP5	Q8BLX4	A0A087WSP5	Slc35c1	True	False	False	False	False	False	C
A0A087WSP5	A0A0R4J181	A0A087WSP5	A0A0R4J181	True	False	False	False	False	False	C
A0A087WSP5	Q8BY89	A0A087WSP5	Slc44a2	True	False	False	False	False	False	C
A0A087WSP5	Q921V7	A0A087WSP5	Slc44a3	True	False	False	False	False	False	B
A0A087WSP5	Q8JZR6	A0A087WSP5	Slc4a8	True	False	False	False	False	False	C
A0A087WSP5	Q49B93	A0A087WSP5	Slc5a12	True	False	False	False	False	False	C
A0A087WSP5	P31648	A0A087WSP5	Slc6a1	True	False	False	False	False	False	C
A0A087WSP5	O35316	A0A087WSP5	Slc6a6	True	False	False	False	False	False	B
A0A087WSP5	Q9Z1K8	A0A087WSP5	Slc7a7	True	False	False	False	False	False	B
A0A087WSP5	A0A3Q4L326	A0A087WSP5	A0A3Q4L326	True	False	False	False	False	False	B
A0A087WSP5	B2RXE2	A0A087WSP5	Slc9a5	True	False	False	False	False	False	C
A0A087WSP5	Q8R3L5	A0A087WSP5	Slco3a1	True	False	False	False	False	False	B
A0A087WSP5	Q8CG47	A0A087WSP5	Smc4	True	False	False	False	False	False	C
A0A087WSP5	Q9JIS3	A0A087WSP5	Smco4	True	False	False	False	False	False	B
A0A087WSP5	Q8BKX6	A0A087WSP5	Smg1	True	False	False	False	False	False	C
A0A087WSP5	P61406	A0A087WSP5	Smg6	True	False	False	False	False	False	B
A0A087WSP5	Q9Z266	A0A087WSP5	Snapin	True	False	False	False	False	False	C
A0A087WSP5	Q78PY7	A0A087WSP5	Snd1	True	False	False	False	False	False	C
A0A087WSP5	Q9CWT3	A0A087WSP5	Snx10	True	False	False	False	False	False	B
A0A087WSP5	Q9D3S3	A0A087WSP5	Snx29	True	False	False	False	False	False	C
A0A087WSP5	Q8CE50	A0A087WSP5	Snx30	True	False	False	False	False	False	B
A0A087WSP5	A0A0G2JDT3	A0A087WSP5	A0A0G2JDT3	True	False	False	False	False	False	B
A0A087WSP5	Q91ZA6	A0A087WSP5	Socs4	True	False	False	False	False	False	A
A0A087WSP5	O54928	A0A087WSP5	Socs5	True	False	False	False	False	False	A
A0A087WSP5	Q9JLY0	A0A087WSP5	Socs6	True	False	False	False	False	False	A
A0A087WSP5	P09671	A0A087WSP5	Sod2	True	False	False	False	False	False	B
A0A087WSP5	Q9JJF2	A0A087WSP5	Spag4	True	False	False	False	False	False	C
A0A087WSP5	Q8BGX7	A0A087WSP5	Spidr	True	False	False	False	False	False	B
A0A087WSP5	Q61142	A0A087WSP5	Spin1	True	False	False	False	False	False	C
A0A087WSP5	Q9D232	A0A087WSP5	Spns3	True	False	False	False	False	False	C
A0A087WSP5	Q9R112	A0A087WSP5	Sqor	True	False	False	False	False	False	B
A0A087WSP5	P05480	A0A087WSP5	Src	True	False	False	False	False	False	B
A0A087WSP5	Q9WTN3	A0A087WSP5	Srebf1	True	False	False	False	False	False	C
A0A087WSP5	Q4V9W2	A0A087WSP5	Srek1ip1	True	False	False	False	False	False	C
A0A087WSP5	P13609	A0A087WSP5	Srgn	True	False	False	False	False	False	B
A0A087WSP5	Q3U4B1	A0A087WSP5	Q3U4B1	True	False	False	False	False	False	C
A0A087WSP5	P30873	A0A087WSP5	Sstr1	True	False	False	False	False	False	C
A0A087WSP5	P54751	A0A087WSP5	St3gal1	True	False	False	False	False	False	B
A0A087WSP5	Q11204	A0A087WSP5	St3gal2	True	False	False	False	False	False	B
A0A087WSP5	A0A0U1RNK2	A0A087WSP5	A0A0U1RNK2	True	False	False	False	False	False	C
A0A087WSP5	Q64685	A0A087WSP5	St6gal1	True	False	False	False	False	False	B
A0A087WSP5	P70277	A0A087WSP5	St6galnac2	True	False	False	False	False	False	C
A0A087WSP5	Q8K4T1	A0A087WSP5	St8sia6	True	False	False	False	False	False	C
A0A087WSP5	Q9D3E6	A0A087WSP5	Stag1	True	False	False	False	False	False	B
A0A087WSP5	Q923B6	A0A087WSP5	Steap4	True	False	False	False	False	False	C
A0A087WSP5	O55098	A0A087WSP5	Stk10	True	False	False	False	False	False	B
A0A087WSP5	Q7TNL3	A0A087WSP5	Stk40	True	False	False	False	False	False	B
A0A087WSP5	P11031	A0A087WSP5	Sub1	True	False	False	False	False	False	B
A0A087WSP5	E9Q3H4	A0A087WSP5	E9Q3H4	True	False	False	False	False	False	B
A0A087WSP5	Q8BGE4	A0A087WSP5	Susd6	True	False	False	False	False	False	B
A0A087WSP5	Q3UZP4	A0A087WSP5	Svip	True	False	False	False	False	False	C
A0A087WSP5	P48025	A0A087WSP5	Syk	True	False	False	False	False	False	B
A0A087WSP5	Q80X82	A0A087WSP5	Sympk	True	False	False	False	False	False	C
A0A087WSP5	A2ANU3	A0A087WSP5	Syndig1	True	False	False	False	False	False	C
A0A087WSP5	Q78S06	A0A087WSP5	Sys1	True	False	False	False	False	False	C
A0A087WSP5	D6RE24	A0A087WSP5	D6RE24	True	False	False	False	False	False	C
A0A087WSP5	F8VQ95	A0A087WSP5	F8VQ95	True	False	False	False	False	False	B
A0A087WSP5	E9Q8T1	A0A087WSP5	E9Q8T1	True	False	False	False	False	False	C
A0A087WSP5	Q8R0L9	A0A087WSP5	Tada3	True	False	False	False	False	False	C
A0A087WSP5	Q8BQ46	A0A087WSP5	Q8BQ46	True	False	False	False	False	False	C
A0A087WSP5	P97358	A0A087WSP5	Taf1b	True	False	False	False	False	False	B
A0A087WSP5	Q8BYC6	A0A087WSP5	Taok3	True	False	False	False	False	False	B
A0A087WSP5	Q60949	A0A087WSP5	Tbc1d1	True	False	False	False	False	False	B
A0A087WSP5	D3YWM7	A0A087WSP5	D3YWM7	True	False	False	False	False	False	B
A0A087WSP5	Q3U0J8	A0A087WSP5	Tbc1d2b	True	False	False	False	False	False	B
A0A087WSP5	Q80XQ2	A0A087WSP5	Tbc1d5	True	False	False	False	False	False	C
A0A087WSP5	Q3UB74	A0A087WSP5	Tbrg1	True	False	False	False	False	False	C
A0A087WSP5	P36423	A0A087WSP5	Tbxas1	True	False	False	False	False	False	B
A0A087WSP5	Q921K8	A0A087WSP5	Tcaf2	True	False	False	False	False	False	C
A0A087WSP5	E9PVV1	A0A087WSP5	E9PVV1	True	False	False	False	False	False	C
A0A087WSP5	A0A0J9YTU7	A0A087WSP5	A0A0J9YTU7	True	False	False	False	False	False	B
A0A087WSP5	E9QQ91	A0A087WSP5	E9QQ91	True	False	False	False	False	False	B
A0A087WSP5	P56581	A0A087WSP5	Tdg	True	False	False	False	False	False	C
A0A087WSP5	P51865	A0A087WSP5	Cripto	True	False	False	False	False	False	C
A0A087WSP5	Q62296	A0A087WSP5	Tead4	True	False	False	False	False	False	C
A0A087WSP5	P97499	A0A087WSP5	Tep1	True	False	False	False	False	False	C
A0A087WSP5	Q9JKL5	A0A087WSP5	Tesc	True	False	False	False	False	False	C
A0A087WSP5	Q8VCT9	A0A087WSP5	Tesk2	True	False	False	False	False	False	C
A0A087WSP5	D3YZM7	A0A087WSP5	D3YZM7	True	False	False	False	False	False	B
A0A087WSP5	Q08423	A0A087WSP5	Tff1	True	False	False	False	False	False	A
A0A087WSP5	O08710	A0A087WSP5	Tg	True	False	False	False	False	False	B
A0A087WSP5	Q8VDR7	A0A087WSP5	Tgds	True	False	False	False	False	False	C
A0A087WSP5	P82198	A0A087WSP5	Tgfbi	True	False	False	False	False	False	B
A0A087WSP5	P21981	A0A087WSP5	Tgm2	True	False	False	False	False	False	B
A0A087WSP5	P24529	A0A087WSP5	Th	True	False	False	False	False	False	A
A0A087WSP5	A8C756	A0A087WSP5	Thada	True	False	False	False	False	False	B
A0A087WSP5	Q80YQ1	A0A087WSP5	Q80YQ1	True	False	False	False	False	False	C
A0A087WSP5	Q7TMY4	A0A087WSP5	Thoc7	True	False	False	False	False	False	C
A0A087WSP5	G3UWG2	A0A087WSP5	G3UWG2	True	False	False	False	False	False	B
A0A087WSP5	Q6ZPF3	A0A087WSP5	Tiam2	True	False	False	False	False	False	C
A0A087WSP5	Q80UF7	A0A087WSP5	Ticam1	True	False	False	False	False	False	C
A0A087WSP5	Q6PI17	A0A087WSP5	Q6PI17	True	False	False	False	False	False	C
A0A087WSP5	Q62441	A0A087WSP5	Tle4	True	False	False	False	False	False	B
A0A087WSP5	Q9QYM9	A0A087WSP5	Tmeff2	True	False	False	False	False	False	C
A0A087WSP5	Q9CQC4	A0A087WSP5	Tmem216	True	False	False	False	False	False	C
A0A087WSP5	Q9CR67	A0A087WSP5	Tmem33	True	False	False	False	False	False	C
A0A087WSP5	Q9JHJ0	A0A087WSP5	Tmod3	True	False	False	False	False	False	C
A0A087WSP5	Q8BXZ1	A0A087WSP5	Tmx3	True	False	False	False	False	False	B
A0A087WSP5	Q60769	A0A087WSP5	Tnfaip3	True	False	False	False	False	False	B
A0A087WSP5	D3YWJ5	A0A087WSP5	D3YWJ5	True	False	False	False	False	False	B
A0A087WSP5	Q60846	A0A087WSP5	Tnfrsf8	True	False	False	False	False	False	A
A0A087WSP5	P32972	A0A087WSP5	Tnfsf8	True	False	False	False	False	False	B
A0A087WSP5	D3Z3B6	A0A087WSP5	D3Z3B6	True	False	False	False	False	False	B
A0A087WSP5	Q99JG7	A0A087WSP5	Tnip2	True	False	False	False	False	False	C
A0A087WSP5	Q8CGB6	A0A087WSP5	Tns2	True	False	False	False	False	False	C
A0A087WSP5	Q5SSZ5	A0A087WSP5	Tns3	True	False	False	False	False	False	B
A0A087WSP5	Q80W03	A0A087WSP5	Tox3	True	False	False	False	False	False	C
A0A087WSP5	Q9EQJ0	A0A087WSP5	Tpcn1	True	False	False	False	False	False	B
A0A087WSP5	Q9R0M5	A0A087WSP5	Tpk1	True	False	False	False	False	False	C
A0A087WSP5	A2AI08	A0A087WSP5	Tprn	True	False	False	False	False	False	C
A0A087WSP5	P39428	A0A087WSP5	Traf1	True	False	False	False	False	False	B
A0A087WSP5	Q3U0M1	A0A087WSP5	Trappc9	True	False	False	False	False	False	B
A0A087WSP5	Q7TPM3	A0A087WSP5	Trim17	True	False	False	False	False	False	C
A0A087WSP5	Q8R2Q0	A0A087WSP5	Trim29	True	False	False	False	False	False	C
A0A087WSP5	Q3UWA4	A0A087WSP5	Trim40	True	False	False	False	False	False	C
A0A087WSP5	Q80X56	A0A087WSP5	Trim69	True	False	False	False	False	False	B
A0A087WSP5	E9PW10	A0A087WSP5	E9PW10	True	False	False	False	False	False	C
A0A087WSP5	Q0KL02	A0A087WSP5	Trio	True	False	False	False	False	False	B
A0A087WSP5	A0A494BAQ5	A0A087WSP5	A0A494BAQ5	True	False	False	False	False	False	C
A0A087WSP5	G3UW90	A0A087WSP5	G3UW90	True	False	False	False	False	False	B
A0A087WSP5	Q8QZY6	A0A087WSP5	Tspan14	True	False	False	False	False	False	B
A0A087WSP5	Q3U269	A0A087WSP5	Tstd2	True	False	False	False	False	False	C
A0A087WSP5	E9PVB5	A0A087WSP5	Ttc17	True	False	False	False	False	False	C
A0A087WSP5	Q8BS45	A0A087WSP5	Ift56	True	False	False	False	False	False	C
A0A087WSP5	Q9DAC7	A0A087WSP5	Ttc32	True	False	False	False	False	False	C
A0A087WSP5	Q8C0Q3	A0A087WSP5	Ttc34	True	False	False	False	False	False	C
A0A087WSP5	Q8BGB2	A0A087WSP5	Ttc7a	True	False	False	False	False	False	B
A0A087WSP5	E9Q6P5	A0A087WSP5	Ttc7b	True	False	False	False	False	False	B
A0A087WSP5	P68373	A0A087WSP5	Tuba1c	True	False	False	False	False	False	B
A0A087WSP5	Q8BKN5	A0A087WSP5	Tubgcp5	True	False	False	False	False	False	B
A0A087WSP5	P0CG50	A0A087WSP5	Ubc	True	False	False	False	False	False	B
A0A087WSP5	Q6ZWZ2	A0A087WSP5	Ube2r2	True	False	False	False	False	False	C
A0A087WSP5	A2AN08	A0A087WSP5	Ubr4	True	False	False	False	False	False	C
A0A087WSP5	Q99KD5	A0A087WSP5	Unc45a	True	False	False	False	False	False	C
A0A087WSP5	Q9Z2C6	A0A087WSP5	Upk1b	True	False	False	False	False	False	C
A0A087WSP5	Q9CR68	A0A087WSP5	Uqcrfs1	True	False	False	False	False	False	C
A0A087WSP5	P52479	A0A087WSP5	Usp10	True	False	False	False	False	False	B
A0A087WSP5	A2ALR9	A0A087WSP5	A2ALR9	True	False	False	False	False	False	C
A0A087WSP5	Q640M1	A0A087WSP5	Utp14a	True	False	False	False	False	False	B
A0A087WSP5	A0A1W2P8G5	A0A087WSP5	A0A1W2P8G5	True	False	False	False	False	False	B
A0A087WSP5	Q64727	A0A087WSP5	Vcl	True	False	False	False	False	False	C
A0A087WSP5	P97953	A0A087WSP5	Vegfc	True	False	False	False	False	False	A
A0A087WSP5	P97946	A0A087WSP5	Vegfd	True	False	False	False	False	False	A
A0A087WSP5	Q99KU0	A0A087WSP5	Vmp1	True	False	False	False	False	False	B
A0A087WSP5	Q8R1C3	A0A087WSP5	Vopp1	True	False	False	False	False	False	B
A0A087WSP5	Q8BX70	A0A087WSP5	Vps13c	True	False	False	False	False	False	C
A0A087WSP5	Q8CCB4	A0A087WSP5	Vps53	True	False	False	False	False	False	B
A0A087WSP5	Q8BN21	A0A087WSP5	Vrk2	True	False	False	False	False	False	B
A0A087WSP5	A0A171EBK7	A0A087WSP5	A0A171EBK7	True	False	False	False	False	False	B
A0A087WSP5	P32921	A0A087WSP5	Wars1	True	True	False	True	True	False	A
A0A087WSP5	E9Q271	A0A087WSP5	E9Q271	True	False	False	False	False	False	C
A0A087WSP5	Q8C0M0	A0A087WSP5	Wdr59	True	False	False	False	False	False	C
A0A087WSP5	E9QM22	A0A087WSP5	E9QM22	True	False	False	False	False	False	C
A0A087WSP5	Q8K1I7	A0A087WSP5	Wipf1	True	False	False	False	False	False	B
A0A087WSP5	Q3U4G3	A0A087WSP5	Xxylt1	True	False	False	False	False	False	B
A0A087WSP5	F8VPK6	A0A087WSP5	F8VPK6	True	False	False	False	False	False	B
A0A087WSP5	P46938	A0A087WSP5	Yap1	True	False	False	False	False	False	C
A0A087WSP5	Q9D6J3	A0A087WSP5	Yju2	True	False	False	False	False	False	C
A0A087WSP5	Q8CB27	A0A087WSP5	Yod1	True	False	False	False	False	False	C
A0A087WSP5	Q64321	A0A087WSP5	Zbtb7b	True	False	False	False	False	False	B
A0A087WSP5	Q69ZB8	A0A087WSP5	Zcchc2	True	False	False	False	False	False	B
A0A087WSP5	Q9R0G7	A0A087WSP5	Zeb2	True	False	False	False	False	False	B
A0A087WSP5	D3Z3C6	A0A087WSP5	Zfand4	True	False	False	False	False	False	C
A0A087WSP5	Q3UI68	A0A087WSP5	Q3UI68	True	False	False	False	False	False	A
A0A087WSP5	D3Z614	A0A087WSP5	D3Z614	True	False	False	False	False	False	A
A0A087WSP5	P23950	A0A087WSP5	Zfp36l1	True	False	False	False	False	False	B
A0A087WSP5	Q6P1E1	A0A087WSP5	Zmiz1	True	False	False	False	False	False	B
A0A087WSP5	P10751	A0A087WSP5	Zfp11	True	False	False	False	False	False	A
A0A087WSP5	Q4QQP3	A0A087WSP5	Q4QQP3	True	False	False	False	False	False	A
A0A087WSP5	Q0VAW7	A0A087WSP5	Znf112	True	False	False	False	False	False	A
A0A087WSP5	Q7TSI0	A0A087WSP5	Znf12	True	False	False	False	False	False	A
A0A087WSP5	A2ARW3	A0A087WSP5	A2ARW3	True	False	False	False	False	False	A
A0A087WSP5	E9Q3R6	A0A087WSP5	E9Q3R6	True	False	False	False	False	False	A
A0A087WSP5	Q7TSH9	A0A087WSP5	Zfp184	True	False	False	False	False	False	A
A0A087WSP5	P10754	A0A087WSP5	Zfp13	True	False	False	False	False	False	A
A0A087WSP5	Q923D1	A0A087WSP5	Q923D1	True	False	False	False	False	False	A
A0A087WSP5	Q499D5	A0A087WSP5	Q499D5	True	False	False	False	False	False	A
A0A087WSP5	Q91VN1	A0A087WSP5	Znf24	True	False	False	False	False	False	C
A0A087WSP5	Q8BIS1	A0A087WSP5	Q8BIS1	True	False	False	False	False	False	A
A0A087WSP5	Q6PCX8	A0A087WSP5	Q6PCX8	True	False	False	False	False	False	A
A0A087WSP5	Q7TMC9	A0A087WSP5	Q7TMC9	True	False	False	False	False	False	A;D
A0A087WSP5	Q8BIN6	A0A087WSP5	Q8BIN6	True	False	False	False	False	False	A;D
A0A087WSP5	P16372	A0A087WSP5	Zfp58	True	False	False	False	False	False	A;D
A0A087WSP5	Q6P5C7	A0A087WSP5	Znf728	True	False	False	False	False	False	A;D
A0A087WSP5	F2Z422	A0A087WSP5	F2Z422	True	False	False	False	False	False	A;D
A0A087WSP5	L7N1X4	A0A087WSP5	L7N1X4	True	False	False	False	False	False	A;D
A0A087WSP5	Q7M6W8	A0A087WSP5	Q7M6W8	True	False	False	False	False	False	A;D
A0A087WSP5	B8JJX8	A0A087WSP5	B8JJX8	True	False	False	False	False	False	A;D
A0A087WSP5	E9PVC2	A0A087WSP5	E9PVC2	True	False	False	False	False	False	A
A0A087WSP5	Q61751	A0A087WSP5	Znf354a	True	False	False	False	False	False	A
A0A087WSP5	Q8BG89	A0A087WSP5	Znf365	True	False	False	False	False	False	B
A0A087WSP5	Q0VDT2	A0A087WSP5	Znf367	True	False	True	True	False	True	A
A0A087WSP5	Q8BV16	A0A087WSP5	Q8BV16	True	False	False	False	False	False	A
A0A087WSP5	D3Z0X4	A0A087WSP5	D3Z0X4	True	False	False	False	False	False	A
A0A087WSP5	Q5SXI5	A0A087WSP5	Znf496	True	False	False	False	False	False	B
A0A087WSP5	A0A140LJJ1	A0A087WSP5	A0A140LJJ1	True	False	False	False	False	False	C
A0A087WSP5	A0A1B0GSS6	A0A087WSP5	A0A1B0GSS6	True	False	False	False	False	False	C
A0A087WSP5	P10077	A0A087WSP5	Zfp27	True	False	False	False	False	False	A
A0A087WSP5	E9Q2M4	A0A087WSP5	E9Q2M4	True	False	False	False	False	False	A
A0A087WSP5	Q8BKK5	A0A087WSP5	Znf689	True	False	False	False	False	False	A
A0A087WSP5	E9PZQ8	A0A087WSP5	E9PZQ8	True	False	False	False	False	False	A
A0A087WSP5	E9QAP1	A0A087WSP5	E9QAP1	True	False	False	False	False	False	A
A0A087WSP5	B9EKF4	A0A087WSP5	B9EKF4	True	False	False	False	False	False	A
A0A087WSP5	Q8BV42	A0A087WSP5	Znf786	True	False	False	False	False	False	A
A0A087WSP5	Q8BGV5	A0A087WSP5	Znf8	True	False	False	False	False	False	A
A0A087WSP5	A0A087WRR3	A0A087WSP5	A0A087WRR3	True	False	False	False	False	False	A
A0A087WSP5	A2ARW1	A0A087WSP5	A2ARW1	True	False	False	False	False	False	A
A0A087WSP5	A2ARR5	A0A087WSP5	A2ARR5	True	False	False	False	False	False	A
A0A087WSP5	A2BFU4	A0A087WSP5	A2BFU4	True	False	False	False	False	False	A
A0A087WSP5	Q8BI99	A0A087WSP5	Znf879	True	False	False	False	False	False	A
A0A087WSP5	A0A7N9VSH7	A0A087WSP5	A0A7N9VSH7	True	False	False	False	False	False	B
Q3V157	P30280	Q3V157	Ccnd2	True	False	False	False	False	False	B
Q3V157	P39689	Q3V157	Cdkn1a	True	False	False	False	False	False	C
Q3V157	Q62225	Q3V157	Cish	True	False	False	False	False	False	C
P42230	Q80T21	Stat5a	Adamtsl4	True	False	False	False	False	False	C
P42230	A0A0R4J020	Stat5a	A0A0R4J020	True	False	False	False	False	False	C
P42230	P47774	Stat5a	Ccr7	True	False	False	False	False	False	C
P42230	P27512	Stat5a	Cd40	True	False	False	False	False	False	B
P42230	Q9JME2	Stat5a	Chst11	True	False	False	False	False	False	C
P42230	E9Q1U6	Stat5a	E9Q1U6	True	False	False	False	False	False	C
P42230	P10605	Stat5a	Ctsb	True	False	False	False	False	False	C
P42230	Q7TNV0	Stat5a	Dek	True	False	False	False	False	False	C
P42230	Q99N11	Stat5a	Dusp22	True	False	False	False	False	False	C
P42230	Q4PZA2	Stat5a	Ece1	True	False	False	False	False	False	C
P42230	P97360	Stat5a	Etv6	True	False	False	False	False	False	B
P42230	Q80TY0	Stat5a	Fnbp1	True	False	False	False	False	False	C
P42230	A0A0R4J0F6	Stat5a	A0A0R4J0F6	True	False	False	False	False	False	C
P42230	Q3UQ44	Stat5a	Iqgap2	True	False	False	False	False	False	C
P42230	Q9JLJ0	Stat5a	Litaf	True	False	False	False	False	False	C
P42230	Q3TFD2	Stat5a	Lpcat1	True	False	False	False	False	False	C
P42230	F8WJC4	Stat5a	F8WJC4	True	False	False	False	False	False	C
P42230	A0A087WQP2	Stat5a	A0A087WQP2	True	False	False	False	False	False	C
P42230	Q924H2	Stat5a	Med15	True	False	False	False	False	False	C
P42230	G5E8D8	Stat5a	G5E8D8	True	False	False	False	False	False	C
P42230	P59114	Stat5a	Pcif1	True	False	False	False	False	False	C
P42230	O70400	Stat5a	Pdlim1	True	False	False	False	False	False	C
P42230	Q5SW28	Stat5a	Pik3r5	True	False	False	False	False	False	C
P42230	O70172	Stat5a	Pip4k2a	True	False	False	False	False	False	C
P42230	P31324	Stat5a	Prkar2b	True	False	False	False	False	False	C
P42230	Q9QVP9	Stat5a	Ptk2b	True	False	False	False	False	False	C
P42230	Q80TZ9	Stat5a	Rere	True	False	False	False	False	False	B
P42230	P59729	Stat5a	Rin3	True	False	False	False	False	False	C
P42230	Q8R4Y8	Stat5a	Rttn	True	False	False	False	False	False	C
P42230	O55098	Stat5a	Stk10	True	False	False	False	False	False	C
P42230	P70347	Stat5a	Tank	True	False	False	False	False	False	C
P42230	Q80XQ2	Stat5a	Tbc1d5	True	False	False	False	False	False	C
P42230	E9PVV1	Stat5a	E9PVV1	True	False	False	False	False	False	C
P42230	Q6ZPF3	Stat5a	Tiam2	True	False	False	False	False	False	C
P42230	D3YWJ5	Stat5a	D3YWJ5	True	False	False	False	False	False	C
P42230	Q60846	Stat5a	Tnfrsf8	True	False	False	False	False	False	C
P42230	D3Z3B6	Stat5a	D3Z3B6	True	False	False	False	False	False	C
P42230	Q8BG60	Stat5a	Txnip	True	False	False	False	False	False	C
P42230	A2ALR9	Stat5a	A2ALR9	True	False	False	False	False	False	C
P42230	Q8BG89	Stat5a	Znf365	True	False	False	False	False	False	C
P42232	Q80YS6	Stat5b	Afap1	True	False	False	False	False	False	C
P42232	E9Q394	Stat5b	Akap13	True	False	False	False	False	False	C
P42232	P30355	Stat5b	Alox5ap	True	False	False	False	False	False	C
P42232	B2RXR6	Stat5b	Ankrd44	True	False	False	False	False	False	C
P42232	Q6DFX2	Stat5b	Antxr2	True	False	False	False	False	False	C
P42232	Q6ZQ82	Stat5b	Arhgap26	True	False	False	False	False	False	C
P42232	Q9QWY8	Stat5b	Asap1	True	False	False	False	False	False	C
P42232	Q3TTA7	Stat5b	Cblb	True	False	False	False	False	False	C
P42232	P30282	Stat5b	Ccnd3	True	False	False	False	False	False	A
P42232	Q62192	Stat5b	Cd180	True	False	False	False	False	False	C
P42232	O35732	Stat5b	Cflar	True	False	False	False	False	False	C
P42232	Q91X84	Stat5b	Crtc3	True	False	False	False	False	False	C
P42232	Q8BJQ9	Stat5b	Csgalnact1	True	False	False	False	False	False	C
P42232	A0A1L1SUW5	Stat5b	A0A1L1SUW5	True	False	False	False	False	False	C
P42232	E9PUQ8	Stat5b	Dgkd	True	False	False	False	False	False	C
P42232	Q99N11	Stat5b	Dusp22	True	False	False	False	False	False	C
P42232	Q4PZA2	Stat5b	Ece1	True	False	False	False	False	False	C
P42232	Q8K0G5	Stat5b	Eipr1	True	False	False	False	False	False	C
P42232	Q3TGF2	Stat5b	Fam107b	True	False	False	False	False	False	C
P42232	H3BJ24	Stat5b	H3BJ24	True	False	False	False	False	False	C
P42232	Q8VDC1	Stat5b	Fyco1	True	False	False	False	False	False	C
P42232	P39688	Stat5b	Fyn	True	False	False	False	False	False	C
P42232	Q6NZM9	Stat5b	Hdac4	True	False	False	False	False	False	C
P42232	A0A0R4J0S2	Stat5b	A0A0R4J0S2	True	False	False	False	False	False	C
P42232	P16382	Stat5b	Il4r	True	False	False	False	False	False	B
P42232	D3YUD3	Stat5b	D3YUD3	True	False	False	False	False	False	C
P42232	P11881	Stat5b	Itpr1	True	False	False	False	False	False	C
P42232	Q8BFW7	Stat5b	Lpp	True	False	False	False	False	False	C
P42232	G5E8Q0	Stat5b	G5E8Q0	True	False	False	False	False	False	C
P42232	A0A0A6YVV8	Stat5b	A0A0A6YVV8	True	False	False	False	False	False	C
P42232	Q3UW53	Stat5b	Niban1	True	False	False	False	False	False	C
P42232	Q8K212	Stat5b	Pacs1	True	False	False	False	False	False	C
P42232	Q9WVE8	Stat5b	Pacsin2	True	False	False	False	False	False	C
P42232	Q8BHF7	Stat5b	Pgs1	True	False	False	False	False	False	C
P42232	B1AS24	Stat5b	B1AS24	True	False	False	False	False	False	C
P42232	P06803	Stat5b	Pim1	True	True	False	True	True	False	A
P42232	O70172	Stat5b	Pip4k2a	True	False	False	False	False	False	C
P42232	Q8BZ97	Stat5b	Prdm8	True	False	False	False	False	False	C
P42232	Q9WU22	Stat5b	Ptpn4	True	False	False	False	False	False	C
P42232	Q91ZZ2	Stat5b	Q91ZZ2	True	False	False	False	False	False	C
P42232	Q60790	Stat5b	Rasa3	True	False	False	False	False	False	C
P42232	Q91W59	Stat5b	Rbms1	True	False	False	False	False	False	C
P42232	P31266	Stat5b	Rbpj	True	False	False	False	False	False	C
P42232	Q80TZ9	Stat5b	Rere	True	False	False	False	False	False	C
P42232	P59729	Stat5b	Rin3	True	False	False	False	False	False	C
P42232	A8Y5H7	Stat5b	Sec14l1	True	False	False	False	False	False	C
P42232	Q8C0T5	Stat5b	Sipa1l1	True	False	False	False	False	False	C
P42232	B1AUF1	Stat5b	B1AUF1	True	False	False	False	False	False	C
P42232	Q8BUN5	Stat5b	Smad3	True	False	False	False	False	False	C
P42232	Q8R570	Stat5b	Snap47	True	False	False	False	False	False	C
P42232	Q8K4L3	Stat5b	Svil	True	False	False	False	False	False	B
P42232	Q3U0J8	Stat5b	Tbc1d2b	True	False	False	False	False	False	C
P42232	Q64729	Stat5b	Tgfbr1	True	False	False	False	False	False	C
P42232	A0A0R4J097	Stat5b	A0A0R4J097	True	False	False	False	False	False	C
P42232	Q0KL02	Stat5b	Trio	True	False	False	False	False	False	C
P42232	O88413	Stat5b	Tulp3	True	False	False	False	False	False	C
P42232	Q8K1I7	Stat5b	Wipf1	True	False	False	False	False	False	B
P42232	Q6P1E1	Stat5b	Zmiz1	True	False	False	False	False	False	C
P42232	Q8BFX2	Stat5b	Q8BFX2	True	False	False	False	False	False	C
P22091	O35600	Tal1	Abca4	True	False	False	False	False	False	B
P22091	E9Q236	Tal1	Abcc4	True	False	False	False	False	False	B
P22091	P51829	Tal1	Adcy7	True	False	False	False	False	False	C
P22091	Q9QYB5	Tal1	Add3	True	False	False	False	False	False	B
P22091	A0A571BEJ4	Tal1	A0A571BEJ4	True	False	False	False	False	False	B
P22091	B8JJE0	Tal1	B8JJE0	True	False	False	False	False	False	B
P22091	Q8C138	Tal1	Adtrp	True	False	False	False	False	False	C
P22091	B1AVP1	Tal1	B1AVP1	True	False	False	False	False	False	B
P22091	E9Q552	Tal1	E9Q552	True	False	False	False	False	False	B
P22091	E9Q394	Tal1	Akap13	True	False	False	False	False	False	B
P22091	O08739	Tal1	Ampd3	True	False	False	False	False	False	B
P22091	O08538	Tal1	Angpt1	True	False	False	False	False	False	B
P22091	B2RXR6	Tal1	Ankrd44	True	False	False	False	False	False	B
P22091	Q8CFW1	Tal1	Ano2	True	False	False	False	False	False	B
P22091	Q6DFX2	Tal1	Antxr2	True	False	False	False	False	False	B
P22091	P97429	Tal1	Anxa4	True	False	False	False	False	False	B
P22091	P12023	Tal1	App	True	False	False	False	False	False	B
P22091	Q811M1	Tal1	Arhgap15	True	False	False	False	False	False	B
P22091	Q8K0Q5	Tal1	Arhgap18	True	False	False	False	False	False	B
P22091	B7ZCJ0	Tal1	B7ZCJ0	True	False	False	False	False	False	C
P22091	Q8BL80	Tal1	Arhgap22	True	False	False	False	False	False	B
P22091	Q8BYW1	Tal1	Arhgap25	True	False	False	False	False	False	B
P22091	Q6ZQ82	Tal1	Arhgap26	True	False	False	False	False	False	B
P22091	A2AB59	Tal1	Arhgap27	True	False	False	False	False	False	C
P22091	O54834	Tal1	Arhgap6	True	False	False	False	False	False	B
P22091	Q91X46	Tal1	Arhgef3	True	False	False	False	False	False	B
P22091	A2BH40	Tal1	Arid1a	True	False	False	False	False	False	C
P22091	A0A338P6U8	Tal1	A0A338P6U8	True	False	False	False	False	False	B
P22091	Q9Z1N7	Tal1	Arid3b	True	False	False	False	False	False	C
P22091	Q3TYD4	Tal1	Arsg	True	False	False	False	False	False	B
P22091	Q9QWY8	Tal1	Asap1	True	False	False	False	False	False	C
P22091	Q64518	Tal1	Atp2a3	True	False	False	False	False	False	C
P22091	Q6Q477	Tal1	Atp2b4	True	False	False	False	False	False	B
P22091	Q80XR2	Tal1	Atp2c1	True	False	False	False	False	False	C
P22091	Q9Z1G4	Tal1	Atp6v0a1	True	False	False	False	False	False	B
P22091	A0A7N9VSJ5	Tal1	A0A7N9VSJ5	True	False	False	False	False	False	B
P22091	Q8VHV1	Tal1	Baalc	True	False	False	False	False	False	C
P22091	P97303	Tal1	Bach2	True	False	False	False	False	False	B
P22091	Q9QZK2	Tal1	Bcar3	True	False	False	False	False	False	B
P22091	P24288	Tal1	Bcat1	True	False	False	False	False	False	B
P22091	Q6PAJ1	Tal1	Bcr	True	False	False	False	False	False	B
P22091	O35185	Tal1	Bhlhe40	True	False	False	False	False	False	B
P22091	P61215	Tal1	Ca10	True	False	False	False	False	False	C
P22091	A0A1W2P731	Tal1	A0A1W2P731	True	False	False	False	False	False	B
P22091	P40124	Tal1	Cap1	True	False	False	False	False	False	B
P22091	P47757	Tal1	Capzb	True	False	False	False	False	False	B
P22091	Q6EDY6	Tal1	Carmil1	True	False	False	False	False	False	B
P22091	O89110	Tal1	Casp8	True	False	False	False	False	False	C
P22091	P51125	Tal1	Cast	True	False	False	False	False	False	B
P22091	Q3TTA7	Tal1	Cblb	True	False	False	False	False	False	B
P22091	Q6VGS5	Tal1	Ccdc88c	True	False	False	False	False	False	B
P22091	Q9D8L5	Tal1	Ccdc91	True	False	False	False	False	False	B
P22091	P30282	Tal1	Ccnd3	True	False	False	False	False	False	B
P22091	Q8BGH7	Tal1	Cdc42se2	True	False	False	False	False	False	B
P22091	Q9WTR5	Tal1	Cdh13	True	False	False	False	False	False	A
P22091	Q8K389	Tal1	Cdk5rap2	True	False	False	False	False	False	B
P22091	Q64261	Tal1	Cdk6	True	False	False	False	False	False	B
P22091	Q91WE6	Tal1	Cdkal1	True	False	False	False	False	False	B
P22091	Q9WTK2	Tal1	Cdyl	True	False	False	False	False	False	B
P22091	Q9Z0H4	Tal1	Celf2	True	False	False	False	False	False	C
P22091	Q5FWI3	Tal1	Cemip2	True	False	False	False	False	False	B
P22091	Q6IQY5	Tal1	Cep70	True	False	False	False	False	False	C
P22091	Q8BYH8	Tal1	Chd9	True	False	False	False	False	False	B
P22091	Q3V2R3	Tal1	Q3V2R3	True	False	False	False	False	False	B
P22091	Q6ZQ11	Tal1	Chsy1	True	False	False	False	False	False	C
P22091	Q80U30	Tal1	Clec16a	True	False	False	False	False	False	B
P22091	Q8BXK9	Tal1	Clic5	True	False	False	False	False	False	C
P22091	Q06890	Tal1	Clu	True	False	False	False	False	False	C
P22091	Q6ZWS4	Tal1	Cnih3	True	False	False	False	False	False	B
P22091	Q8BMA3	Tal1	Cnksr3	True	False	False	False	False	False	B
P22091	Q9WUM4	Tal1	Coro1c	True	False	False	False	False	False	B
P22091	Q8BH52	Tal1	Creb3l2	True	False	False	False	False	False	B
P22091	Q60571	Tal1	Crhbp	True	False	False	False	False	False	C
P22091	Q9JLL0	Tal1	Crim1	True	False	False	False	False	False	B
P22091	Q8BJQ9	Tal1	Csgalnact1	True	False	False	False	False	False	C
P22091	E9Q1U6	Tal1	E9Q1U6	True	False	False	False	False	False	B
P22091	Q9CWL8	Tal1	Ctnnbl1	True	False	False	False	False	False	B
P22091	Q9JLB4	Tal1	Cubn	True	False	False	False	False	False	B
P22091	Q60720	Tal1	Cyb561	True	False	False	False	False	False	C
P22091	Q3TZ02	Tal1	Q3TZ02	True	False	False	False	False	False	B
P22091	Q8BPM0	Tal1	Daam1	True	False	False	False	False	False	B
P22091	Q8K382	Tal1	Dennd1a	True	False	False	False	False	False	B
P22091	P61460	Tal1	Depdc5	True	False	False	False	False	False	C
P22091	Q8CI75	Tal1	Dis3l2	True	False	False	False	False	False	B
P22091	P11531	Tal1	Dmd	True	False	False	False	False	False	B
P22091	Q8C4C9	Tal1	Q8C4C9	True	False	False	False	False	False	B
P22091	Q80TZ3	Tal1	Dnajc6	True	False	False	False	False	False	B
P22091	Q8BZN6	Tal1	Dock10	True	False	False	False	False	False	B
P22091	Q8C3J5	Tal1	Dock2	True	False	False	False	False	False	B
P22091	Q8CHR6	Tal1	Dpyd	True	False	False	False	False	False	C
P22091	Q9ESS0	Tal1	Dusp10	True	False	False	False	False	False	B
P22091	P22387	Tal1	Edn1	True	False	False	False	False	False	C
P22091	A0A0R4J0H9	Tal1	A0A0R4J0H9	True	False	False	False	False	False	B
P22091	Q8BPU7	Tal1	Elmo1	True	False	False	False	False	False	A
P22091	Q9R0H2	Tal1	Emcn	True	False	False	False	False	False	B
P22091	P97481	Tal1	Epas1	True	False	False	False	False	False	B
P22091	Q60902	Tal1	Eps15l1	True	False	False	False	False	False	B
P22091	Q9DC16	Tal1	Ergic1	True	False	False	False	False	False	B
P22091	P41164	Tal1	Etv1	True	False	False	False	False	False	C
P22091	P97360	Tal1	Etv6	True	False	False	False	False	False	B
P22091	P70429	Tal1	Evl	True	False	False	False	False	False	B
P22091	Q3TGF2	Tal1	Fam107b	True	False	False	False	False	False	B
P22091	Q7TNF9	Tal1	Fam117a	True	False	False	False	False	False	B
P22091	Q8BGI4	Tal1	Fam13a	True	False	False	False	False	False	B
P22091	Q5SRY7	Tal1	Fbxw11	True	False	False	False	False	False	B
P22091	Q91ZT5	Tal1	Fgd4	True	False	False	False	False	False	B
P22091	A2AJL3	Tal1	Fggy	True	False	False	False	False	False	B
P22091	O70433	Tal1	Fhl2	True	False	False	False	False	False	B
P22091	D3YUC5	Tal1	D3YUC5	True	False	False	False	False	False	B
P22091	Q499D0	Tal1	Foxn3	True	False	False	False	False	False	B
P22091	H3BJ24	Tal1	H3BJ24	True	False	False	False	False	False	B
P22091	Q8BIE6	Tal1	Frmd4a	True	False	False	False	False	False	B
P22091	Q920B0	Tal1	Frmd4b	True	False	False	False	False	False	B
P22091	F8VQ05	Tal1	F8VQ05	True	False	False	False	False	False	B
P22091	P39688	Tal1	Fyn	True	False	False	False	False	False	C
P22091	Q6PB93	Tal1	Galnt2	True	False	False	False	False	False	B
P22091	Q8C7U7	Tal1	Galnt6	True	False	False	False	False	False	B
P22091	Q8CFB4	Tal1	Gbp5	True	False	False	False	False	False	C
P22091	Q6T5E4	Tal1	Q6T5E4	True	False	False	False	False	False	C
P22091	Q3UHD2	Tal1	Gfod1	True	False	False	False	False	False	B
P22091	Q8K0C9	Tal1	Gmds	True	False	False	False	False	False	B
P22091	P27600	Tal1	Gna12	True	False	False	False	False	False	B
P22091	P21279	Tal1	Gnaq	True	False	False	False	False	False	B
P22091	Q8CB44	Tal1	Gramd4	True	False	False	False	False	False	B
P22091	O89100	Tal1	Grap2	True	False	False	False	False	False	C
P22091	Q60760	Tal1	Grb10	True	False	False	False	False	False	B
P22091	G5E8D5	Tal1	G5E8D5	True	False	False	False	False	False	B
P22091	Q3U3C9	Tal1	Gse1	True	False	False	False	False	False	B
P22091	Q8BW56	Tal1	Gtdc1	True	False	False	False	False	False	B
P22091	Q69ZS7	Tal1	Hbs1l	True	False	False	False	False	False	B
P22091	A0A1B0GSQ5	Tal1	A0A1B0GSQ5	True	False	False	False	False	False	B
P22091	E9PZP8	Tal1	E9PZP8	True	False	False	False	False	False	B
P22091	Q3UHF7	Tal1	Hivep2	True	False	False	False	False	False	B
P22091	A2A884	Tal1	Hivep3	True	False	False	False	False	False	B
P22091	P09026	Tal1	Hoxb3	True	False	False	False	False	False	C
P22091	P62748	Tal1	Hpcal1	True	False	False	False	False	False	B
P22091	O89113	Tal1	Ier5	True	False	False	False	False	False	B
P22091	P13504	Tal1	Il1r1	True	False	False	False	False	False	B
P22091	P10168	Tal1	Il7	True	False	False	False	False	False	C
P22091	Q3UQ44	Tal1	Iqgap2	True	False	False	False	False	False	B
P22091	B8JK39	Tal1	Itga9	True	False	False	False	False	False	C
P22091	A0A338P795	Tal1	A0A338P795	True	False	False	False	False	False	B
P22091	P11881	Tal1	Itpr1	True	False	False	False	False	False	B
P22091	Q9Z329	Tal1	Itpr2	True	False	False	False	False	False	B
P22091	Q62315	Tal1	Jarid2	True	False	False	False	False	False	B
P22091	Q5DTX6	Tal1	Jcad	True	False	False	False	False	False	B
P22091	A2CG49	Tal1	Kalrn	True	False	False	False	False	False	B
P22091	A0A087WQN5	Tal1	A0A087WQN5	True	False	False	False	False	False	B
P22091	Q9CZM9	Tal1	Kcnmb2	True	False	False	False	False	False	B
P22091	Q8VCD7	Tal1	Kdm4c	True	False	False	False	False	False	B
P22091	B1AY49	Tal1	B1AY49	True	False	False	False	False	False	B
P22091	O88713	Tal1	Klrg1	True	False	False	False	False	False	C
P22091	Q8BYR2	Tal1	Lats1	True	False	False	False	False	False	C
P22091	O55203	Tal1	Ldb2	True	False	False	False	False	False	C
P22091	Q8BWJ4	Tal1	Ldlrad4	True	False	False	False	False	False	B
P22091	Q8BGA2	Tal1	Lhfpl2	True	False	False	False	False	False	B
P22091	Q9QXD8	Tal1	Limd1	True	False	False	False	False	False	B
P22091	A0A0R4J005	Tal1	A0A0R4J005	True	False	False	False	False	False	B
P22091	Q8BFW7	Tal1	Lpp	True	False	False	False	False	False	B
P22091	P62046	Tal1	Lrch1	True	False	False	False	False	False	B
P22091	Q3UZ39	Tal1	Lrrfip1	True	False	False	False	False	False	B
P22091	A0A3Q4EGK3	Tal1	A0A3Q4EGK3	True	False	False	False	False	False	B
P22091	P08071	Tal1	Ltf	True	False	False	False	False	False	C
P22091	P25911	Tal1	Lyn	True	False	False	False	False	False	B
P22091	Q6RHR9	Tal1	Magi1	True	False	False	False	False	False	C
P22091	D4QGC2	Tal1	D4QGC2	True	False	False	False	False	False	B
P22091	O35099	Tal1	Map3k5	True	False	False	False	False	False	B
P22091	Q811L6	Tal1	Mast4	True	False	False	False	False	False	B
P22091	A0A0A6YVV8	Tal1	A0A0A6YVV8	True	False	False	False	False	False	B
P22091	P04370	Tal1	Mbp	True	False	False	False	False	False	B
P22091	E9PW38	Tal1	E9PW38	True	False	False	False	False	False	B
P22091	G3UZT5	Tal1	G3UZT5	True	False	False	False	False	False	B
P22091	O35678	Tal1	Mgll	True	False	False	False	False	False	B
P22091	A0A1Y7VP67	Tal1	A0A1Y7VP67	True	False	False	False	False	False	B
P22091	Q8VHK5	Tal1	Mlc1	True	False	False	False	False	False	C
P22091	Q9CXW2	Tal1	Mrps22	True	False	False	False	False	False	B
P22091	Q8BK72	Tal1	Mrps27	True	False	False	False	False	False	B
P22091	Q920Q6	Tal1	Msi2	True	False	False	False	False	False	B
P22091	P26041	Tal1	Msn	True	False	False	False	False	False	B
P22091	G3X9H7	Tal1	G3X9H7	True	False	False	False	False	False	B
P22091	Q7TPH6	Tal1	Mycbp2	True	False	False	False	False	False	B
P22091	B1AR69	Tal1	B1AR69	True	False	False	False	False	False	C
P22091	Q6PDN3	Tal1	Mylk	True	False	False	False	False	False	B
P22091	Q69ZN7	Tal1	Myof	True	False	False	False	False	False	B
P22091	V9GXT3	Tal1	V9GXT3	True	False	False	False	False	False	B
P22091	E9PY55	Tal1	E9PY55	True	False	False	False	False	False	B
P22091	A0A0R4J212	Tal1	A0A0R4J212	True	False	False	False	False	False	B
P22091	Q9ES70	Tal1	Nek6	True	False	False	False	False	False	B
P22091	Q9ES74	Tal1	Nek7	True	False	False	False	False	False	B
P22091	Q02780	Tal1	Nfia	True	False	False	False	False	False	B
P22091	O54949	Tal1	Nlk	True	False	False	False	False	False	B
P22091	Q9QXL8	Tal1	Nme7	True	False	False	False	False	False	B
P22091	Q810U4	Tal1	Nrcam	True	False	False	False	False	False	B
P22091	A0A140LIG9	Tal1	A0A140LIG9	True	False	False	False	False	False	B
P22091	O35375	Tal1	Nrp2	True	False	False	False	False	False	B
P22091	P0DI97	Tal1	Nrxn1	True	False	False	False	False	False	B
P22091	Q9CS84	Tal1	Nrxn1	True	False	False	False	False	False	B
P22091	E9Q3G8	Tal1	Nup153	True	False	False	False	False	False	C
P22091	Q8VGI2	Tal1	Q8VGI2	True	False	False	False	False	False	C
P22091	Q7TRX9	Tal1	Q7TRX9	True	False	False	False	False	False	C
P22091	Q9WVE8	Tal1	Pacsin2	True	False	False	False	False	False	B
P22091	A2API8	Tal1	A2API8	True	False	False	False	False	False	B
P22091	P97467	Tal1	Pam	True	False	False	False	False	False	B
P22091	Q9CSB4	Tal1	Pard3b	True	False	False	False	False	False	B
P22091	Q9ES46	Tal1	Parvb	True	False	False	False	False	False	B
P22091	Q5DU28	Tal1	Pcnx2	True	False	False	False	False	False	C
P22091	Q8VBU5	Tal1	Q8VBU5	True	False	False	False	False	False	B
P22091	Q01063	Tal1	Pde4d	True	False	False	False	False	False	B
P22091	Q2M3X8	Tal1	Phactr1	True	False	False	False	False	False	B
P22091	Q8CHE4	Tal1	Phlpp1	True	False	False	False	False	False	B
P22091	Q9ET66	Tal1	Pi16	True	False	False	False	False	False	C
P22091	Q9EQ32	Tal1	Pik3ap1	True	False	False	False	False	False	C
P22091	D3Z091	Tal1	D3Z091	True	False	False	False	False	False	B
P22091	P26450	Tal1	Pik3r1	True	False	False	False	False	False	B
P22091	O70172	Tal1	Pip4k2a	True	False	False	False	False	False	B
P22091	Q6ZPQ6	Tal1	Pitpnm2	True	False	False	False	False	False	B
P22091	P97819	Tal1	Pla2g6	True	False	False	False	False	False	B
P22091	Q8R3U1	Tal1	Plaat3	True	False	False	False	False	False	C
P22091	Q9Z1B3	Tal1	Plcb1	True	False	False	False	False	False	B
P22091	Q8K394	Tal1	Plcl2	True	False	False	False	False	False	B
P22091	Q9JJ00	Tal1	Plscr1	True	False	False	False	False	False	C
P22091	Q69ZK0	Tal1	Prex1	True	False	False	False	False	False	B
P22091	Q91WG5	Tal1	Prkag2	True	False	False	False	False	False	B
P22091	P31324	Tal1	Prkar2b	True	False	False	False	False	False	B
P22091	P68404	Tal1	Prkcb	True	False	False	False	False	False	B
P22091	P16054	Tal1	Prkce	True	False	False	False	False	False	B
P22091	P23298	Tal1	Prkch	True	False	False	False	False	False	B
P22091	Q812A5	Tal1	Prr5	True	False	False	False	False	False	C
P22091	A2AVJ5	Tal1	Prr5l	True	False	False	False	False	False	B
P22091	Q52KR3	Tal1	Prune2	True	False	False	False	False	False	B
P22091	P34152	Tal1	Ptk2	True	False	False	False	False	False	B
P22091	P49446	Tal1	Ptpre	True	False	False	False	False	False	B
P22091	P61027	Tal1	Rab10	True	False	False	False	False	False	C
P22091	Q99P58	Tal1	Rab27b	True	False	False	False	False	False	B
P22091	O35719	Tal1	Rad51b	True	False	False	False	False	False	B
P22091	Q5SVL6	Tal1	Rap1gap2	True	False	False	False	False	False	B
P22091	Q91ZZ2	Tal1	Q91ZZ2	True	False	False	False	False	False	B
P22091	Q9CR83	Tal1	Rbm18	True	False	False	False	False	False	C
P22091	Q91W59	Tal1	Rbms1	True	False	False	False	False	False	B
P22091	Q8BWL5	Tal1	Rbms3	True	False	False	False	False	False	B
P22091	Q99KK1	Tal1	Reep3	True	False	False	False	False	False	C
P22091	Q80TZ9	Tal1	Rere	True	False	False	False	False	False	B
P22091	A0A087WNZ9	Tal1	A0A087WNZ9	True	False	False	False	False	False	B
P22091	P59729	Tal1	Rin3	True	False	False	False	False	False	B
P22091	Q9WUT3	Tal1	Rps6ka2	True	False	False	False	False	False	B
P22091	A2ACM0	Tal1	A2ACM0	True	False	False	False	False	False	B
P22091	Q3UH06	Tal1	Rreb1	True	False	False	False	False	False	B
P22091	Q99P72	Tal1	Rtn4	True	False	False	False	False	False	B
P22091	Q8R4Y8	Tal1	Rttn	True	False	False	False	False	False	B
P22091	A0A140LJK7	Tal1	A0A140LJK7	True	False	False	False	False	False	B
P22091	B9EJL3	Tal1	B9EJL3	True	False	False	False	False	False	C
P22091	F8VQK5	Tal1	F8VQK5	True	False	False	False	False	False	B
P22091	O09126	Tal1	Sema4d	True	False	False	False	False	False	C
P22091	Q8BHJ6	Tal1	Serinc5	True	False	False	False	False	False	B
P22091	O09039	Tal1	Sh2b3	True	False	False	False	False	False	C
P22091	Q9Z131	Tal1	Sh3bp5	True	False	False	False	False	False	B
P22091	Q8R550	Tal1	Sh3kbp1	True	False	False	False	False	False	B
P22091	O89032	Tal1	Sh3pxd2a	True	False	False	False	False	False	C
P22091	Q8BZT2	Tal1	Sh3rf2	True	False	False	False	False	False	C
P22091	G3X9F6	Tal1	G3X9F6	True	False	False	False	False	False	B
P22091	D3Z5K8	Tal1	D3Z5K8	True	False	False	False	False	False	C
P22091	Q6P4S6	Tal1	Sik3	True	False	False	False	False	False	B
P22091	Q9EPK6	Tal1	Sil1	True	False	False	False	False	False	B
P22091	Q80TE4	Tal1	Sipa1l2	True	False	False	False	False	False	B
P22091	E9Q9W4	Tal1	Slc27a6	True	False	False	False	False	False	C
P22091	Q8R070	Tal1	Slc37a1	True	False	False	False	False	False	B
P22091	Q9JHI9	Tal1	Slc40a1	True	False	False	False	False	False	C
P22091	Q9D7Y9	Tal1	Slx4ip	True	False	False	False	False	False	B
P22091	Q8BUN5	Tal1	Smad3	True	False	False	False	False	False	B
P22091	P61406	Tal1	Smg6	True	False	False	False	False	False	B
P22091	Q99K82	Tal1	Smox	True	False	False	False	False	False	B
P22091	Q9CWR2	Tal1	Smyd3	True	False	False	False	False	False	B
P22091	Q02085	Tal1	Snai1	True	False	False	False	False	False	C
P22091	Q78PY7	Tal1	Snd1	True	False	False	False	False	False	B
P22091	A0A5F8MPJ2	Tal1	A0A5F8MPJ2	True	False	False	False	False	False	B
P22091	Q9QXV9	Tal1	Spry1	True	False	False	False	False	False	B
P22091	Q3UGX2	Tal1	Q3UGX2	True	False	False	False	False	False	C
P22091	Q9CYZ8	Tal1	Ssbp2	True	False	False	False	False	False	B
P22091	P54751	Tal1	St3gal1	True	False	False	False	False	False	B
P22091	Q64685	Tal1	St6gal1	True	False	False	False	False	False	C
P22091	Q99M96	Tal1	St7	True	False	False	False	False	False	C
P22091	A0A0J9YTR8	Tal1	A0A0J9YTR8	True	False	False	False	False	False	B
P22091	P70302	Tal1	Stim1	True	False	False	False	False	False	B
P22091	O55098	Tal1	Stk10	True	False	False	False	False	False	B
P22091	Q9JJX8	Tal1	Stk32b	True	False	False	False	False	False	B
P22091	E9Q3H4	Tal1	E9Q3H4	True	False	False	False	False	False	B
P22091	Q8K4L3	Tal1	Svil	True	False	False	False	False	False	B
P22091	Q8JZP2	Tal1	Syn3	True	False	False	False	False	False	B
P22091	D3YWM9	Tal1	D3YWM9	True	False	False	False	False	False	B
P22091	V9GX40	Tal1	V9GX40	True	False	False	False	False	False	C
P22091	F8VQ95	Tal1	F8VQ95	True	False	False	False	False	False	B
P22091	Q0VGY8	Tal1	Tanc1	True	False	False	False	False	False	B
P22091	A2A690	Tal1	Tanc2	True	False	False	False	False	False	C
P22091	Q8BYC6	Tal1	Taok3	True	False	False	False	False	False	B
P22091	Q60949	Tal1	Tbc1d1	True	False	False	False	False	False	B
P22091	D3YWM7	Tal1	D3YWM7	True	False	False	False	False	False	B
P22091	Q80XQ2	Tal1	Tbc1d5	True	False	False	False	False	False	B
P22091	P36423	Tal1	Tbxas1	True	False	False	False	False	False	B
P22091	A0A0J9YTU7	Tal1	A0A0J9YTU7	True	False	False	False	False	False	B
P22091	E9QQ91	Tal1	E9QQ91	True	False	False	False	False	False	B
P22091	A0A0J9YV29	Tal1	A0A0J9YV29	True	False	False	False	False	False	B
P22091	Q8BG87	Tal1	Tet3	True	False	False	False	False	False	B
P22091	Q6ZPJ0	Tal1	Tex2	True	False	False	False	False	False	B
P22091	O54819	Tal1	Tfpi	True	False	False	False	False	False	B
P22091	O08710	Tal1	Tg	True	False	False	False	False	False	B
P22091	P27090	Tal1	Tgfb2	True	False	False	False	False	False	C
P22091	A8C756	Tal1	Thada	True	False	False	False	False	False	B
P22091	Q6ZPF3	Tal1	Tiam2	True	False	False	False	False	False	B
P22091	Q62441	Tal1	Tle4	True	False	False	False	False	False	B
P22091	Q8C0V0	Tal1	Tlk1	True	False	False	False	False	False	B
P22091	D3Z0A5	Tal1	D3Z0A5	True	False	False	False	False	False	C
P22091	Q3U3D7	Tal1	Tmem131l	True	False	False	False	False	False	B
P22091	Q8C996	Tal1	Tmem163	True	False	False	False	False	False	B
P22091	Q6PHN7	Tal1	Tmem164	True	False	False	False	False	False	B
P22091	Q3UME2	Tal1	Tmem241	True	False	False	False	False	False	B
P22091	Q80YX1	Tal1	Tnc	True	False	False	False	False	False	C
P22091	D3YWJ5	Tal1	D3YWJ5	True	False	False	False	False	False	B
P22091	P50592	Tal1	Tnfsf10	True	False	False	False	False	False	C
P22091	Q8BKI2	Tal1	Tnrc6b	True	False	False	False	False	False	B
P22091	Q5SSZ5	Tal1	Tns3	True	False	False	False	False	False	B
P22091	E9Q0B9	Tal1	E9Q0B9	True	False	False	False	False	False	B
P22091	Q8BU11	Tal1	Tox4	True	False	False	False	False	False	C
P22091	Q9EQJ0	Tal1	Tpcn1	True	False	False	False	False	False	B
P22091	Q3U0M1	Tal1	Trappc9	True	False	False	False	False	False	B
P22091	Q9ESN6	Tal1	Trim2	True	False	False	False	False	False	B
P22091	Q0KL02	Tal1	Trio	True	False	False	False	False	False	B
P22091	G3UW90	Tal1	G3UW90	True	False	False	False	False	False	B
P22091	Q8QZY6	Tal1	Tspan14	True	False	False	False	False	False	C
P22091	Q80WR1	Tal1	Tspan18	True	False	False	False	False	False	C
P22091	Q62283	Tal1	Tspan7	True	False	False	False	False	False	C
P22091	A0A0R4J1T2	Tal1	A0A0R4J1T2	True	False	False	False	False	False	C
P22091	Q8BGB2	Tal1	Ttc7a	True	False	False	False	False	False	B
P22091	E9Q6P5	Tal1	Ttc7b	True	False	False	False	False	False	B
P22091	Q8BGG7	Tal1	Ubash3b	True	False	False	False	False	False	B
P22091	Q9CY34	Tal1	Ube2f	True	False	False	False	False	False	B
P22091	Q5U430	Tal1	Ubr3	True	False	False	False	False	False	C
P22091	A2AN08	Tal1	Ubr4	True	False	False	False	False	False	B
P22091	Q5DID3	Tal1	Umodl1	True	False	False	False	False	False	B
P22091	A0A0R4J114	Tal1	A0A0R4J114	True	False	False	False	False	False	C
P22091	A0A1W2P8G5	Tal1	A0A1W2P8G5	True	False	False	False	False	False	B
P22091	Q8K245	Tal1	Uvrag	True	False	False	False	False	False	C
P22091	Q9R0C8	Tal1	Vav3	True	False	False	False	False	False	B
P22091	Q64727	Tal1	Vcl	True	False	False	False	False	False	B
P22091	A1A535	Tal1	Veph1	True	False	False	False	False	False	B
P22091	B1ART2	Tal1	B1ART2	True	False	False	False	False	False	B
P22091	Q9EPK5	Tal1	Wwtr1	True	False	False	False	False	False	B
P22091	Q3U4G3	Tal1	Xxylt1	True	False	False	False	False	False	B
P22091	Q3UQ17	Tal1	Q3UQ17	True	False	False	False	False	False	B
P22091	Q8K0L9	Tal1	Zbtb20	True	False	False	False	False	False	B
P22091	Q9R0G7	Tal1	Zeb2	True	False	False	False	False	False	B
P22091	Q8CCH7	Tal1	Zfpm2	True	False	False	False	False	False	B
P22091	Q6P1E1	Tal1	Zmiz1	True	False	False	False	False	False	B
P22091	A2A484	Tal1	A2A484	True	False	False	False	False	False	B
P22091	Q6KAS7	Tal1	Znf521	True	False	False	False	False	False	B
P22091	Q56A10	Tal1	Znf608	True	False	False	False	False	False	B
P22091	Q3UFB2	Tal1	Znhit6	True	False	False	False	False	False	C
P22091	Q91V17	Tal1	Znrf1	True	False	False	False	False	False	B
P22091	Q8BGZ8	Tal1	Zpld1	True	False	False	False	False	False	B
P29037	Q9QYL7	Tbp	Abt1	True	False	False	False	False	False	C
P29037	P60710	Tbp	Actb	True	False	False	False	False	False	B
P29037	P07356	Tbp	Anxa2	True	False	False	False	False	False	C
P29037	P18572	Tbp	Bsg	True	False	False	False	False	False	C
P29037	O35732	Tbp	Cflar	True	False	False	False	False	False	C
P29037	Q921M7	Tbp	Cyrib	True	False	False	False	False	False	C
P29037	P31001	Tbp	Des	True	False	False	False	False	False	C
P29037	Q9Z1Y9	Tbp	Dio2	True	False	False	False	False	False	C
P29037	Q8C4C9	Tbp	Q8C4C9	True	False	False	False	False	False	C
P29037	Q8C2S5	Tbp	Fbxl5	True	False	False	False	False	False	C
P29037	E9Q1A8	Tbp	E9Q1A8	True	False	False	False	False	False	C
P29037	A0A1Y7VJI1	Tbp	A0A1Y7VJI1	True	False	False	False	False	False	C
P29037	O89113	Tbp	Ier5	True	False	False	False	False	False	C
P29037	P18893	Tbp	Il10	True	False	False	False	False	False	C
P29037	P20109	Tbp	Il13	True	False	False	False	False	False	C
P29037	P11881	Tbp	Itpr1	True	False	False	False	False	False	C
P29037	F6YRW4	Tbp	F6YRW4	True	False	False	False	False	False	C
P29037	A2A7S8	Tbp	Nhsl3	True	False	False	False	False	False	C
P29037	Q8BPQ2	Tbp	Q8BPQ2	True	False	False	False	False	False	C
P29037	Q9ERG0	Tbp	Lima1	True	False	False	False	False	False	C
P29037	Q7TNC4	Tbp	Luc7l2	True	False	False	False	False	False	C
P29037	P04247	Tbp	Mb	True	False	False	False	False	False	C
P29037	E9PY55	Tbp	E9PY55	True	False	False	False	False	False	C
P29037	Q7M6Y3	Tbp	Picalm	True	False	False	False	False	False	C
P29037	D3YZV7	Tbp	D3YZV7	True	False	False	False	False	False	C
P29037	Q8CCF0	Tbp	Prpf31	True	False	False	False	False	False	C
P29037	F8WHT3	Tbp	F8WHT3	True	False	False	False	False	False	C
P29037	A6H6A9	Tbp	Rabgap1l	True	False	False	False	False	False	C
P29037	A0A087WR05	Tbp	A0A087WR05	True	False	False	False	False	False	C
P29037	Q8CBY1	Tbp	Samd4a	True	False	False	False	False	False	C
P29037	Q8BXT9	Tbp	Sec22c	True	False	False	False	False	False	C
P29037	G5E899	Tbp	G5E899	True	False	False	False	False	False	C
P29037	Q64685	Tbp	St6gal1	True	False	False	False	False	False	C
P29037	P70284	Tbp	Tgif1	True	False	False	False	False	False	C
P29037	P97770	Tbp	Thumpd3	True	False	False	False	False	False	C
P29037	Q91W36	Tbp	Usp3	True	False	False	False	False	False	C
P29037	Q8K387	Tbp	Usp45	True	False	False	False	False	False	C
P29037	A2A484	Tbp	A2A484	True	False	False	False	False	False	C
Q9JKD8	Q9QYB5	Tbx21	Add3	True	False	False	False	False	False	C
Q9JKD8	Q80VW7	Tbx21	Akna	True	False	False	False	False	False	B
Q9JKD8	Q8BYW1	Tbx21	Arhgap25	True	False	False	False	False	False	C
Q9JKD8	A0A7N9VSJ5	Tbx21	A0A7N9VSJ5	True	False	False	False	False	False	C
Q9JKD8	Q6VGS5	Tbx21	Ccdc88c	True	False	False	False	False	False	C
Q9JKD8	Q8K4F0	Tbx21	Cd226	True	False	False	False	False	False	C
Q9JKD8	Q3V2R3	Tbx21	Q3V2R3	True	False	False	False	False	False	C
Q9JKD8	Q8C5W0	Tbx21	Clmn	True	False	False	False	False	False	C
Q9JKD8	Q149L7	Tbx21	Crtam	True	False	False	False	False	False	C
Q9JKD8	A0A0R4J0N8	Tbx21	A0A0R4J0N8	True	False	False	False	False	False	C
Q9JKD8	Q3TZ02	Tbx21	Q3TZ02	True	False	False	False	False	False	C
Q9JKD8	Q91VY6	Tbx21	Cytip	True	False	False	False	False	False	C
Q9JKD8	Q8BZN6	Tbx21	Dock10	True	False	False	False	False	False	C
Q9JKD8	Q8C3J5	Tbx21	Dock2	True	False	False	False	False	False	C
Q9JKD8	Q07802	Tbx21	Ebf1	True	False	False	False	False	False	C
Q9JKD8	Q9EQY0	Tbx21	Ern1	True	False	False	False	False	False	C
Q9JKD8	P70429	Tbx21	Evl	True	False	False	False	False	False	C
Q9JKD8	P39688	Tbx21	Fyn	True	False	False	False	False	False	C
Q9JKD8	Q6P9S7	Tbx21	Galnt10	True	False	False	False	False	False	C
Q9JKD8	F6QB26	Tbx21	F6QB26	True	False	False	False	False	False	C
Q9JKD8	A0A0R4J292	Tbx21	A0A0R4J292	True	False	False	False	False	False	C
Q9JKD8	O89100	Tbx21	Grap2	True	False	False	False	False	False	C
Q9JKD8	A0A1Y7VJI1	Tbx21	A0A1Y7VJI1	True	False	False	False	False	False	C
Q9JKD8	O08900	Tbx21	Ikzf3	True	False	False	False	False	False	C
Q9JKD8	Q61727	Tbx21	Il10ra	True	False	False	False	False	False	C
Q9JKD8	P97378	Tbx21	Il12rb2	True	False	False	False	False	False	B
Q9JKD8	P13504	Tbx21	Il1r1	True	False	False	False	False	False	C
Q9JKD8	Q9JHX3	Tbx21	Il21r	True	False	False	False	False	False	B
Q9JKD8	Q9ES52	Tbx21	Inpp5d	True	False	False	False	False	False	C
Q9JKD8	Q64287	Tbx21	Irf4	True	False	False	False	False	False	C
Q9JKD8	Q5STT8	Tbx21	Q5STT8	True	False	False	False	False	False	C
Q9JKD8	Q6P1G2	Tbx21	Kdm2b	True	False	False	False	False	False	C
Q9JKD8	H3BKP8	Tbx21	H3BKP8	True	False	False	False	False	False	C
Q9JKD8	Q6V595	Tbx21	Klhl6	True	False	False	False	False	False	C
Q9JKD8	P70193	Tbx21	Lrig1	True	False	False	False	False	False	C
Q9JKD8	G3X9H7	Tbx21	G3X9H7	True	False	False	False	False	False	C
Q9JKD8	C3VPR6	Tbx21	Nlrc5	True	False	False	False	False	False	C
Q9JKD8	P16331	Tbx21	Pah	True	False	False	False	False	False	C
Q9JKD8	Q01063	Tbx21	Pde4d	True	False	False	False	False	False	C
Q9JKD8	Q9JI48	Tbx21	Plac8	True	False	False	False	False	False	C
Q9JKD8	Q9QXS1	Tbx21	Plec	True	False	False	False	False	False	C
Q9JKD8	Q02111	Tbx21	Prkcq	True	False	False	False	False	False	C
Q9JKD8	Q08501	Tbx21	Prlr	True	False	False	False	False	False	C
Q9JKD8	A0A0R4J0P5	Tbx21	A0A0R4J0P5	True	False	False	False	False	False	C
Q9JKD8	Q9ERI2	Tbx21	Rab27a	True	False	False	False	False	False	C
Q9JKD8	Q05144	Tbx21	Rac2	True	False	False	False	False	False	C
Q9JKD8	Q9Z1S3	Tbx21	Rasgrp1	True	False	False	False	False	False	C
Q9JKD8	Q9D3G9	Tbx21	Rhoh	True	False	False	False	False	False	C
Q9JKD8	Q3UH06	Tbx21	Rreb1	True	False	False	False	False	False	C
Q9JKD8	O09126	Tbx21	Sema4d	True	False	False	False	False	False	B
Q9JKD8	Q9Z131	Tbx21	Sh3bp5	True	False	False	False	False	False	C
Q9JKD8	A0A0R4J2D8	Tbx21	A0A0R4J2D8	True	False	False	False	False	False	B
Q9JKD8	Q9CWR2	Tbx21	Smyd3	True	False	False	False	False	False	C
Q9JKD8	Q8BG48	Tbx21	Stk17b	True	False	False	False	False	False	C
Q9JKD8	Q6ZWQ0	Tbx21	Syne2	True	False	False	False	False	False	C
Q9JKD8	D3YWM7	Tbx21	D3YWM7	True	False	False	False	False	False	C
Q9JKD8	A0A5K1VVQ7	Tbx21	A0A5K1VVQ7	True	False	False	False	False	False	C
Q9JKD8	G3UWG2	Tbx21	G3UWG2	True	False	False	False	False	False	C
Q9JKD8	B1ATB3	Tbx21	B1ATB3	True	False	False	False	False	False	C
Q9JKD8	O70472	Tbx21	Tmem131	True	False	False	False	False	False	C
Q9JKD8	Q60846	Tbx21	Tnfrsf8	True	False	False	False	False	False	C
Q61286	A0A571BG95	Tcf12	A0A571BG95	True	False	False	False	False	False	C
Q61286	A0A0G2JGM8	Tcf12	A0A0G2JGM8	True	False	False	False	False	False	C
Q61286	Q6DFX2	Tcf12	Antxr2	True	False	False	False	False	False	C
Q61286	B1AQY2	Tcf12	B1AQY2	True	False	False	False	False	False	C
Q61286	Q91X46	Tcf12	Arhgef3	True	False	False	False	False	False	C
Q61286	A0A338P6U8	Tcf12	A0A338P6U8	True	False	False	False	False	False	C
Q61286	Q8BMQ3	Tcf12	Bnc2	True	False	False	False	False	False	C
Q61286	P51125	Tcf12	Cast	True	False	False	False	False	False	C
Q61286	Q8R344	Tcf12	Ccdc12	True	False	False	False	False	False	C
Q61286	Q5FWI3	Tcf12	Cemip2	True	False	False	False	False	False	C
Q61286	Q8BYH8	Tcf12	Chd9	True	False	False	False	False	False	C
Q61286	Q9Z0H8	Tcf12	Clip2	True	False	False	False	False	False	C
Q61286	Q6ZWS4	Tcf12	Cnih3	True	False	False	False	False	False	C
Q61286	Q9JLL0	Tcf12	Crim1	True	False	False	False	False	False	C
Q61286	P26231	Tcf12	Ctnna1	True	False	False	False	False	False	C
Q61286	Q8R3V6	Tcf12	Cuedc1	True	False	False	False	False	False	C
Q61286	Q8BPM0	Tcf12	Daam1	True	False	False	False	False	False	C
Q61286	B2RQ71	Tcf12	B2RQ71	True	False	False	False	False	False	C
Q61286	A0A0R4J0H8	Tcf12	A0A0R4J0H8	True	False	False	False	False	False	C
Q61286	Q8BGW1	Tcf12	Fto	True	False	False	False	False	False	C
Q61286	F6QB26	Tcf12	F6QB26	True	False	False	False	False	False	C
Q61286	A2A884	Tcf12	Hivep3	True	False	False	False	False	False	C
Q61286	Q3UQ44	Tcf12	Iqgap2	True	False	False	False	False	False	C
Q61286	Q9Z329	Tcf12	Itpr2	True	False	False	False	False	False	C
Q61286	Q62315	Tcf12	Jarid2	True	False	False	False	False	False	C
Q61286	Q80ZQ5	Tcf12	Jazf1	True	False	False	False	False	False	C
Q61286	Q6P1G2	Tcf12	Kdm2b	True	False	False	False	False	False	C
Q61286	Q9JJZ6	Tcf12	Klf13	True	False	False	False	False	False	C
Q61286	A0A0R4J005	Tcf12	A0A0R4J005	True	False	False	False	False	False	C
Q61286	Q8BFW7	Tcf12	Lpp	True	False	False	False	False	False	C
Q61286	P62046	Tcf12	Lrch1	True	False	False	False	False	False	C
Q61286	A0A3Q4EGK3	Tcf12	A0A3Q4EGK3	True	False	False	False	False	False	C
Q61286	A0A0A6YVV8	Tcf12	A0A0A6YVV8	True	False	False	False	False	False	C
Q61286	Q924H2	Tcf12	Med15	True	False	False	False	False	False	C
Q61286	O35375	Tcf12	Nrp2	True	False	False	False	False	False	C
Q61286	Q9ET54	Tcf12	Palld	True	False	False	False	False	False	C
Q61286	Q9CSB4	Tcf12	Pard3b	True	False	False	False	False	False	C
Q61286	Q01063	Tcf12	Pde4d	True	False	False	False	False	False	C
Q61286	Q9Z1B3	Tcf12	Plcb1	True	False	False	False	False	False	C
Q61286	P70207	Tcf12	Plxna2	True	False	False	False	False	False	C
Q61286	P63328	Tcf12	Ppp3ca	True	False	False	False	False	False	B
Q61286	Q80Y24	Tcf12	Prickle2	True	False	False	False	False	False	C
Q61286	P16054	Tcf12	Prkce	True	False	False	False	False	False	C
Q61286	F8WHT3	Tcf12	F8WHT3	True	False	False	False	False	False	C
Q61286	P34152	Tcf12	Ptk2	True	False	False	False	False	False	C
Q61286	P35822	Tcf12	Ptprk	True	False	False	False	False	False	C
Q61286	Q9EQZ6	Tcf12	Rapgef4	True	False	False	False	False	False	C
Q61286	Q8BWL5	Tcf12	Rbms3	True	False	False	False	False	False	C
Q61286	P31266	Tcf12	Rbpj	True	False	False	False	False	False	C
Q61286	Q7TNB8	Tcf12	Sbno2	True	False	False	False	False	False	C
Q61286	Q9JJG5	Tcf12	Sertad2	True	False	False	False	False	False	C
Q61286	A0A1B0GSY0	Tcf12	A0A1B0GSY0	True	False	False	False	False	False	C
Q61286	Q8R070	Tcf12	Slc37a1	True	False	False	False	False	False	C
Q61286	Q91WJ7	Tcf12	Spats2l	True	False	False	False	False	False	C
Q61286	Q8K4L3	Tcf12	Svil	True	False	False	False	False	False	C
Q61286	Q60949	Tcf12	Tbc1d1	True	False	False	False	False	False	C
Q61286	A0A0J9YTU7	Tcf12	A0A0J9YTU7	True	False	False	False	False	False	C
Q61286	A8C756	Tcf12	Thada	True	False	False	False	False	False	C
Q61286	Q6ZPF3	Tcf12	Tiam2	True	False	False	False	False	False	C
Q61286	Q8BKI2	Tcf12	Tnrc6b	True	False	False	False	False	False	C
Q61286	Q8K1I7	Tcf12	Wipf1	True	False	False	False	False	False	C
Q61286	Q5SXA9	Tcf12	Wwc1	True	False	False	False	False	False	C
Q61286	Q9EPK5	Tcf12	Wwtr1	True	False	False	False	False	False	B
Q61286	D3Z1Y7	Tcf12	D3Z1Y7	True	False	False	False	False	False	C
Q61286	Q8BQQ1	Tcf12	Zdhhc14	True	False	False	False	False	False	C
Q61286	A0A087WQ36	Tcf12	A0A087WQ36	True	False	False	False	False	False	C
Q61286	Q56A10	Tcf12	Znf608	True	False	False	False	False	False	C
E9PVV1	Q3UHD1	E9PVV1	Adgrb1	True	False	False	False	False	False	C
E9PVV1	M0QWP1	E9PVV1	M0QWP1	True	False	False	False	False	False	C
E9PVV1	Q6PAL7	E9PVV1	Ahdc1	True	False	False	False	False	False	C
E9PVV1	O08739	E9PVV1	Ampd3	True	False	False	False	False	False	C
E9PVV1	O35381	E9PVV1	Anp32a	True	False	False	False	False	False	B
E9PVV1	Q4LDD4	E9PVV1	Arap1	True	False	False	False	False	False	C
E9PVV1	Q8BL80	E9PVV1	Arhgap22	True	False	False	False	False	False	C
E9PVV1	Q6KAU8	E9PVV1	Atg16l2	True	False	False	False	False	False	C
E9PVV1	P98197	E9PVV1	Atp11a	True	False	False	False	False	False	C
E9PVV1	Q64518	E9PVV1	Atp2a3	True	False	False	False	False	False	C
E9PVV1	A0A286YCV0	E9PVV1	A0A286YCV0	True	False	False	False	False	False	C
E9PVV1	E9QMJ8	E9PVV1	E9QMJ8	True	False	False	False	False	False	B
E9PVV1	G3X8S2	E9PVV1	G3X8S2	True	False	False	False	False	False	C
E9PVV1	E9Q3C1	E9PVV1	C2cd2	True	False	False	False	False	False	C
E9PVV1	Q5RJF7	E9PVV1	Cacna2d4	True	False	False	False	False	False	C
E9PVV1	Q9CWL2	E9PVV1	Casz1	True	False	False	False	False	False	C
E9PVV1	B7ZP57	E9PVV1	B7ZP57	True	False	False	False	False	False	C
E9PVV1	Q8R344	E9PVV1	Ccdc12	True	False	False	False	False	False	C
E9PVV1	Q9DBT3	E9PVV1	Ccdc97	True	False	False	False	False	False	C
E9PVV1	Q8K2Y9	E9PVV1	Ccm2	True	False	False	False	False	False	C
E9PVV1	E9Q7P9	E9PVV1	Cdhr2	True	False	False	False	False	False	C
E9PVV1	Q9Z0H8	E9PVV1	Clip2	True	False	False	False	False	False	C
E9PVV1	Q80YA8	E9PVV1	Crb2	True	False	False	False	False	False	C
E9PVV1	P41241	E9PVV1	Csk	True	False	False	False	False	False	C
E9PVV1	A0A0J9YTW3	E9PVV1	A0A0J9YTW3	True	False	False	False	False	False	C
E9PVV1	Q91WA4	E9PVV1	Cxxc5	True	False	False	False	False	False	C
E9PVV1	Q3TZ02	E9PVV1	Q3TZ02	True	False	False	False	False	False	C
E9PVV1	A2AUX5	E9PVV1	A2AUX5	True	False	False	False	False	False	C
E9PVV1	Q80UP3	E9PVV1	Dgkz	True	False	False	False	False	False	C
E9PVV1	Q5DW34	E9PVV1	Ehmt1	True	False	False	False	False	False	C
E9PVV1	Q8K0G5	E9PVV1	Eipr1	True	False	False	False	False	False	C
E9PVV1	Q9Z2U4	E9PVV1	Elf4	True	False	False	False	False	False	C
E9PVV1	O08856	E9PVV1	Ell	True	False	False	False	False	False	C
E9PVV1	Q60902	E9PVV1	Eps15l1	True	False	False	False	False	False	C
E9PVV1	Q64378	E9PVV1	Fkbp5	True	False	False	False	False	False	C
E9PVV1	A0A0R4J0F6	E9PVV1	A0A0R4J0F6	True	False	False	False	False	False	C
E9PVV1	F6QB26	E9PVV1	F6QB26	True	False	False	False	False	False	C
E9PVV1	A0A1D5RM07	E9PVV1	A0A1D5RM07	True	False	False	False	False	False	C
E9PVV1	Q8CB44	E9PVV1	Gramd4	True	False	False	False	False	False	C
E9PVV1	Q99MK8	E9PVV1	Grk2	True	False	False	False	False	False	C
E9PVV1	P62748	E9PVV1	Hpcal1	True	False	False	False	False	False	C
E9PVV1	Q3UQ44	E9PVV1	Iqgap2	True	False	False	False	False	False	C
E9PVV1	Q64287	E9PVV1	Irf4	True	False	False	False	False	False	C
E9PVV1	Q60677	E9PVV1	Itgae	True	False	False	False	False	False	C
E9PVV1	D3YYP8	E9PVV1	D3YYP8	True	False	False	False	False	False	C
E9PVV1	Q62315	E9PVV1	Jarid2	True	False	False	False	False	False	C
E9PVV1	O89109	E9PVV1	Kcnn4	True	False	False	False	False	False	C
E9PVV1	Q6P1G2	E9PVV1	Kdm2b	True	False	False	False	False	False	B
E9PVV1	Q3UE31	E9PVV1	Q3UE31	True	False	False	False	False	False	C
E9PVV1	P06240	E9PVV1	Lck	True	True	False	True	True	False	C
E9PVV1	Q9QXD8	E9PVV1	Limd1	True	False	False	False	False	False	C
E9PVV1	P48678	E9PVV1	Lmna	True	False	False	False	False	False	C
E9PVV1	Q9WTX8	E9PVV1	Mad1l1	True	False	False	False	False	False	B
E9PVV1	P04370	E9PVV1	Mbp	True	False	False	False	False	False	C
E9PVV1	E9PW38	E9PVV1	E9PW38	True	False	False	False	False	False	C
E9PVV1	Q924H2	E9PVV1	Med15	True	False	False	False	False	False	B
E9PVV1	Q8BSU7	E9PVV1	Mob3a	True	False	False	False	False	False	C
E9PVV1	G3X9H7	E9PVV1	G3X9H7	True	False	False	False	False	False	C
E9PVV1	O55033	E9PVV1	Nck2	True	False	False	False	False	False	C
E9PVV1	E9PY55	E9PVV1	E9PY55	True	False	False	False	False	False	C
E9PVV1	Q9QY81	E9PVV1	Nup210	True	False	False	False	False	False	B
E9PVV1	Q8K212	E9PVV1	Pacs1	True	False	False	False	False	False	C
E9PVV1	O89084	E9PVV1	Pde4a	True	False	False	False	False	False	C
E9PVV1	P12382	E9PVV1	Pfkl	True	False	False	False	False	False	C
E9PVV1	E9PUQ9	E9PVV1	E9PUQ9	True	False	False	False	False	False	B
E9PVV1	B1AS24	E9PVV1	B1AS24	True	False	False	False	False	False	C
E9PVV1	O70161	E9PVV1	Pip5k1c	True	False	False	False	False	False	C
E9PVV1	D3Z0X7	E9PVV1	D3Z0X7	True	False	False	False	False	False	C
E9PVV1	Q8CIH5	E9PVV1	Plcg2	True	False	False	False	False	False	C
E9PVV1	B2RXS4	E9PVV1	Plxnb2	True	False	False	False	False	False	C
E9PVV1	Q9QZC2	E9PVV1	Plxnc1	True	False	False	False	False	False	C
E9PVV1	Q91WG5	E9PVV1	Prkag2	True	False	False	False	False	False	C
E9PVV1	Q02956	E9PVV1	Prkcz	True	False	False	False	False	False	C
E9PVV1	Q812A5	E9PVV1	Prr5	True	False	False	False	False	False	C
E9PVV1	F8WHT3	E9PVV1	F8WHT3	True	False	False	False	False	False	C
E9PVV1	A0A0R4J0P5	E9PVV1	A0A0R4J0P5	True	False	False	False	False	False	B
E9PVV1	Q9QVP9	E9PVV1	Ptk2b	True	False	False	False	False	False	C
E9PVV1	Q61818	E9PVV1	Rai1	True	False	False	False	False	False	C
E9PVV1	Q03385	E9PVV1	Ralgds	True	False	False	False	False	False	B
E9PVV1	Q8CGE9	E9PVV1	Rgs12	True	False	False	False	False	False	C
E9PVV1	D3YXW8	E9PVV1	D3YXW8	True	False	False	False	False	False	C
E9PVV1	Q7TNB8	E9PVV1	Sbno2	True	False	False	False	False	False	C
E9PVV1	Q9JKV5	E9PVV1	Scamp4	True	False	False	False	False	False	C
E9PVV1	O09126	E9PVV1	Sema4d	True	False	False	False	False	False	C
E9PVV1	G3X9F6	E9PVV1	G3X9F6	True	False	False	False	False	False	C
E9PVV1	G3X9J0	E9PVV1	Sipa1l3	True	False	False	False	False	False	C
E9PVV1	P57787	E9PVV1	Slc16a3	True	False	False	False	False	False	C
E9PVV1	P41438	E9PVV1	Slc19a1	True	False	False	False	False	False	C
E9PVV1	Q8R070	E9PVV1	Slc37a1	True	False	False	False	False	False	B
E9PVV1	Q8CI15	E9PVV1	Sphk1	True	False	False	False	False	False	C
E9PVV1	Q924S7	E9PVV1	Spred2	True	False	False	False	False	False	C
E9PVV1	Q3U4B1	E9PVV1	Q3U4B1	True	False	False	False	False	False	C
E9PVV1	Q11204	E9PVV1	St3gal2	True	False	False	False	False	False	C
E9PVV1	O55098	E9PVV1	Stk10	True	False	False	False	False	False	C
E9PVV1	Q9WTK7	E9PVV1	Stk11	True	False	False	False	False	False	C
E9PVV1	Q60949	E9PVV1	Tbc1d1	True	False	False	False	False	False	C
E9PVV1	D3YWM7	E9PVV1	D3YWM7	True	False	False	False	False	False	C
E9PVV1	Q8BYA0	E9PVV1	Tbcd	True	False	False	False	False	False	C
E9PVV1	D3YZM7	E9PVV1	D3YZM7	True	False	False	False	False	False	C
E9PVV1	B1ATB3	E9PVV1	B1ATB3	True	False	False	False	False	False	C
E9PVV1	Q8R4U6	E9PVV1	Top1mt	True	False	False	False	False	False	C
E9PVV1	Q6IRU2	E9PVV1	Tpm4	True	False	False	False	False	False	C
E9PVV1	Q99JY4	E9PVV1	Trabd	True	False	False	False	False	False	C
E9PVV1	Q8BGB2	E9PVV1	Ttc7a	True	False	False	False	False	False	C
E9PVV1	Q5DID3	E9PVV1	Umodl1	True	False	False	False	False	False	C
E9PVV1	Q9EPU0	E9PVV1	Upf1	True	False	False	False	False	False	C
E9PVV1	Q60992	E9PVV1	Vav2	True	False	False	False	False	False	B
E9PVV1	Q8R1C3	E9PVV1	Vopp1	True	False	False	False	False	False	C
E9PVV1	A0A286YDB9	E9PVV1	A0A286YDB9	True	False	False	False	False	False	C
A0A0J9YTU7	Q9QYB5	A0A0J9YTU7	Add3	True	False	False	False	False	False	C
A0A0J9YTU7	P31955	A0A0J9YTU7	Areg	True	False	False	False	False	False	C
A0A0J9YTU7	Q8BM75	A0A0J9YTU7	Arid5b	True	False	False	False	False	False	C
A0A0J9YTU7	E9PX52	A0A0J9YTU7	E9PX52	True	False	False	False	False	False	C
A0A0J9YTU7	Q148W0	A0A0J9YTU7	Atp8b1	True	False	False	False	False	False	C
A0A0J9YTU7	P40240	A0A0J9YTU7	Cd9	True	False	False	False	False	False	C
A0A0J9YTU7	Q64261	A0A0J9YTU7	Cdk6	True	False	False	False	False	False	C
A0A0J9YTU7	Q5PR68	A0A0J9YTU7	Cep112	True	False	False	False	False	False	C
A0A0J9YTU7	Q3V2R3	A0A0J9YTU7	Q3V2R3	True	False	False	False	False	False	C
A0A0J9YTU7	Q8BPM0	A0A0J9YTU7	Daam1	True	False	False	False	False	False	C
A0A0J9YTU7	Q69ZW3	A0A0J9YTU7	Ehbp1	True	False	False	False	False	False	C
A0A0J9YTU7	O70318	A0A0J9YTU7	Epb41l2	True	False	False	False	False	False	C
A0A0J9YTU7	E9QKY4	A0A0J9YTU7	E9QKY4	True	False	False	False	False	False	C
A0A0J9YTU7	Q8BHD4	A0A0J9YTU7	Frmd3	True	False	False	False	False	False	C
A0A0J9YTU7	D3Z7P3	A0A0J9YTU7	Gls	True	False	False	False	False	False	C
A0A0J9YTU7	D3YVW2	A0A0J9YTU7	D3YVW2	True	False	False	False	False	False	C
A0A0J9YTU7	Q8C2B3	A0A0J9YTU7	Hdac7	True	False	False	False	False	False	B
A0A0J9YTU7	Q8BVZ5	A0A0J9YTU7	Il33	True	False	False	False	False	False	C
A0A0J9YTU7	A2A7S8	A0A0J9YTU7	Nhsl3	True	False	False	False	False	False	C
A0A0J9YTU7	Q9ERG0	A0A0J9YTU7	Lima1	True	False	False	False	False	False	C
A0A0J9YTU7	O70263	A0A0J9YTU7	Lnx1	True	False	False	False	False	False	C
A0A0J9YTU7	F6U238	A0A0J9YTU7	F6U238	True	False	False	False	False	False	C
A0A0J9YTU7	A0A0N4SUJ3	A0A0J9YTU7	A0A0N4SUJ3	True	False	False	False	False	False	C
A0A0J9YTU7	Q3TZG8	A0A0J9YTU7	Q3TZG8	True	False	False	False	False	False	B
A0A0J9YTU7	A3KN90	A0A0J9YTU7	A3KN90	True	False	False	False	False	False	C
A0A0J9YTU7	Q4KMM3	A0A0J9YTU7	Oxr1	True	False	False	False	False	False	C
A0A0J9YTU7	A0A0A6YX79	A0A0J9YTU7	A0A0A6YX79	True	False	False	False	False	False	C
A0A0J9YTU7	B1AVP0	A0A0J9YTU7	B1AVP0	True	False	False	False	False	False	C
A0A0J9YTU7	Q9Z1B3	A0A0J9YTU7	Plcb1	True	False	False	False	False	False	C
A0A0J9YTU7	Q3UX37	A0A0J9YTU7	Q3UX37	True	False	False	False	False	False	C
A0A0J9YTU7	P23298	A0A0J9YTU7	Prkch	True	False	False	False	False	False	C
A0A0J9YTU7	A2AVJ5	A0A0J9YTU7	Prr5l	True	False	False	False	False	False	C
A0A0J9YTU7	Q8R0Z5	A0A0J9YTU7	Slc25a28	True	False	False	False	False	False	C
A0A0J9YTU7	Q924S7	A0A0J9YTU7	Spred2	True	False	False	False	False	False	C
A0A0J9YTU7	P56677	A0A0J9YTU7	St14	True	False	False	False	False	False	C
A0A0J9YTU7	Q8BHJ5	A0A0J9YTU7	Tbl1xr1	True	False	False	False	False	False	C
A0A0J9YTU7	P70284	A0A0J9YTU7	Tgif1	True	False	False	False	False	False	C
A0A0J9YTU7	O70472	A0A0J9YTU7	Tmem131	True	False	False	False	False	False	C
A0A0J9YTU7	Q0KL02	A0A0J9YTU7	Trio	True	False	False	False	False	False	C
A0A0J9YTU7	Q61143	A0A0J9YTU7	Trpc6	True	False	False	False	False	False	C
A0A0J9YTU7	G3UW90	A0A0J9YTU7	G3UW90	True	False	False	False	False	False	C
A0A0J9YTU7	Q91W36	A0A0J9YTU7	Usp3	True	False	False	False	False	False	C
A0A0J9YTU7	A0A1W2P8G5	A0A0J9YTU7	A0A1W2P8G5	True	False	False	False	False	False	C
A0A0J9YTU7	P46938	A0A0J9YTU7	Yap1	True	False	False	False	False	False	C
A0A0J9YTU7	Q64321	A0A0J9YTU7	Zbtb7b	True	False	False	False	False	False	C
A0A0J9YTU7	Q56A10	A0A0J9YTU7	Znf608	True	False	False	False	False	False	C
A0A5K1VVQ7	Q505D1	A0A5K1VVQ7	Ankrd28	True	False	False	False	False	False	C
A0A5K1VVQ7	Q6DFX2	A0A5K1VVQ7	Antxr2	True	False	False	False	False	False	C
A0A5K1VVQ7	Q811M1	A0A5K1VVQ7	Arhgap15	True	False	False	False	False	False	C
A0A5K1VVQ7	O88566	A0A5K1VVQ7	Axin2	True	False	False	False	False	False	A
A0A5K1VVQ7	A0A3Q4EG96	A0A5K1VVQ7	A0A3Q4EG96	True	False	False	False	False	False	C
A0A5K1VVQ7	P30280	A0A5K1VVQ7	Ccnd2	True	False	False	False	False	False	B
A0A5K1VVQ7	P42082	A0A5K1VVQ7	Cd86	True	False	False	False	False	False	C
A0A5K1VVQ7	Q8K0D0	A0A5K1VVQ7	Cdk17	True	False	False	False	False	False	C
A0A5K1VVQ7	Q9WTK2	A0A5K1VVQ7	Cdyl	True	False	False	False	False	False	C
A0A5K1VVQ7	Q9WUM4	A0A5K1VVQ7	Coro1c	True	False	False	False	False	False	C
A0A5K1VVQ7	Q8BFS6	A0A5K1VVQ7	Cpped1	True	False	False	False	False	False	C
A0A5K1VVQ7	P11531	A0A5K1VVQ7	Dmd	True	False	False	False	False	False	C
A0A5K1VVQ7	Q8BZN6	A0A5K1VVQ7	Dock10	True	False	False	False	False	False	C
A0A5K1VVQ7	G3UXH9	A0A5K1VVQ7	G3UXH9	True	False	False	False	False	False	C
A0A5K1VVQ7	O35601	A0A5K1VVQ7	Fyb1	True	False	False	False	False	False	C
A0A5K1VVQ7	Q0VDU3	A0A5K1VVQ7	Gpr15	True	False	False	False	False	False	C
A0A5K1VVQ7	G5E8D5	A0A5K1VVQ7	G5E8D5	True	False	False	False	False	False	C
A0A5K1VVQ7	Q8R0A0	A0A5K1VVQ7	Gtf2f2	True	False	False	False	False	False	C
A0A5K1VVQ7	Q69ZS7	A0A5K1VVQ7	Hbs1l	True	False	False	False	False	False	C
A0A5K1VVQ7	G5E8H3	A0A5K1VVQ7	G5E8H3	True	False	False	False	False	False	C
A0A5K1VVQ7	O08900	A0A5K1VVQ7	Ikzf3	True	False	False	False	False	False	C
A0A5K1VVQ7	O08581	A0A5K1VVQ7	Kcnk1	True	False	False	False	False	False	C
A0A5K1VVQ7	B1AY49	A0A5K1VVQ7	B1AY49	True	False	False	False	False	False	B
A0A5K1VVQ7	D3YVX9	A0A5K1VVQ7	D3YVX9	True	False	False	False	False	False	C
A0A5K1VVQ7	P57748	A0A5K1VVQ7	Mmp20	True	False	False	False	False	False	C
A0A5K1VVQ7	Q99MH6	A0A5K1VVQ7	Nkd1	True	False	False	False	False	False	C
A0A5K1VVQ7	Q9QZS3	A0A5K1VVQ7	Numb	True	False	False	False	False	False	C
A0A5K1VVQ7	P70453	A0A5K1VVQ7	Pde7a	True	False	False	False	False	False	C
A0A5K1VVQ7	Q2M3X8	A0A5K1VVQ7	Phactr1	True	False	False	False	False	False	C
A0A5K1VVQ7	Q9QXS1	A0A5K1VVQ7	Plec	True	False	False	False	False	False	C
A0A5K1VVQ7	A2AVJ5	A0A5K1VVQ7	Prr5l	True	False	False	False	False	False	C
A0A5K1VVQ7	P06800	A0A5K1VVQ7	Ptprc	True	False	False	False	False	False	C
A0A5K1VVQ7	A0A0R4J0G6	A0A5K1VVQ7	A0A0R4J0G6	True	False	False	False	False	False	C
A0A5K1VVQ7	A0A087WNZ9	A0A5K1VVQ7	A0A087WNZ9	True	False	False	False	False	False	C
A0A5K1VVQ7	Q9D3G9	A0A5K1VVQ7	Rhoh	True	False	False	False	False	False	C
A0A5K1VVQ7	P59729	A0A5K1VVQ7	Rin3	True	False	False	False	False	False	C
A0A5K1VVQ7	Q99P72	A0A5K1VVQ7	Rtn4	True	False	False	False	False	False	C
A0A5K1VVQ7	Q3UUV5	A0A5K1VVQ7	Skap1	True	False	False	False	False	False	C
A0A5K1VVQ7	P40645	A0A5K1VVQ7	Sox6	True	False	False	False	False	False	C
A0A5K1VVQ7	E9PVV1	A0A5K1VVQ7	E9PVV1	True	False	False	False	False	False	B
A0A5K1VVQ7	A0A0R4J097	A0A5K1VVQ7	A0A0R4J097	True	False	False	False	False	False	C
A0A5K1VVQ7	O08712	A0A5K1VVQ7	Tnfrsf11b	True	False	False	False	False	False	C
A0A5K1VVQ7	Q9JLL3	A0A5K1VVQ7	Tnfrsf19	True	False	False	False	False	False	C
A0A5K1VVQ7	Q0KL02	A0A5K1VVQ7	Trio	True	False	False	False	False	False	C
A0A5K1VVQ7	A2ALR9	A0A5K1VVQ7	A2ALR9	True	False	False	False	False	False	C
A0A5K1VVQ7	P83741	A0A5K1VVQ7	Wnk1	True	False	False	False	False	False	C
A0A5K1VVQ7	Q8K0L9	A0A5K1VVQ7	Zbtb20	True	False	False	False	False	False	C
A0A5K1VVQ7	Q8CCH7	A0A5K1VVQ7	Zfpm2	True	False	False	False	False	False	C
A1A549	O88566	A1A549	Axin2	True	False	False	False	False	False	C
A1A549	P25322	A1A549	Ccnd1	True	True	False	True	True	False	C
A1A549	Q08874	A1A549	Mitf	True	False	False	False	False	False	C
A1A549	Q99MH6	A1A549	Nkd1	True	False	False	False	False	False	C
E9QQ91	A0A571BG95	E9QQ91	A0A571BG95	True	False	False	False	False	False	C
E9QQ91	B8JJE0	E9QQ91	B8JJE0	True	False	False	False	False	False	C
E9QQ91	Q61490	E9QQ91	Alcam	True	False	False	False	False	False	C
E9QQ91	Q505D1	E9QQ91	Ankrd28	True	False	False	False	False	False	C
E9QQ91	Q8CGF1	E9QQ91	Arhgap29	True	False	False	False	False	False	C
E9QQ91	Q811P8	E9QQ91	Arhgap32	True	False	False	False	False	False	C
E9QQ91	Q9QWY8	E9QQ91	Asap1	True	False	False	False	False	False	C
E9QQ91	Q6PDJ1	E9QQ91	Cachd1	True	False	False	False	False	False	C
E9QQ91	E9PZM4	E9QQ91	Chd2	True	False	False	False	False	False	C
E9QQ91	Q9JLL0	E9QQ91	Crim1	True	False	False	False	False	False	C
E9QQ91	P11531	E9QQ91	Dmd	True	False	False	False	False	False	C
E9QQ91	P41164	E9QQ91	Etv1	True	False	False	False	False	False	C
E9QQ91	A6PWD2	E9QQ91	Fhad1	True	False	False	False	False	False	C
E9QQ91	P13020	E9QQ91	Gsn	True	False	False	False	False	False	C
E9QQ91	Q8K2A1	E9QQ91	Gulp1	True	False	False	False	False	False	C
E9QQ91	Q3TNL8	E9QQ91	Itprip	True	False	False	False	False	False	C
E9QQ91	A0A087WQN5	E9QQ91	A0A087WQN5	True	False	False	False	False	False	C
E9QQ91	P53776	E9QQ91	Lhx4	True	False	False	False	False	False	C
E9QQ91	A0A0A6YVV8	E9QQ91	A0A0A6YVV8	True	False	False	False	False	False	C
E9QQ91	P97367	E9QQ91	Meis2	True	False	False	False	False	False	C
E9QQ91	O70583	E9QQ91	Mid1	True	False	False	False	False	False	C
E9QQ91	Q8CDB0	E9QQ91	Mknk2	True	False	False	False	False	False	C
E9QQ91	Q02780	E9QQ91	Nfia	True	False	False	False	False	False	C
E9QQ91	Q99MH6	E9QQ91	Nkd1	True	False	False	False	False	False	C
E9QQ91	E9PXZ2	E9QQ91	E9PXZ2	True	False	False	False	False	False	C
E9QQ91	Q8K1N2	E9QQ91	Phldb2	True	False	False	False	False	False	C
E9QQ91	Q91UZ1	E9QQ91	Q91UZ1	True	False	False	False	False	False	C
E9QQ91	Q99JY8	E9QQ91	Plpp3	True	False	False	False	False	False	C
E9QQ91	P31266	E9QQ91	Rbpj	True	False	False	False	False	False	C
E9QQ91	Q9CTN4	E9QQ91	Rhobtb3	True	False	False	False	False	False	C
E9QQ91	Q9EPK6	E9QQ91	Sil1	True	False	False	False	False	False	C
E9QQ91	Q8BWY7	E9QQ91	Slc39a11	True	False	False	False	False	False	C
E9QQ91	A0A0J9YTR8	E9QQ91	A0A0J9YTR8	True	False	False	False	False	False	C
E9QQ91	D3Z079	E9QQ91	D3Z079	True	False	False	False	False	False	C
E9QQ91	Q8BHJ5	E9QQ91	Tbl1xr1	True	False	False	False	False	False	C
E9QQ91	A0A0R4J097	E9QQ91	A0A0R4J097	True	False	False	False	False	False	C
E9QQ91	Q6ZPF3	E9QQ91	Tiam2	True	False	False	False	False	False	C
E9QQ91	Q6PI17	E9QQ91	Q6PI17	True	False	False	False	False	False	C
E9QQ91	Q08122	E9QQ91	Tle3	True	False	False	False	False	False	C
E9QQ91	Q9EPK5	E9QQ91	Wwtr1	True	False	False	False	False	False	C
E9QQ91	A0A087WQ36	E9QQ91	A0A087WQ36	True	False	False	False	False	False	C
E9QQ91	Q6P1E1	E9QQ91	Zmiz1	True	False	False	False	False	False	C
E9QQ91	P0CL69	E9QQ91	Znf703	True	False	False	False	False	False	C
E9QQ91	Q5SSZ7	E9QQ91	Znrf3	True	False	False	False	False	False	C
P48301	Q91XC0	Tead2	Ajuba	True	False	False	False	False	False	C
P48301	Q5U464	Tead2	Asap3	True	False	False	False	False	False	C
P48301	P50516	Tead2	Atp6v1a	True	False	False	False	False	False	C
P48301	D3YXQ5	Tead2	D3YXQ5	True	False	False	False	False	False	C
P48301	P30280	Tead2	Ccnd2	True	False	False	False	False	False	B
P48301	Q8BX07	Tead2	Ctdsp2	True	False	False	False	False	False	C
P48301	Q925G2	Tead2	Cybrd1	True	False	False	False	False	False	C
P48301	B1AZP2	Tead2	Dlgap4	True	False	False	False	False	False	C
P48301	A2AG30	Tead2	A2AG30	True	False	False	False	False	False	C
P48301	Q91WZ8	Tead2	Dtnbp1	True	False	False	False	False	False	C
P48301	Q14BJ1	Tead2	Fam89a	True	False	False	False	False	False	C
P48301	Q6PB93	Tead2	Galnt2	True	False	False	False	False	False	C
P48301	Q69ZK6	Tead2	Jmjd1c	True	False	False	False	False	False	C
P48301	Q61292	Tead2	Lamb2	True	False	False	False	False	False	C
P48301	Q8QZX5	Tead2	Lsm10	True	False	False	False	False	False	C
P48301	Q8C052	Tead2	Map1s	True	False	False	False	False	False	C
P48301	E9QK82	Tead2	E9QK82	True	False	False	False	False	False	C
P48301	D3YV37	Tead2	D3YV37	True	False	False	False	False	False	C
P48301	A0A1B0GRV6	Tead2	A0A1B0GRV6	True	False	False	False	False	False	C
P48301	Q6PIX5	Tead2	Rhbdf1	True	False	False	False	False	False	C
P48301	P59729	Tead2	Rin3	True	False	False	False	False	False	B
P48301	Q62241	Tead2	Snrpc	True	False	False	False	False	False	C
P48301	Q11204	Tead2	St3gal2	True	False	False	False	False	False	C
P48301	A1A5B6	Tead2	Tbc1d25	True	False	False	False	False	False	C
P48301	Q61382	Tead2	Traf4	True	False	False	False	False	False	C
P48301	Q9Z1Y4	Tead2	Trip6	True	False	False	False	False	False	C
P48301	Q8R0J7	Tead2	Vps37b	True	False	False	False	False	False	C
Q62296	E9Q4K0	Tead4	E9Q4K0	True	False	False	False	False	False	C
Q62296	E9PWW5	Tead4	E9PWW5	True	False	False	False	False	False	C
Q62296	A0A0G2JGM8	Tead4	A0A0G2JGM8	True	False	False	False	False	False	C
Q62296	P97793	Tead4	Alk	True	False	False	False	False	False	C
Q62296	P07356	Tead4	Anxa2	True	False	False	False	False	False	C
Q62296	Q9QZK2	Tead4	Bcar3	True	False	False	False	False	False	C
Q62296	Q6PAJ1	Tead4	Bcr	True	False	False	False	False	False	C
Q62296	Q5FWI3	Tead4	Cemip2	True	False	False	False	False	False	C
Q62296	Q9D486	Tead4	Cmip	True	False	False	False	False	False	C
Q62296	A2AUX5	Tead4	A2AUX5	True	False	False	False	False	False	C
Q62296	Q8K382	Tead4	Dennd1a	True	False	False	False	False	False	C
Q62296	Q924W7	Tead4	Dennd2b	True	False	False	False	False	False	C
Q62296	Q9D415	Tead4	Dlgap1	True	False	False	False	False	False	C
Q62296	P97360	Tead4	Etv6	True	False	False	False	False	False	C
Q62296	P97464	Tead4	Ext1	True	False	False	False	False	False	C
Q62296	E9QK53	Tead4	E9QK53	True	False	False	False	False	False	C
Q62296	A0A0R4J0H8	Tead4	A0A0R4J0H8	True	False	False	False	False	False	C
Q62296	Q9WVH4	Tead4	Foxo3	True	False	False	False	False	False	C
Q62296	Q6PB93	Tead4	Galnt2	True	False	False	False	False	False	C
Q62296	E0CX93	Tead4	E0CX93	True	False	False	False	False	False	C
Q62296	Q8K0C9	Tead4	Gmds	True	False	False	False	False	False	C
Q62296	Q8BW56	Tead4	Gtdc1	True	False	False	False	False	False	C
Q62296	A0A1B0GSQ5	Tead4	A0A1B0GSQ5	True	False	False	False	False	False	C
Q62296	A2A884	Tead4	Hivep3	True	False	False	False	False	False	C
Q62296	E9PZ16	Tead4	E9PZ16	True	False	False	False	False	False	C
Q62296	P13504	Tead4	Il1r1	True	False	False	False	False	False	C
Q62296	E9PUA3	Tead4	E9PUA3	True	False	False	False	False	False	C
Q62296	P11881	Tead4	Itpr1	True	False	False	False	False	False	C
Q62296	Q8VCD7	Tead4	Kdm4c	True	False	False	False	False	False	C
Q62296	P05784	Tead4	Krt18	True	False	False	False	False	False	C
Q62296	Q9JLJ0	Tead4	Litaf	True	False	False	False	False	False	C
Q62296	F6U238	Tead4	F6U238	True	False	False	False	False	False	C
Q62296	A0A0A6YVZ8	Tead4	A0A0A6YVZ8	True	False	False	False	False	False	C
Q62296	O70583	Tead4	Mid1	True	False	False	False	False	False	C
Q62296	Q3TEW6	Tead4	Mpzl1	True	False	False	False	False	False	C
Q62296	Q8VDD5	Tead4	Myh9	True	False	False	False	False	False	C
Q62296	Q9ES70	Tead4	Nek6	True	False	False	False	False	False	C
Q62296	Q8R1F1	Tead4	Niban2	True	False	False	False	False	False	C
Q62296	Q8VBU5	Tead4	Q8VBU5	True	False	False	False	False	False	C
Q62296	Q8CI19	Tead4	Pdgfc	True	False	False	False	False	False	C
Q62296	O70400	Tead4	Pdlim1	True	False	False	False	False	False	C
Q62296	Q8K1N2	Tead4	Phldb2	True	False	False	False	False	False	C
Q62296	Q8CHE4	Tead4	Phlpp1	True	False	False	False	False	False	C
Q62296	Q7M6Y3	Tead4	Picalm	True	False	False	False	False	False	C
Q62296	Q3USB7	Tead4	Plcl1	True	False	False	False	False	False	C
Q62296	P70207	Tead4	Plxna2	True	False	False	False	False	False	C
Q62296	P23298	Tead4	Prkch	True	False	False	False	False	False	C
Q62296	E9Q4S7	Tead4	E9Q4S7	True	False	False	False	False	False	C
Q62296	A6H6A9	Tead4	Rabgap1l	True	False	False	False	False	False	C
Q62296	Q9EP71	Tead4	Rai14	True	False	False	False	False	False	C
Q62296	Q9WVB0	Tead4	Rbpms	True	False	False	False	False	False	C
Q62296	P59729	Tead4	Rin3	True	False	False	False	False	False	C
Q62296	A1L3T7	Tead4	Ripor3	True	False	False	False	False	False	C
Q62296	P61588	Tead4	Rnd3	True	False	False	False	False	False	C
Q62296	Q6P4S6	Tead4	Sik3	True	False	False	False	False	False	C
Q62296	Q8BGX7	Tead4	Spidr	True	False	False	False	False	False	C
Q62296	Q3UGX2	Tead4	Q3UGX2	True	False	False	False	False	False	C
Q62296	O55098	Tead4	Stk10	True	False	False	False	False	False	C
Q62296	E9Q8T1	Tead4	E9Q8T1	True	False	False	False	False	False	C
Q62296	A0A0J9YTU7	Tead4	A0A0J9YTU7	True	False	False	False	False	False	C
Q62296	P82198	Tead4	Tgfbi	True	False	False	False	False	False	C
Q62296	P21981	Tead4	Tgm2	True	False	False	False	False	False	C
Q62296	Q6ZPF3	Tead4	Tiam2	True	False	False	False	False	False	C
Q62296	Q62441	Tead4	Tle4	True	False	False	False	False	False	C
Q62296	Q9ESN6	Tead4	Trim2	True	False	False	False	False	False	C
Q62296	Q99KU0	Tead4	Vmp1	True	False	False	False	False	False	C
Q62296	A2A484	Tead4	A2A484	True	False	False	False	False	False	C
Q61312	O35600	Tfap2c	Abca4	True	False	False	False	False	False	B
Q61312	Q9JI39	Tfap2c	Abcb10	True	False	False	False	False	False	C
Q61312	Q64343	Tfap2c	Abcg1	True	False	False	False	False	False	B
Q61312	A0A0R4J0B6	Tfap2c	A0A0R4J0B6	True	False	False	False	False	False	C
Q61312	E9Q4K0	Tfap2c	E9Q4K0	True	False	False	False	False	False	B
Q61312	A0A571BG95	Tfap2c	A0A571BG95	True	False	False	False	False	False	C
Q61312	P50544	Tfap2c	Acadvl	True	False	False	False	False	False	C
Q61312	Q91V12	Tfap2c	Acot7	True	False	False	False	False	False	B
Q61312	A0A1L1SV25	Tfap2c	A0A1L1SV25	True	False	False	False	False	False	B
Q61312	P84309	Tfap2c	Adcy5	True	False	False	False	False	False	B
Q61312	Q3UHD1	Tfap2c	Adgrb1	True	False	False	False	False	False	B
Q61312	Q80ZF8	Tfap2c	Adgrb3	True	False	False	False	False	False	C
Q61312	Q60612	Tfap2c	Adora1	True	False	False	False	False	False	B
Q61312	Q60613	Tfap2c	Adora2a	True	False	False	False	False	False	C
Q61312	Q8C138	Tfap2c	Adtrp	True	False	False	False	False	False	C
Q61312	Q80YS6	Tfap2c	Afap1	True	False	False	False	False	False	B
Q61312	Q8BXK8	Tfap2c	Agap1	True	False	False	False	False	False	B
Q61312	Q9D517	Tfap2c	Agpat3	True	False	False	False	False	False	B
Q61312	Q6PAL7	Tfap2c	Ahdc1	True	False	False	False	False	False	B
Q61312	A0A494BBD5	Tfap2c	A0A494BBD5	True	False	False	False	False	False	B
Q61312	Q924K1	Tfap2c	Aipl1	True	False	False	False	False	False	C
Q61312	A2ALI5	Tfap2c	Ajap1	True	False	False	False	False	False	C
Q61312	E9Q9K8	Tfap2c	E9Q9K8	True	False	False	False	False	False	B
Q61312	Q5RL57	Tfap2c	Q5RL57	True	False	False	False	False	False	C
Q61312	O35137	Tfap2c	Alx4	True	False	False	False	False	False	C
Q61312	Q8JZZ6	Tfap2c	Ammecr1l	True	False	False	False	False	False	C
Q61312	A0A087WRL8	Tfap2c	A0A087WRL8	True	False	False	False	False	False	C
Q61312	Q9DBT5	Tfap2c	Ampd2	True	False	False	False	False	False	C
Q61312	E9Q4F7	Tfap2c	Ankrd11	True	False	False	False	False	False	B
Q61312	Q80UP5	Tfap2c	Ankrd13a	True	False	False	False	False	False	C
Q61312	Q6P9J9	Tfap2c	Ano6	True	False	False	False	False	False	B
Q61312	P97384	Tfap2c	Anxa11	True	False	False	False	False	False	C
Q61312	Q9DBR4	Tfap2c	Apbb2	True	False	False	False	False	False	B
Q61312	Q3U128	Tfap2c	Apcdd1	True	False	False	False	False	False	C
Q61312	Q60709	Tfap2c	Q60709	True	False	False	False	False	False	C
Q61312	A2A5R2	Tfap2c	Arfgef2	True	False	False	False	False	False	B
Q61312	Q8BXL7	Tfap2c	Arfrp1	True	False	False	False	False	False	C
Q61312	Q8BL80	Tfap2c	Arhgap22	True	False	False	False	False	False	B
Q61312	Q6ZQ82	Tfap2c	Arhgap26	True	False	False	False	False	False	B
Q61312	E9Q6X9	Tfap2c	Arhgap40	True	False	False	False	False	False	C
Q61312	A2AWP8	Tfap2c	Arhgef10l	True	False	False	False	False	False	B
Q61312	Q3U5C8	Tfap2c	Arhgef16	True	False	False	False	False	False	C
Q61312	Q91X46	Tfap2c	Arhgef3	True	False	False	False	False	False	B
Q61312	A0A338P6U8	Tfap2c	A0A338P6U8	True	False	False	False	False	False	B
Q61312	Q8BM75	Tfap2c	Arid5b	True	False	False	False	False	False	B
Q61312	Q9CX83	Tfap2c	Armcx1	True	False	False	False	False	False	C
Q61312	Q8BHS6	Tfap2c	Armcx3	True	False	False	False	False	False	C
Q61312	J3QNU6	Tfap2c	J3QNU6	True	False	False	False	False	False	B
Q61312	Q3TYD4	Tfap2c	Arsg	True	False	False	False	False	False	B
Q61312	Q9QWY8	Tfap2c	Asap1	True	False	False	False	False	False	B
Q61312	E9PX52	Tfap2c	E9PX52	True	False	False	False	False	False	B
Q61312	Q91WR3	Tfap2c	Ascc2	True	False	False	False	False	False	B
Q61312	Q61024	Tfap2c	Asns	True	False	False	False	False	False	C
Q61312	Q80XK6	Tfap2c	Atg2b	True	False	False	False	False	False	C
Q61312	F8WHB1	Tfap2c	F8WHB1	True	False	False	False	False	False	B
Q61312	Q6Q477	Tfap2c	Atp2b4	True	False	False	False	False	False	B
Q61312	A7L9Z8	Tfap2c	Atp2c2	True	False	False	False	False	False	B
Q61312	P98200	Tfap2c	Atp8a2	True	False	False	False	False	False	C
Q61312	O70228	Tfap2c	Atp9a	True	False	False	False	False	False	B
Q61312	A0A286YCV0	Tfap2c	A0A286YCV0	True	False	False	False	False	False	C
Q61312	A0A286YDU2	Tfap2c	A0A286YDU2	True	False	False	False	False	False	C
Q61312	F7C0E4	Tfap2c	F7C0E4	True	False	False	False	False	False	B
Q61312	A0A7N9VSJ5	Tfap2c	A0A7N9VSJ5	True	False	False	False	False	False	B
Q61312	O88566	Tfap2c	Axin2	True	False	False	False	False	False	B
Q61312	Q09200	Tfap2c	B4galnt1	True	False	False	False	False	False	C
Q61312	A0A0R4J0I8	Tfap2c	A0A0R4J0I8	True	False	False	False	False	False	C
Q61312	P97302	Tfap2c	Bach1	True	False	False	False	False	False	C
Q61312	Q8BKX1	Tfap2c	Baiap2	True	False	False	False	False	False	B
Q61312	Q61140	Tfap2c	Bcar1	True	False	False	False	False	False	B
Q61312	Q9QZK2	Tfap2c	Bcar3	True	False	False	False	False	False	B
Q61312	Q80YN3	Tfap2c	Bcas1	True	False	False	False	False	False	B
Q61312	B1AR74	Tfap2c	B1AR74	True	False	False	False	False	False	B
Q61312	P41183	Tfap2c	Bcl6	True	False	False	False	False	False	C
Q61312	Q8CGN4	Tfap2c	Bcor	True	False	False	False	False	False	B
Q61312	F8VPZ9	Tfap2c	Bicra	True	False	False	False	False	False	C
Q61312	P23359	Tfap2c	Bmp7	True	False	False	False	False	False	B
Q61312	Q8CJ69	Tfap2c	Bmper	True	False	False	False	False	False	B
Q61312	F8VPY0	Tfap2c	F8VPY0	True	False	False	False	False	False	B
Q61312	A0A494BBD0	Tfap2c	A0A494BBD0	True	False	False	False	False	False	B
Q61312	G3X8S2	Tfap2c	G3X8S2	True	False	False	False	False	False	B
Q61312	Q5SXJ3	Tfap2c	Brip1	True	False	False	False	False	False	B
Q61312	P58544	Tfap2c	Btbd1	True	False	False	False	False	False	C
Q61312	A0A3B2WAM3	Tfap2c	A0A3B2WAM3	True	False	False	False	False	False	C
Q61312	Q9R0P4	Tfap2c	Smap	True	False	False	False	False	False	C
Q61312	Q8CF31	Tfap2c	Frey1	True	False	False	False	False	False	C
Q61312	Q3U148	Tfap2c	Q3U148	True	False	False	False	False	False	B
Q61312	P97445	Tfap2c	Cacna1a	True	False	False	False	False	False	B
Q61312	A0A1W2P731	Tfap2c	A0A1W2P731	True	False	False	False	False	False	B
Q61312	A0A2C9F2E5	Tfap2c	A0A2C9F2E5	True	False	False	False	False	False	B
Q61312	E9Q7P2	Tfap2c	E9Q7P2	True	False	False	False	False	False	B
Q61312	P0DP26	Tfap2c	Calm1	True	False	False	False	False	False	C;D
Q61312	Q5SVJ0	Tfap2c	Q5SVJ0	True	False	False	False	False	False	B
Q61312	E9QL26	Tfap2c	E9QL26	True	False	False	False	False	False	C
Q61312	Q9JLG8	Tfap2c	Capn15	True	False	False	False	False	False	C
Q61312	O08529	Tfap2c	Capn2	True	False	False	False	False	False	B
Q61312	A2AVV6	Tfap2c	A2AVV6	True	False	False	False	False	False	C
Q61312	A0A0R4J0K6	Tfap2c	A0A0R4J0K6	True	False	False	False	False	False	B
Q61312	Q05A80	Tfap2c	Caprin2	True	False	False	False	False	False	C
Q61312	P58660	Tfap2c	Card10	True	False	False	False	False	False	C
Q61312	Q9WVG6	Tfap2c	Carm1	True	False	False	False	False	False	C
Q61312	Q9CWL2	Tfap2c	Casz1	True	False	False	False	False	False	B
Q61312	P51637	Tfap2c	Cav3	True	False	False	False	False	False	C
Q61312	B7ZP57	Tfap2c	B7ZP57	True	False	False	False	False	False	C
Q61312	F8WHN2	Tfap2c	F8WHN2	True	False	False	False	False	False	C
Q61312	E6Y2W6	Tfap2c	E6Y2W6	True	False	False	False	False	False	C
Q61312	Q8BMK5	Tfap2c	Ccdc184	True	False	False	False	False	False	C
Q61312	E9Q6B2	Tfap2c	Ccdc85c	True	False	False	False	False	False	B
Q61312	Q6VGS5	Tfap2c	Ccdc88c	True	False	False	False	False	False	B
Q61312	P51944	Tfap2c	Ccnf	True	False	False	False	False	False	C
Q61312	O08918	Tfap2c	Ccng2	True	False	False	False	False	False	C
Q61312	Q9WU84	Tfap2c	Ccs	True	False	False	False	False	False	C
Q61312	P10300	Tfap2c	Cd8b	True	False	False	False	False	False	C
Q61312	Q6PFY9	Tfap2c	Cdc14b	True	False	False	False	False	False	C
Q61312	Q8R349	Tfap2c	Cdc16	True	False	False	False	False	False	C
Q61312	Q922M5	Tfap2c	Cdca7l	True	False	False	False	False	False	C
Q61312	Q9WTP5	Tfap2c	Cdh22	True	False	False	False	False	False	B
Q61312	Q99PF4	Tfap2c	Cdh23	True	False	False	False	False	False	B
Q61312	Q8BL00	Tfap2c	Cdhr3	True	False	False	False	False	False	B
Q61312	O35207	Tfap2c	Cdk2ap1	True	False	False	False	False	False	C
Q61312	Q8K389	Tfap2c	Cdk5rap2	True	False	False	False	False	False	B
Q61312	Q64261	Tfap2c	Cdk6	True	False	False	False	False	False	B
Q61312	Q9WTK2	Tfap2c	Cdyl	True	False	False	False	False	False	B
Q61312	Q5PR68	Tfap2c	Cep112	True	False	False	False	False	False	B
Q61312	E9Q2C0	Tfap2c	E9Q2C0	True	False	False	False	False	False	B
Q61312	Q91VN4	Tfap2c	Chchd6	True	False	False	False	False	False	B
Q61312	A2AJK6	Tfap2c	Chd7	True	False	False	False	False	False	C
Q61312	Q3V2R3	Tfap2c	Q3V2R3	True	False	False	False	False	False	B
Q61312	D3YV59	Tfap2c	D3YV59	True	False	False	False	False	False	C
Q61312	P49582	Tfap2c	Chrna7	True	False	False	False	False	False	C
Q61312	Q91XQ5	Tfap2c	Chst15	True	False	False	False	False	False	B
Q61312	Q7TMW6	Tfap2c	Ciao3	True	False	False	False	False	False	C
Q61312	Q9D0V8	Tfap2c	Cinp	True	False	False	False	False	False	C
Q61312	Q9D9H2	Tfap2c	Cldnd2	True	False	False	False	False	False	C
Q61312	Q80U30	Tfap2c	Clec16a	True	False	False	False	False	False	B
Q61312	Q9Z0H8	Tfap2c	Clip2	True	False	False	False	False	False	B
Q61312	Q8C5W0	Tfap2c	Clmn	True	False	False	False	False	False	B
Q61312	Q6ZWS4	Tfap2c	Cnih3	True	False	False	False	False	False	B
Q61312	Q9CWN7	Tfap2c	Cnot11	True	False	False	False	False	False	C
Q61312	P47746	Tfap2c	Cnr1	True	False	False	False	False	False	C
Q61312	Q5NBX1	Tfap2c	Cobl	True	False	False	False	False	False	B
Q61312	Q8BLX7	Tfap2c	Col16a1	True	False	False	False	False	False	C
Q61312	E9Q7P1	Tfap2c	E9Q7P1	True	False	False	False	False	False	B
Q61312	Q8K4G2	Tfap2c	Col23a1	True	False	False	False	False	False	B
Q61312	Q5QNQ9	Tfap2c	Col27a1	True	False	False	False	False	False	B
Q61312	P08122	Tfap2c	Col4a2	True	False	False	False	False	False	B
Q61312	O88207	Tfap2c	Col5a1	True	False	False	False	False	False	B
Q61312	Q3U962	Tfap2c	Col5a2	True	False	False	False	False	False	C
Q61312	Q8JZW4	Tfap2c	Cpne5	True	False	False	False	False	False	B
Q61312	Q9DC53	Tfap2c	Cpne8	True	False	False	False	False	False	C
Q61312	A0A0N4SV71	Tfap2c	A0A0N4SV71	True	False	False	False	False	False	B
Q61312	F8VPR5	Tfap2c	F8VPR5	True	False	False	False	False	False	B
Q61312	P35347	Tfap2c	Crhr1	True	False	False	False	False	False	C
Q61312	Q8BZQ2	Tfap2c	Crispld2	True	False	False	False	False	False	B
Q61312	Q8CJ40	Tfap2c	Crocc	True	False	False	False	False	False	C
Q61312	Q68ED7	Tfap2c	Crtc1	True	False	False	False	False	False	B
Q61312	Q9ERK4	Tfap2c	Cse1l	True	False	False	False	False	False	C
Q61312	P41241	Tfap2c	Csk	True	False	False	False	False	False	C
Q61312	Q9DC28	Tfap2c	Csnk1d	True	False	False	False	False	False	C
Q61312	P56546	Tfap2c	Ctbp2	True	False	False	False	False	False	B
Q61312	P58466	Tfap2c	Ctdsp1	True	False	False	False	False	False	C
Q61312	E9Q1U6	Tfap2c	E9Q1U6	True	False	False	False	False	False	B
Q61312	P26231	Tfap2c	Ctnna1	True	False	False	False	False	False	B
Q61312	A0A2I3BQV6	Tfap2c	A0A2I3BQV6	True	False	False	False	False	False	B
Q61312	Q9R013	Tfap2c	Ctsf	True	False	False	False	False	False	C
Q61312	Q8R3V6	Tfap2c	Cuedc1	True	False	False	False	False	False	B
Q61312	Q91WA4	Tfap2c	Cxxc5	True	False	False	False	False	False	C
Q61312	Q5SQX6	Tfap2c	Cyfip2	True	False	False	False	False	False	C
Q61312	Q80TQ2	Tfap2c	Cyld	True	False	False	False	False	False	C
Q61312	Q9WVK8	Tfap2c	Cyp46a1	True	False	False	False	False	False	C
Q61312	Q921M7	Tfap2c	Cyrib	True	False	False	False	False	False	B
Q61312	Q3TZ02	Tfap2c	Q3TZ02	True	False	False	False	False	False	B
Q61312	Q8BPM0	Tfap2c	Daam1	True	False	False	False	False	False	B
Q61312	A2AUX5	Tfap2c	A2AUX5	True	False	False	False	False	False	B
Q61312	P18894	Tfap2c	Dao	True	False	False	False	False	False	C
Q61312	Q8VDF3	Tfap2c	Dapk2	True	False	False	False	False	False	B
Q61312	Q059Y8	Tfap2c	Dcst1	True	False	False	False	False	False	C
Q61312	Q3U741	Tfap2c	Q3U741	True	False	False	False	False	False	C
Q61312	Q8QZV0	Tfap2c	Dedd2	True	False	False	False	False	False	C
Q61312	Q8K382	Tfap2c	Dennd1a	True	False	False	False	False	False	B
Q61312	Q924W7	Tfap2c	Dennd2b	True	False	False	False	False	False	B
Q61312	Q91WG7	Tfap2c	Dgkg	True	False	False	False	False	False	C
Q61312	A2ACQ1	Tfap2c	A2ACQ1	True	False	False	False	False	False	C
Q61312	B2RQ71	Tfap2c	B2RQ71	True	False	False	False	False	False	B
Q61312	Q8CI75	Tfap2c	Dis3l2	True	False	False	False	False	False	B
Q61312	Q80Y83	Tfap2c	Dixdc1	True	False	False	False	False	False	C
Q61312	A0A571BEZ4	Tfap2c	A0A571BEZ4	True	False	False	False	False	False	B
Q61312	B1AZP2	Tfap2c	Dlgap4	True	False	False	False	False	False	B
Q61312	Q9D2G2	Tfap2c	Dlst	True	False	False	False	False	False	C
Q61312	P54265	Tfap2c	Dmpk	True	False	False	False	False	False	C
Q61312	Q8BG36	Tfap2c	Dmrt2	True	False	False	False	False	False	C
Q61312	Q80TZ3	Tfap2c	Dnajc6	True	False	False	False	False	False	C
Q61312	P39054	Tfap2c	Dnm2	True	False	False	False	False	False	B
Q61312	P59764	Tfap2c	Dock4	True	False	False	False	False	False	B
Q61312	Q99KE3	Tfap2c	Dok4	True	False	False	False	False	False	C
Q61312	Q91ZM9	Tfap2c	Dok5	True	False	False	False	False	False	B
Q61312	P58269	Tfap2c	Dpf3	True	False	False	False	False	False	B
Q61312	Q9QZZ6	Tfap2c	Dpt	True	False	False	False	False	False	C
Q61312	Q61616	Tfap2c	Drd1	True	False	False	False	False	False	C
Q61312	P61168	Tfap2c	Drd2	True	False	False	False	False	False	C
Q61312	Q14AI0	Tfap2c	DSCC1	True	False	False	False	False	False	C
Q61312	A0A0N4SV63	Tfap2c	A0A0N4SV63	True	False	False	False	False	False	B
Q61312	P56931	Tfap2c	E2f2	True	False	False	False	False	False	C
Q61312	Q4PZA2	Tfap2c	Ece1	True	False	False	False	False	False	B
Q61312	O08796	Tfap2c	Eef2k	True	False	False	False	False	False	B
Q61312	Q9JHW4	Tfap2c	Eefsec	True	False	False	False	False	False	B
Q61312	B2CKC6	Tfap2c	B2CKC6	True	False	False	False	False	False	B
Q61312	O08543	Tfap2c	Efna5	True	False	False	False	False	False	B
Q61312	F6RMR6	Tfap2c	F6RMR6	True	False	False	False	False	False	C
Q61312	A0A0R4J0H9	Tfap2c	A0A0R4J0H9	True	False	False	False	False	False	B
Q61312	E9QP49	Tfap2c	E9QP49	True	False	False	False	False	False	C
Q61312	Q5DW34	Tfap2c	Ehmt1	True	False	False	False	False	False	B
Q61312	Q9DBB5	Tfap2c	Eif4e3	True	False	False	False	False	False	C
Q61312	A2AFS3	Tfap2c	Elapor1	True	False	False	False	False	False	B
Q61312	O08856	Tfap2c	Ell	True	False	False	False	False	False	B
Q61312	Q8BHL5	Tfap2c	Elmo2	True	False	False	False	False	False	C
Q61312	Q8BYZ7	Tfap2c	Elmo3	True	False	False	False	False	False	C
Q61312	Q05BC3	Tfap2c	Eml1	True	False	False	False	False	False	B
Q61312	Q7TNG5	Tfap2c	Eml2	True	False	False	False	False	False	C
Q61312	O35912	Tfap2c	Emp3	True	False	False	False	False	False	C
Q61312	Q63961	Tfap2c	Eng	True	False	False	False	False	False	C
Q61312	P17183	Tfap2c	Eno2	True	False	False	False	False	False	C
Q61312	O70318	Tfap2c	Epb41l2	True	False	False	False	False	False	C
Q61312	Q8CBF3	Tfap2c	Ephb1	True	False	False	False	False	False	B
Q61312	P54754	Tfap2c	Ephb3	True	False	False	False	False	False	B
Q61312	A0A7N9VRC4	Tfap2c	A0A7N9VRC4	True	False	False	False	False	False	C
Q61312	Q9DC16	Tfap2c	Ergic1	True	False	False	False	False	False	B
Q61312	B1AWQ4	Tfap2c	B1AWQ4	True	False	False	False	False	False	C
Q61312	O08580	Tfap2c	Esrra	True	False	False	False	False	False	C
Q61312	P62509	Tfap2c	Esrrg	True	False	False	False	False	False	B
Q61312	Q8BWY3	Tfap2c	Etf1	True	False	False	False	False	False	C
Q61312	P97360	Tfap2c	Etv6	True	False	False	False	False	False	B
Q61312	P70429	Tfap2c	Evl	True	False	False	False	False	False	B
Q61312	P97464	Tfap2c	Ext1	True	False	False	False	False	False	B
Q61312	O08575	Tfap2c	Eya2	True	False	False	False	False	False	B
Q61312	Q920L1	Tfap2c	Fads1	True	False	False	False	False	False	C
Q61312	Q9JJE7	Tfap2c	Fads3	True	False	False	False	False	False	C
Q61312	Q78T81	Tfap2c	Eeig1	True	False	False	False	False	False	B
Q61312	Q3TGF2	Tfap2c	Fam107b	True	False	False	False	False	False	B
Q61312	Q8K064	Tfap2c	Fam174b	True	False	False	False	False	False	B
Q61312	E9PXB2	Tfap2c	E9PXB2	True	False	False	False	False	False	B
Q61312	P25446	Tfap2c	Fas	True	False	False	False	False	False	C
Q61312	Q08879	Tfap2c	Fbln1	True	False	False	False	False	False	B
Q61312	P37889	Tfap2c	Fbln2	True	False	False	False	False	False	B
Q61312	Q9CPU7	Tfap2c	Fbxo32	True	False	False	False	False	False	C
Q61312	P53798	Tfap2c	Fdft1	True	False	False	False	False	False	C
Q61312	P52734	Tfap2c	Fgd1	True	False	False	False	False	False	C
Q61312	E9QKY4	Tfap2c	E9QKY4	True	False	False	False	False	False	B
Q61312	Q76LL6	Tfap2c	Fhod3	True	False	False	False	False	False	B
Q61312	Q9JJ28	Tfap2c	Flii	True	False	False	False	False	False	C
Q61312	Q80X90	Tfap2c	Flnb	True	False	False	False	False	False	B
Q61312	A0A0R4J0H8	Tfap2c	A0A0R4J0H8	True	False	False	False	False	False	B
Q61312	P42128	Tfap2c	Foxk1	True	False	False	False	False	False	B
Q61312	Q3UCQ1	Tfap2c	Foxk2	True	False	False	False	False	False	B
Q61312	H3BJ24	Tfap2c	H3BJ24	True	False	False	False	False	False	B
Q61312	Q8BIE6	Tfap2c	Frmd4a	True	False	False	False	False	False	B
Q61312	Q920B0	Tfap2c	Frmd4b	True	False	False	False	False	False	B
Q61312	Q8BGW1	Tfap2c	Fto	True	False	False	False	False	False	B
Q61312	Q9R1K5	Tfap2c	Fzr1	True	False	False	False	False	False	C
Q61312	P70699	Tfap2c	Gaa	True	False	False	False	False	False	C
Q61312	Q80T41	Tfap2c	Gabbr2	True	False	False	False	False	False	B
Q61312	Q6P9S7	Tfap2c	Galnt10	True	False	False	False	False	False	B
Q61312	Q08EC9	Tfap2c	Q08EC9	True	False	False	False	False	False	B
Q61312	Q6PB93	Tfap2c	Galnt2	True	False	False	False	False	False	C
Q61312	G3X942	Tfap2c	G3X942	True	False	False	False	False	False	B
Q61312	Q3V0G7	Tfap2c	Garnl3	True	False	False	False	False	False	B
Q61312	F6QB26	Tfap2c	F6QB26	True	False	False	False	False	False	B
Q61312	O09100	Tfap2c	Gata2	True	False	False	False	False	False	C
Q61312	Q920S3	Tfap2c	Gatad1	True	False	False	False	False	False	C
Q61312	A0A1D5RM07	Tfap2c	A0A1D5RM07	True	False	False	False	False	False	B
Q61312	E9PVA8	Tfap2c	Gcn1	True	False	False	False	False	False	C
Q61312	Q640M6	Tfap2c	Gdpd5	True	False	False	False	False	False	B
Q61312	Q60928	Tfap2c	Ggt1	True	False	False	False	False	False	C
Q61312	Q01231	Tfap2c	Gja5	True	False	False	False	False	False	C
Q61312	Q8BQU6	Tfap2c	Gjc2	True	False	False	False	False	False	C
Q61312	Q61602	Tfap2c	Gli3	True	False	False	False	False	False	B
Q61312	Q8K0C9	Tfap2c	Gmds	True	False	False	False	False	False	B
Q61312	P27600	Tfap2c	Gna12	True	False	False	False	False	False	B
Q61312	P08752	Tfap2c	Gnai2	True	False	False	False	False	False	C
Q61312	Q9DAS9	Tfap2c	Gng12	True	False	False	False	False	False	C
Q61312	D3YVW2	Tfap2c	D3YVW2	True	False	False	False	False	False	C
Q61312	Q9EQQ3	Tfap2c	Gpr63	True	False	False	False	False	False	C
Q61312	G5E8C3	Tfap2c	G5E8C3	True	False	False	False	False	False	C
Q61312	Q923Z0	Tfap2c	Gprc5b	True	False	False	False	False	False	C
Q61312	Q8CB44	Tfap2c	Gramd4	True	False	False	False	False	False	B
Q61312	Q60760	Tfap2c	Grb10	True	False	False	False	False	False	B
Q61312	Q8K5C0	Tfap2c	Grhl2	True	False	False	False	False	False	B
Q61312	B1AS29	Tfap2c	Grik3	True	False	False	False	False	False	B
Q61312	Q8BMF5	Tfap2c	Grik4	True	False	False	False	False	False	B
Q61312	Q3UYH7	Tfap2c	Grk3	True	False	False	False	False	False	C
Q61312	O70291	Tfap2c	Grk4	True	False	False	False	False	False	C
Q61312	G3XA00	Tfap2c	G3XA00	True	False	False	False	False	False	B
Q61312	Q3U3C9	Tfap2c	Gse1	True	False	False	False	False	False	B
Q61312	P13020	Tfap2c	Gsn	True	False	False	False	False	False	B
Q61312	Q9JI57	Tfap2c	Gtf2ird1	True	False	False	False	False	False	B
Q61312	P62806	Tfap2c	H4c1; H4c2; H4c3; H4c4; H4c6; H4c8; H4c9; H4c11; H4c12; Hist1h4m; H4c14; H4c16	True	False	False	False	False	False	C
Q61312	Q6NZM9	Tfap2c	Hdac4	True	False	False	False	False	False	B
Q61312	Q3U4H6	Tfap2c	Hexd	True	False	False	False	False	False	C
Q61312	Q0VBL6	Tfap2c	Hif3a	True	False	False	False	False	False	C
Q61312	Q9ERH7	Tfap2c	Hipk3	True	False	False	False	False	False	C
Q61312	Q3UHF7	Tfap2c	Hivep2	True	False	False	False	False	False	B
Q61312	A2A884	Tfap2c	Hivep3	True	False	False	False	False	False	B
Q61312	P17710	Tfap2c	Hk1	True	False	False	False	False	False	B
Q61312	O08528	Tfap2c	Hk2	True	False	False	False	False	False	B
Q61312	Q9Z2X1	Tfap2c	Hnrnpf	True	False	False	False	False	False	C
Q61312	P62748	Tfap2c	Hpcal1	True	False	False	False	False	False	B
Q61312	Q61411	Tfap2c	Hras	True	False	False	False	False	False	C
Q61312	Q9QYK5	Tfap2c	Hs6st1	True	False	False	False	False	False	B
Q61312	Q9R0L1	Tfap2c	Hsf4	True	False	False	False	False	False	C
Q61312	Q6VYH9	Tfap2c	Hsh2d	True	False	False	False	False	False	C
Q61312	A0A0R4J1K7	Tfap2c	A0A0R4J1K7	True	False	False	False	False	False	C
Q61312	Q8CAK1	Tfap2c	Iba57	True	False	False	False	False	False	C
Q61312	O89113	Tfap2c	Ier5	True	False	False	False	False	False	B
Q61312	Q8R2V2	Tfap2c	Iffo2	True	False	False	False	False	False	B
Q61312	Q8BR26	Tfap2c	Ifitm10	True	False	False	False	False	False	C
Q61312	E9PY46	Tfap2c	Ift140	True	False	False	False	False	False	C
Q61312	Q9DA69	Tfap2c	Ift43	True	False	False	False	False	False	C
Q61312	E9QNX9	Tfap2c	E9QNX9	True	False	False	False	False	False	B
Q61312	Q5SF07	Tfap2c	Igf2bp2	True	False	False	False	False	False	C
Q61312	A0A0R4J0S2	Tfap2c	A0A0R4J0S2	True	False	False	False	False	False	C
Q61312	Q6PDM4	Tfap2c	Iho1	True	False	False	False	False	False	C
Q61312	Q61727	Tfap2c	Il10ra	True	False	False	False	False	False	C
Q61312	P13504	Tfap2c	Il1r1	True	False	False	False	False	False	B
Q61312	Q80XF5	Tfap2c	Il22ra2	True	False	False	False	False	False	C
Q61312	Q7TNC9	Tfap2c	Inpp5a	True	False	False	False	False	False	B
Q61312	Q8CDA1	Tfap2c	Inpp5f	True	False	False	False	False	False	C
Q61312	E9PUA3	Tfap2c	E9PUA3	True	False	False	False	False	False	B
Q61312	Q9WUX5	Tfap2c	Irag1	True	False	False	False	False	False	C
Q61312	Q8VIM9	Tfap2c	Irgq	True	False	False	False	False	False	C
Q61312	Q9JL16	Tfap2c	Isg20	True	False	False	False	False	False	B
Q61312	A0A338P795	Tfap2c	A0A338P795	True	False	False	False	False	False	B
Q61312	Q9Z0T9	Tfap2c	Itgb6	True	False	False	False	False	False	B
Q61312	P11881	Tfap2c	Itpr1	True	False	False	False	False	False	B
Q61312	Q9Z0R4	Tfap2c	Itsn1	True	False	False	False	False	False	C
Q61312	Q9QYE5	Tfap2c	Jag2	True	False	False	False	False	False	C
Q61312	P97875	Tfap2c	Jdp2	True	False	False	False	False	False	C
Q61312	A2CG49	Tfap2c	Kalrn	True	False	False	False	False	False	B
Q61312	Q8C753	Tfap2c	Katnip	True	False	False	False	False	False	B
Q61312	Q8BJ66	Tfap2c	Kazald1	True	False	False	False	False	False	C
Q61312	P62482	Tfap2c	Kcnab2	True	False	False	False	False	False	B
Q61312	Q03717	Tfap2c	Kcnb1	True	False	False	False	False	False	B
Q61312	Q53Z09	Tfap2c	Q53Z09	True	False	False	False	False	False	C
Q61312	A0A087WQN5	Tfap2c	A0A087WQN5	True	False	False	False	False	False	B
Q61312	O89109	Tfap2c	Kcnn4	True	False	False	False	False	False	C
Q61312	P97414	Tfap2c	Kcnq1	True	False	False	False	False	False	C
Q61312	B7ZBV9	Tfap2c	B7ZBV9	True	False	False	False	False	False	C
Q61312	E9Q9F1	Tfap2c	E9Q9F1	True	False	False	False	False	False	C
Q61312	A0A0G2JG91	Tfap2c	A0A0G2JG91	True	False	False	False	False	False	B
Q61312	Q8K0E1	Tfap2c	Kctd15	True	False	False	False	False	False	B
Q61312	A2A9F4	Tfap2c	Kdf1	True	False	False	False	False	False	B
Q61312	B1AY49	Tfap2c	B1AY49	True	False	False	False	False	False	B
Q61312	A2A7S8	Tfap2c	Nhsl3	True	False	False	False	False	False	C
Q61312	B1AVY7	Tfap2c	Kif16b	True	False	False	False	False	False	B
Q61312	F8VQE2	Tfap2c	F8VQE2	True	False	False	False	False	False	C
Q61312	O35231	Tfap2c	Kifc3	True	False	False	False	False	False	C
Q61312	P58334	Tfap2c	Klf16	True	False	False	False	False	False	C
Q61312	Q60980	Tfap2c	Klf3	True	False	False	False	False	False	C
Q61312	Q8CEC4	Tfap2c	Q8CEC4	True	False	False	False	False	False	B
Q61312	Q8BGY4	Tfap2c	Klhl26	True	False	False	False	False	False	C
Q61312	Q80T74	Tfap2c	Klhl29	True	False	False	False	False	False	B
Q61312	Q9QYN3	Tfap2c	Klk11	True	False	False	False	False	False	B
Q61312	P55200	Tfap2c	Kmt2a	True	False	False	False	False	False	C
Q61312	P11679	Tfap2c	Krt8	True	False	False	False	False	False	B
Q61312	Q9Z1M7	Tfap2c	Large1	True	False	False	False	False	False	B
Q61312	Q8BVA5	Tfap2c	Ldah	True	False	False	False	False	False	C
Q61312	Q8BWJ4	Tfap2c	Ldlrad4	True	False	False	False	False	False	B
Q61312	Q9Z2I0	Tfap2c	Letm1	True	False	False	False	False	False	C
Q61312	Q8K406	Tfap2c	Lgi3	True	False	False	False	False	False	C
Q61312	Q8BGA2	Tfap2c	Lhfpl2	True	False	False	False	False	False	B
Q61312	P50481	Tfap2c	Lhx3	True	False	False	False	False	False	C
Q61312	A0A0N4SWH1	Tfap2c	A0A0N4SWH1	True	False	False	False	False	False	C
Q61312	Q3TJN5	Tfap2c	Q3TJN5	True	False	False	False	False	False	C
Q61312	Q9D1T0	Tfap2c	Lingo1	True	False	False	False	False	False	B
Q61312	Q9JLJ0	Tfap2c	Litaf	True	False	False	False	False	False	B
Q61312	B1ATA7	Tfap2c	B1ATA7	True	False	False	False	False	False	B
Q61312	P48678	Tfap2c	Lmna	True	False	False	False	False	False	B
Q61312	Q924W9	Tfap2c	Lmo1	True	False	False	False	False	False	C
Q61312	A0A0R4J0W7	Tfap2c	A0A0R4J0W7	True	False	False	False	False	False	B
Q61312	D3YUR7	Tfap2c	D3YUR7	True	False	False	False	False	False	C
Q61312	Q6NVG1	Tfap2c	Lpcat4	True	False	False	False	False	False	C
Q61312	A0A1Y7VJ01	Tfap2c	A0A1Y7VJ01	True	False	False	False	False	False	C
Q61312	Q8BFW7	Tfap2c	Lpp	True	False	False	False	False	False	B
Q61312	P62046	Tfap2c	Lrch1	True	False	False	False	False	False	B
Q61312	P70193	Tfap2c	Lrig1	True	False	False	False	False	False	B
Q61312	Q7TQH7	Tfap2c	Lrp10	True	False	False	False	False	False	C
Q61312	Q91VN0	Tfap2c	Lrp5	True	False	False	False	False	False	B
Q61312	Q8CI70	Tfap2c	Lrrc20	True	False	False	False	False	False	C
Q61312	Q3UZ39	Tfap2c	Lrrfip1	True	False	False	False	False	False	B
Q61312	P19973	Tfap2c	Lsp1	True	False	False	False	False	False	C
Q61312	Q61810	Tfap2c	Ltbp3	True	False	False	False	False	False	C
Q61312	Q9D7F2	Tfap2c	Lypd6b	True	False	False	False	False	False	B
Q61312	G5E8Q0	Tfap2c	G5E8Q0	True	False	False	False	False	False	C
Q61312	Q8K3C3	Tfap2c	Lzic	True	False	False	False	False	False	C
Q61312	Q8CEZ4	Tfap2c	Mab21l4	True	False	False	False	False	False	C
Q61312	Q9WTX8	Tfap2c	Mad1l1	True	False	False	False	False	False	B
Q61312	P20917	Tfap2c	Mag	True	False	False	False	False	False	C
Q61312	Q6RHR9	Tfap2c	Magi1	True	False	False	False	False	False	B
Q61312	Q6NXK9	Tfap2c	Q6NXK9	True	False	False	False	False	False	B
Q61312	Q3UTZ3	Tfap2c	Trappc14	True	False	False	False	False	False	C
Q61312	Q8BPM2	Tfap2c	Map4k5	True	False	False	False	False	False	C
Q61312	Q8BKH7	Tfap2c	Mapkap1	True	False	False	False	False	False	B
Q61312	A0A0A0MQA2	Tfap2c	A0A0A0MQA2	True	False	False	False	False	False	C
Q61312	E9PX79	Tfap2c	E9PX79	True	False	False	False	False	False	B
Q61312	Q811L6	Tfap2c	Mast4	True	False	False	False	False	False	B
Q61312	O08746	Tfap2c	Matn2	True	False	False	False	False	False	B
Q61312	A0A286YDI1	Tfap2c	A0A286YDI1	True	False	False	False	False	False	C
Q61312	Q8R2Y2	Tfap2c	Mcam	True	False	False	False	False	False	C
Q61312	E9PXE2	Tfap2c	E9PXE2	True	False	False	False	False	False	B
Q61312	D3Z499	Tfap2c	D3Z499	True	False	False	False	False	False	B
Q61312	P06801	Tfap2c	Me1	True	False	False	False	False	False	C
Q61312	Q8BMF3	Tfap2c	Me3	True	False	False	False	False	False	B
Q61312	Q924H2	Tfap2c	Med15	True	False	False	False	False	False	B
Q61312	Q60929	Tfap2c	Mef2a	True	False	False	False	False	False	C
Q61312	A0A0A0MQ83	Tfap2c	A0A0A0MQ83	True	False	False	False	False	False	B
Q61312	P97309	Tfap2c	Mesp1	True	False	False	False	False	False	C
Q61312	Q765H6	Tfap2c	Mgat5b	True	False	False	False	False	False	C
Q61312	O35678	Tfap2c	Mgll	True	False	False	False	False	False	B
Q61312	Q8R516	Tfap2c	Mib2	True	False	False	False	False	False	C
Q61312	Q8CJ19	Tfap2c	Mical3	True	False	False	False	False	False	B
Q61312	A0A1Y7VP67	Tfap2c	A0A1Y7VP67	True	False	False	False	False	False	B
Q61312	A0A0R4J075	Tfap2c	A0A0R4J075	True	False	False	False	False	False	B
Q61312	A2BFB0	Tfap2c	A2BFB0	True	False	False	False	False	False	C
Q61312	G5E8D8	Tfap2c	G5E8D8	True	False	False	False	False	False	C
Q61312	Q02853	Tfap2c	Mmp11	True	False	False	False	False	False	C
Q61312	P60762	Tfap2c	Morf4l1	True	False	False	False	False	False	C
Q61312	Q920Q6	Tfap2c	Msi2	True	False	False	False	False	False	B
Q61312	Q61468	Tfap2c	Msln	True	False	False	False	False	False	C
Q61312	Q9CRA4	Tfap2c	Msmo1	True	False	False	False	False	False	C
Q61312	A0A0R4J139	Tfap2c	A0A0R4J139	True	False	False	False	False	False	C
Q61312	Q8K4B0	Tfap2c	Mta1	True	False	False	False	False	False	C
Q61312	Q3UHU5	Tfap2c	Mtcl1	True	False	False	False	False	False	B
Q61312	G3X9H7	Tfap2c	G3X9H7	True	False	False	False	False	False	B
Q61312	A0A0R4J0N9	Tfap2c	A0A0R4J0N9	True	False	False	False	False	False	B
Q61312	E9Q5I3	Tfap2c	E9Q5I3	True	False	False	False	False	False	C
Q61312	Q6KAU4	Tfap2c	Mvb12b	True	False	False	False	False	False	B
Q61312	O35682	Tfap2c	Myadm	True	False	False	False	False	False	C
Q61312	P01108	Tfap2c	Myc	True	False	False	False	False	False	A
Q61312	Q8VDD5	Tfap2c	Myh9	True	False	False	False	False	False	B
Q61312	Q6PDN3	Tfap2c	Mylk	True	False	False	False	False	False	B
Q61312	Q3UIZ8	Tfap2c	Mylk3	True	False	False	False	False	False	C
Q61312	F8VQB6	Tfap2c	Myo10	True	False	False	False	False	False	B
Q61312	Q9JMH9	Tfap2c	Myo18a	True	False	False	False	False	False	B;D
Q61312	D3YV80	Tfap2c	D3YV80	True	False	False	False	False	False	B
Q61312	Q9JK37	Tfap2c	Myoz1	True	False	False	False	False	False	C
Q61312	A0A0N4SUJ3	Tfap2c	A0A0N4SUJ3	True	False	False	False	False	False	B
Q61312	Q9DCM7	Tfap2c	Nacc2	True	False	False	False	False	False	B
Q61312	A0A589P973	Tfap2c	A0A589P973	True	False	False	False	False	False	B
Q61312	V9GXT3	Tfap2c	V9GXT3	True	False	False	False	False	False	B
Q61312	E9Q9L6	Tfap2c	E9Q9L6	True	False	False	False	False	False	C
Q61312	Q91X97	Tfap2c	Ncald	True	False	False	False	False	False	B
Q61312	Q9ESJ4	Tfap2c	Nckipsd	True	False	False	False	False	False	C
Q61312	E9PY55	Tfap2c	E9PY55	True	False	False	False	False	False	B
Q61312	Q9QYG0	Tfap2c	Ndrg2	True	False	False	False	False	False	C
Q61312	Q3UHN9	Tfap2c	Ndst1	True	False	False	False	False	False	B
Q61312	A2AIL4	Tfap2c	Ndufaf6	True	False	False	False	False	False	B
Q61312	A0A286YDV4	Tfap2c	A0A286YDV4	True	False	False	False	False	False	B
Q61312	A0A0R4J212	Tfap2c	A0A0R4J212	True	False	False	False	False	False	B
Q61312	Q8CB65	Tfap2c	Nemp2	True	False	False	False	False	False	C
Q61312	A0A087WPX3	Tfap2c	A0A087WPX3	True	False	False	False	False	False	B
Q61312	Q60591	Tfap2c	Nfatc2	True	False	False	False	False	False	B
Q61312	Q8K120	Tfap2c	Nfatc4	True	False	False	False	False	False	C
Q61312	P70255	Tfap2c	Nfic	True	False	False	False	False	False	B
Q61312	Q8CCH2	Tfap2c	Nhlrc3	True	False	False	False	False	False	C
Q61312	Q3UP44	Tfap2c	Nhlrc4	True	False	False	False	False	False	C
Q61312	Q8R1F1	Tfap2c	Niban2	True	False	False	False	False	False	B
Q61312	Q80TM9	Tfap2c	Nisch	True	False	False	False	False	False	C
Q61312	Q9D035	Tfap2c	Nkain1	True	False	False	False	False	False	C
Q61312	Q4PNJ2	Tfap2c	Nkain2	True	False	False	False	False	False	C
Q61312	P97503	Tfap2c	Nkx3-2	True	False	False	False	False	False	C
Q61312	Q9EPA7	Tfap2c	Nmnat1	True	False	False	False	False	False	C
Q61312	Q8BNJ3	Tfap2c	Nmnat2	True	False	False	False	False	False	B
Q61312	Q8BGK0	Tfap2c	Q8BGK0	True	False	False	False	False	False	C
Q61312	Q3TZG8	Tfap2c	Q3TZG8	True	False	False	False	False	False	B
Q61312	G3UYV8	Tfap2c	G3UYV8	True	False	False	False	False	False	C
Q61312	P43136	Tfap2c	Nr2f6	True	False	False	False	False	False	C
Q61312	Q06219	Tfap2c	Nr4a2	True	False	False	False	False	False	C
Q61312	Q9QZB6	Tfap2c	Nr4a3	True	False	False	False	False	False	C
Q61312	Q810U4	Tfap2c	Nrcam	True	False	False	False	False	False	B
Q61312	O35375	Tfap2c	Nrp2	True	False	False	False	False	False	B
Q61312	Q8C5P5	Tfap2c	Nt5dc1	True	False	False	False	False	False	C
Q61312	Q3UHB1	Tfap2c	Nt5dc3	True	False	False	False	False	False	C
Q61312	A0A1W2P799	Tfap2c	A0A1W2P799	True	False	False	False	False	False	C
Q61312	Q6VNS1	Tfap2c	Ntrk3	True	False	False	False	False	False	B
Q61312	E9Q7G0	Tfap2c	Numa1	True	False	False	False	False	False	C
Q61312	Q9D136	Tfap2c	Ogfod3	True	False	False	False	False	False	C
Q61312	Q8K010	Tfap2c	Oplah	True	False	False	False	False	False	C
Q61312	Q5QNQ6	Tfap2c	Osbp2	True	False	False	False	False	False	C
Q61312	S4R1M9	Tfap2c	Osbpl10	True	False	False	False	False	False	B
Q61312	Q9ER64	Tfap2c	Osbpl5	True	False	False	False	False	False	B
Q61312	Q8BGA9	Tfap2c	Oxa1l	True	False	False	False	False	False	C
Q61312	A0A0R4J289	Tfap2c	A0A0R4J289	True	False	False	False	False	False	C
Q61312	Q8BG58	Tfap2c	P4htm	True	False	False	False	False	False	C
Q61312	Q8K212	Tfap2c	Pacs1	True	False	False	False	False	False	B
Q61312	A0A1Y7VLZ7	Tfap2c	A0A1Y7VLZ7	True	False	False	False	False	False	B
Q61312	Q9WVE8	Tfap2c	Pacsin2	True	False	False	False	False	False	B
Q61312	Q9Z183	Tfap2c	Padi4	True	False	False	False	False	False	C
Q61312	Q9Z0P4	Tfap2c	Palm	True	False	False	False	False	False	C
Q61312	Q8CIE4	Tfap2c	Parp10	True	False	False	False	False	False	C
Q61312	G3X8Q7	Tfap2c	G3X8Q7	True	False	False	False	False	False	C
Q61312	Q9JJ78	Tfap2c	Pbk	True	False	False	False	False	False	C
Q61312	P41778	Tfap2c	Pbx1	True	False	False	False	False	False	B
Q61312	P60335	Tfap2c	Pcbp1	True	False	False	False	False	False	B
Q61312	Q5DU28	Tfap2c	Pcnx2	True	False	False	False	False	False	B
Q61312	O89084	Tfap2c	Pde4a	True	False	False	False	False	False	C
Q61312	Q8VBU5	Tfap2c	Q8VBU5	True	False	False	False	False	False	B
Q61312	Q01063	Tfap2c	Pde4d	True	False	False	False	False	False	B
Q61312	P23440	Tfap2c	Pde6b	True	False	False	False	False	False	C
Q61312	P70453	Tfap2c	Pde7a	True	False	False	False	False	False	C
Q61312	Q3TML0	Tfap2c	Q3TML0	True	False	False	False	False	False	C
Q61312	O70400	Tfap2c	Pdlim1	True	False	False	False	False	False	C
Q61312	A0A087WQ09	Tfap2c	A0A087WQ09	True	False	False	False	False	False	B
Q61312	Q9D9M4	Tfap2c	Pdzd9	True	False	False	False	False	False	C
Q61312	Q149B8	Tfap2c	Perm1	True	False	False	False	False	False	C
Q61312	Q91XC9	Tfap2c	Pex16	True	False	False	False	False	False	C
Q61312	A0A140LIX6	Tfap2c	A0A140LIX6	True	False	False	False	False	False	C
Q61312	Q8BYK5	Tfap2c	Phactr3	True	False	False	False	False	False	B
Q61312	Q8C966	Tfap2c	Phf21b	True	False	False	False	False	False	C
Q61312	Q8K1N2	Tfap2c	Phldb2	True	False	False	False	False	False	C
Q61312	Q9ET66	Tfap2c	Pi16	True	False	False	False	False	False	C
Q61312	Q9QYT7	Tfap2c	Pigq	True	False	False	False	False	False	C
Q61312	D3Z091	Tfap2c	D3Z091	True	False	False	False	False	False	B
Q61312	Q8BTI9	Tfap2c	Pik3cb	True	False	False	False	False	False	C
Q61312	O08908	Tfap2c	Pik3r2	True	False	False	False	False	False	C
Q61312	O70172	Tfap2c	Pip4k2a	True	False	False	False	False	False	B
Q61312	Q6ZPQ6	Tfap2c	Pitpnm2	True	False	False	False	False	False	B
Q61312	A0A6Q6QBZ6	Tfap2c	A0A6Q6QBZ6	True	False	False	False	False	False	C
Q61312	P97350	Tfap2c	Pkp1	True	False	False	False	False	False	B
Q61312	Q68FH0	Tfap2c	Pkp4	True	False	False	False	False	False	B
Q61312	Q3TTY0	Tfap2c	Plb1	True	False	False	False	False	False	B
Q61312	A0A0R4J0B2	Tfap2c	A0A0R4J0B2	True	False	False	False	False	False	C
Q61312	Q9Z1B3	Tfap2c	Plcb1	True	False	False	False	False	False	B
Q61312	Q91UZ1	Tfap2c	Q91UZ1	True	False	False	False	False	False	B
Q61312	Q62077	Tfap2c	Plcg1	True	False	False	False	False	False	C
Q61312	F7C3A0	Tfap2c	F7C3A0	True	False	False	False	False	False	B
Q61312	Q3UNN8	Tfap2c	Pld5	True	False	False	False	False	False	C
Q61312	Q9QXS1	Tfap2c	Plec	True	False	False	False	False	False	B
Q61312	Q7TSI1	Tfap2c	Plekhm1	True	False	False	False	False	False	C
Q61312	P70206	Tfap2c	Plxna1	True	False	False	False	False	False	B
Q61312	P70207	Tfap2c	Plxna2	True	False	False	False	False	False	B
Q61312	Q80UG2	Tfap2c	Plxna4	True	False	False	False	False	False	B
Q61312	Q9QZC2	Tfap2c	Plxnc1	True	False	False	False	False	False	C
Q61312	A2APF4	Tfap2c	A2APF4	True	False	False	False	False	False	B
Q61312	A0A2I3BS22	Tfap2c	A0A2I3BS22	True	False	False	False	False	False	C
Q61312	Q9D8C9	Tfap2c	Q9D8C9	True	False	False	False	False	False	C
Q61312	Q9QUG2	Tfap2c	Polk	True	False	False	False	False	False	C
Q61312	P37040	Tfap2c	Por	True	False	False	False	False	False	C
Q61312	P23204	Tfap2c	Ppara	True	False	False	False	False	False	C
Q61312	Q8VHJ7	Tfap2c	Ppargc1b	True	False	False	False	False	False	B
Q61312	A0A140LIN3	Tfap2c	A0A140LIN3	True	False	False	False	False	False	B
Q61312	Q9D787	Tfap2c	Ppil2	True	False	False	False	False	False	C
Q61312	Q80TL0	Tfap2c	Ppm1e	True	False	False	False	False	False	C
Q61312	Q8CGA0	Tfap2c	Ppm1f	True	False	False	False	False	False	C
Q61312	Q3UMT1	Tfap2c	Ppp1r12c	True	False	False	False	False	False	C
Q61312	Q62084	Tfap2c	Ppp1r14b	True	False	False	False	False	False	C
Q61312	Q923M0	Tfap2c	Ppp1r16a	True	False	False	False	False	False	C
Q61312	Q8BG02	Tfap2c	Ppp2r2c	True	False	False	False	False	False	B
Q61312	Q7TSI3	Tfap2c	Ppp6r1	True	False	False	False	False	False	C
Q61312	A2A935	Tfap2c	Prdm16	True	False	False	False	False	False	B
Q61312	Q69ZK0	Tfap2c	Prex1	True	False	False	False	False	False	B
Q61312	Q3U5C7	Tfap2c	Prickle1	True	False	False	False	False	False	C
Q61312	Q80Y24	Tfap2c	Prickle2	True	False	False	False	False	False	B
Q61312	Q80VL3	Tfap2c	Prickle3	True	False	False	False	False	False	C
Q61312	Q91WG5	Tfap2c	Prkag2	True	False	False	False	False	False	B
Q61312	P16054	Tfap2c	Prkce	True	False	False	False	False	False	B
Q61312	P23298	Tfap2c	Prkch	True	False	False	False	False	False	B
Q61312	Q08501	Tfap2c	Prlr	True	False	False	False	False	False	B
Q61312	F8WHT3	Tfap2c	F8WHT3	True	False	False	False	False	False	B
Q61312	Q9D6X6	Tfap2c	Prss23	True	False	False	False	False	False	C
Q61312	Q99M15	Tfap2c	Pstpip2	True	False	False	False	False	False	C
Q61312	Q62035	Tfap2c	Ptafr	True	False	False	False	False	False	C
Q61312	Q9Z1X2	Tfap2c	Ptdss2	True	False	False	False	False	False	C
Q61312	P34152	Tfap2c	Ptk2	True	False	False	False	False	False	B
Q61312	P26350	Tfap2c	Ptma	True	False	False	False	False	False	C
Q61312	A2A8L5	Tfap2c	Ptprf	True	False	False	False	False	False	B
Q61312	E9Q4S7	Tfap2c	E9Q4S7	True	False	False	False	False	False	B
Q61312	P80560	Tfap2c	Ptprn2	True	False	False	False	False	False	C
Q61312	Q8R143	Tfap2c	Pttg1ip	True	False	False	False	False	False	C
Q61312	P32848	Tfap2c	Pvalb	True	False	False	False	False	False	C
Q61312	E9Q9M8	Tfap2c	Pwwp2b	True	False	False	False	False	False	C
Q61312	Q3UQ28	Tfap2c	Pxdn	True	False	False	False	False	False	B
Q61312	Q3U4I7	Tfap2c	Pyroxd2	True	False	False	False	False	False	C
Q61312	Q921E2	Tfap2c	Rab31	True	False	False	False	False	False	B
Q61312	P54728	Tfap2c	Rad23b	True	False	False	False	False	False	B
Q61312	O35719	Tfap2c	Rad51b	True	False	False	False	False	False	B
Q61312	Q61818	Tfap2c	Rai1	True	False	False	False	False	False	B
Q61312	Q03385	Tfap2c	Ralgds	True	False	False	False	False	False	B
Q61312	A2AR50	Tfap2c	Ralgps1	True	False	False	False	False	False	B
Q61312	Q9WUP1	Tfap2c	Ramp3	True	False	False	False	False	False	C
Q61312	Q5SVL6	Tfap2c	Rap1gap2	True	False	False	False	False	False	B
Q61312	Q91ZZ2	Tfap2c	Q91ZZ2	True	False	False	False	False	False	B
Q61312	Q9EQZ6	Tfap2c	Rapgef4	True	False	False	False	False	False	B
Q61312	P12672	Tfap2c	Rapsn	True	False	False	False	False	False	C
Q61312	P11416	Tfap2c	Rara	True	False	False	False	False	False	B
Q61312	P18911	Tfap2c	Rarg	True	False	False	False	False	False	C
Q61312	Q60790	Tfap2c	Rasa3	True	False	False	False	False	False	B
Q61312	Q6PFQ7	Tfap2c	Rasa4	True	False	False	False	False	False	C;D
Q61312	Q8CB96	Tfap2c	Rassf4	True	False	False	False	False	False	C
Q61312	Q91WT8	Tfap2c	Rbm47	True	False	False	False	False	False	B
Q61312	P31266	Tfap2c	Rbpj	True	False	False	False	False	False	B
Q61312	Q80TZ9	Tfap2c	Rere	True	False	False	False	False	False	B
Q61312	Q6A0D4	Tfap2c	Rftn1	True	False	False	False	False	False	B
Q61312	P48379	Tfap2c	Rfx2	True	False	False	False	False	False	B
Q61312	Q9DBX1	Tfap2c	Rgcc	True	False	False	False	False	False	C
Q61312	Q6PCX7	Tfap2c	Rgma	True	False	False	False	False	False	C
Q61312	A0A087WNZ9	Tfap2c	A0A087WNZ9	True	False	False	False	False	False	B
Q61312	A0A0A6YW36	Tfap2c	A0A0A6YW36	True	False	False	False	False	False	C
Q61312	O54828	Tfap2c	Rgs9	True	False	False	False	False	False	B
Q61312	Q91V93	Tfap2c	Rhobtb2	True	False	False	False	False	False	C
Q61312	P59729	Tfap2c	Rin3	True	False	False	False	False	False	B
Q61312	Q68FE6	Tfap2c	Ripor1	True	False	False	False	False	False	C
Q61312	A1L3T7	Tfap2c	Ripor3	True	False	False	False	False	False	B
Q61312	Q8BG47	Tfap2c	Rnf152	True	False	False	False	False	False	C
Q61312	E9QAU8	Tfap2c	Ark2c	True	False	False	False	False	False	B
Q61312	Q9CQJ4	Tfap2c	Rnf2	True	False	False	False	False	False	C
Q61312	Q9Z2I4	Tfap2c	Robo3	True	False	False	False	False	False	C
Q61312	A2ACM0	Tfap2c	A2ACM0	True	False	False	False	False	False	B
Q61312	A2AVJ7	Tfap2c	A2AVJ7	True	False	False	False	False	False	C
Q61312	Q3UH06	Tfap2c	Rreb1	True	False	False	False	False	False	B
Q61312	Q6PEE3	Tfap2c	Rrm2b	True	False	False	False	False	False	C
Q61312	Q8QZY4	Tfap2c	Rtbdn	True	False	False	False	False	False	C
Q61312	Q99PI8	Tfap2c	Rtn4r	True	False	False	False	False	False	C
Q61312	Q8BG26	Tfap2c	Rusc1	True	False	False	False	False	False	C
Q61312	P60122	Tfap2c	Ruvbl1	True	False	False	False	False	False	C
Q61312	P28700	Tfap2c	Rxra	True	False	False	False	False	False	B
Q61312	S4R1M2	Tfap2c	S4R1M2	True	False	False	False	False	False	C
Q61312	Q8CBY1	Tfap2c	Samd4a	True	False	False	False	False	False	B
Q61312	Q6PDS3	Tfap2c	Sarm1	True	False	False	False	False	False	C
Q61312	Q61009	Tfap2c	Scarb1	True	False	False	False	False	False	B
Q61312	Q60604	Tfap2c	Scin	True	False	False	False	False	False	B
Q61312	Q9WU38	Tfap2c	Scnn1b	True	False	False	False	False	False	B
Q61312	Q3UH53	Tfap2c	Sdk1	True	False	False	False	False	False	B
Q61312	Q6V4S5	Tfap2c	Sdk2	True	False	False	False	False	False	B
Q61312	E9QAT4	Tfap2c	Sec16a	True	False	False	False	False	False	C
Q61312	Q62179	Tfap2c	Sema4b	True	False	False	False	False	False	B
Q61312	Q3UPZ0	Tfap2c	Q3UPZ0	True	False	False	False	False	False	C
Q61312	Q80YD6	Tfap2c	Sergef	True	False	False	False	False	False	C
Q61312	Q9ERC3	Tfap2c	Sertad3	True	False	False	False	False	False	C
Q61312	Q9WVC6	Tfap2c	Sgk1	True	False	False	False	False	False	C
Q61312	D3Z107	Tfap2c	D3Z107	True	False	False	False	False	False	C
Q61312	Q921I6	Tfap2c	Sh3bp4	True	False	False	False	False	False	B
Q61312	Q9Z131	Tfap2c	Sh3bp5	True	False	False	False	False	False	B
Q61312	Q8R550	Tfap2c	Sh3kbp1	True	False	False	False	False	False	C
Q61312	O89032	Tfap2c	Sh3pxd2a	True	False	False	False	False	False	B
Q61312	A0A5F8MPP7	Tfap2c	A0A5F8MPP7	True	False	False	False	False	False	B
Q61312	D3Z5K8	Tfap2c	D3Z5K8	True	False	False	False	False	False	B
Q61312	Q6PD21	Tfap2c	Shb	True	False	False	False	False	False	C
Q61312	A7TU71	Tfap2c	A7TU71	True	False	False	False	False	False	C
Q61312	E9QMY5	Tfap2c	E9QMY5	True	False	False	False	False	False	B
Q61312	Q8K2Q9	Tfap2c	Shtn1	True	False	False	False	False	False	C
Q61312	Q60670	Tfap2c	Sik1	True	False	False	False	False	False	C
Q61312	Q9EPK6	Tfap2c	Sil1	True	False	False	False	False	False	B
Q61312	Q8C0T5	Tfap2c	Sipa1l1	True	False	False	False	False	False	B
Q61312	Q80TE4	Tfap2c	Sipa1l2	True	False	False	False	False	False	B
Q61312	G3X9J0	Tfap2c	Sipa1l3	True	False	False	False	False	False	B
Q61312	B1AUF1	Tfap2c	B1AUF1	True	False	False	False	False	False	B
Q61312	Q9JIS8	Tfap2c	Slc12a4	True	False	False	False	False	False	C
Q61312	Q91Y63	Tfap2c	Slc13a3	True	False	False	False	False	False	C
Q61312	P57787	Tfap2c	Slc16a3	True	False	False	False	False	False	C
Q61312	P41438	Tfap2c	Slc19a1	True	False	False	False	False	False	C
Q61312	Q3UHH2	Tfap2c	Slc22a23	True	False	False	False	False	False	B
Q61312	A0A0R4J067	Tfap2c	A0A0R4J067	True	False	False	False	False	False	C
Q61312	Q9D6M3	Tfap2c	Slc25a22	True	False	False	False	False	False	C
Q61312	A2ASZ8	Tfap2c	Slc25a25	True	False	False	False	False	False	C
Q61312	Q8K2P7	Tfap2c	Slc38a1	True	False	False	False	False	False	B
Q61312	Q8BWY7	Tfap2c	Slc39a11	True	False	False	False	False	False	B
Q61312	E9Q1Q0	Tfap2c	E9Q1Q0	True	False	False	False	False	False	C
Q61312	Q9D687	Tfap2c	Slc6a19	True	False	False	False	False	False	C
Q61312	O35316	Tfap2c	Slc6a6	True	False	False	False	False	False	B
Q61312	Q9Z127	Tfap2c	Slc7a5	True	False	False	False	False	False	C
Q61312	Q9EPT5	Tfap2c	Slco2a1	True	False	False	False	False	False	B
Q61312	Q8R3L5	Tfap2c	Slco3a1	True	False	False	False	False	False	B
Q61312	Q8K078	Tfap2c	Slco4a1	True	False	False	False	False	False	C
Q61312	Q8BUN5	Tfap2c	Smad3	True	False	False	False	False	False	B
Q61312	O35182	Tfap2c	Smad6	True	False	False	False	False	False	C
Q61312	Q99JR8	Tfap2c	Smarcd2	True	False	False	False	False	False	C
Q61312	Q8CG48	Tfap2c	Smc2	True	False	False	False	False	False	C
Q61312	A0A0R4J1E4	Tfap2c	A0A0R4J1E4	True	False	False	False	False	False	B
Q61312	Q9CWR2	Tfap2c	Smyd3	True	False	False	False	False	False	B
Q61312	Q78PY7	Tfap2c	Snd1	True	False	False	False	False	False	B
Q61312	Q9D3S3	Tfap2c	Snx29	True	False	False	False	False	False	B
Q61312	Q9EPR5	Tfap2c	Sorcs2	True	False	False	False	False	False	B
Q61312	Q04891	Tfap2c	Sox13	True	False	False	False	False	False	B
Q61312	P40645	Tfap2c	Sox6	True	False	False	False	False	False	C
Q61312	A0A0R4J0X4	Tfap2c	A0A0R4J0X4	True	False	False	False	False	False	C
Q61312	Q91WJ7	Tfap2c	Spats2l	True	False	False	False	False	False	B
Q61312	Q61142	Tfap2c	Spin1	True	False	False	False	False	False	C
Q61312	Q8BKQ3	Tfap2c	Q8BKQ3	True	False	False	False	False	False	B
Q61312	Q924S7	Tfap2c	Spred2	True	False	False	False	False	False	B
Q61312	Q9D5L7	Tfap2c	Spsb1	True	False	False	False	False	False	B
Q61312	Q3UGX2	Tfap2c	Q3UGX2	True	False	False	False	False	False	B
Q61312	A0A1C7CYU9	Tfap2c	A0A1C7CYU9	True	False	False	False	False	False	C
Q61312	A0A0R4J136	Tfap2c	A0A0R4J136	True	False	False	False	False	False	C
Q61312	Q9WTN3	Tfap2c	Srebf1	True	False	False	False	False	False	C
Q61312	F8VPQ4	Tfap2c	F8VPQ4	True	False	False	False	False	False	B
Q61312	Q542V3	Tfap2c	Q542V3	True	False	False	False	False	False	C
Q61312	Q9D032	Tfap2c	Ssbp3	True	False	False	False	False	False	B
Q61312	Q8K330	Tfap2c	Ssh3	True	False	False	False	False	False	C
Q61312	A0A571BFB5	Tfap2c	A0A571BFB5	True	False	False	False	False	False	C
Q61312	A0A0U1RNK2	Tfap2c	A0A0U1RNK2	True	False	False	False	False	False	B
Q61312	Q64685	Tfap2c	St6gal1	True	False	False	False	False	False	B
Q61312	Q8R0L1	Tfap2c	Stap2	True	False	False	False	False	False	B
Q61312	A0A0J9YTR8	Tfap2c	A0A0J9YTR8	True	False	False	False	False	False	B
Q61312	O88452	Tfap2c	Stc2	True	False	False	False	False	False	C
Q61312	O55098	Tfap2c	Stk10	True	False	False	False	False	False	B
Q61312	Q9JI10	Tfap2c	Stk3	True	False	False	False	False	False	B
Q61312	Q8BVI5	Tfap2c	Stx16	True	False	False	False	False	False	C
Q61312	O08599	Tfap2c	Stxbp1	True	False	False	False	False	False	B
Q61312	Q8CFG0	Tfap2c	Sulf2	True	False	False	False	False	False	B
Q61312	Q9DBX3	Tfap2c	Susd2	True	False	False	False	False	False	C
Q61312	Q8K4L3	Tfap2c	Svil	True	False	False	False	False	False	B
Q61312	Q8JZP2	Tfap2c	Syn3	True	False	False	False	False	False	B
Q61312	Q6ZWQ0	Tfap2c	Syne2	True	False	False	False	False	False	B
Q61312	D3YWM9	Tfap2c	D3YWM9	True	False	False	False	False	False	B
Q61312	Q920N7	Tfap2c	Syt12	True	False	False	False	False	False	C
Q61312	D3YYS0	Tfap2c	D3YYS0	True	False	False	False	False	False	C
Q61312	E9Q8T1	Tfap2c	E9Q8T1	True	False	False	False	False	False	B
Q61312	Q8R0L9	Tfap2c	Tada3	True	False	False	False	False	False	C
Q61312	Q0VGY8	Tfap2c	Tanc1	True	False	False	False	False	False	B
Q61312	Q8BLY2	Tfap2c	Tars3	True	False	False	False	False	False	C
Q61312	Q60949	Tfap2c	Tbc1d1	True	False	False	False	False	False	B
Q61312	D3YWM7	Tfap2c	D3YWM7	True	False	False	False	False	False	B
Q61312	Q8BYA0	Tfap2c	Tbcd	True	False	False	False	False	False	B
Q61312	Q8BHJ5	Tfap2c	Tbl1xr1	True	False	False	False	False	False	B
Q61312	P70325	Tfap2c	Tbx4	True	False	False	False	False	False	B
Q61312	Q3B807	Tfap2c	Tcerg1l	True	False	False	False	False	False	C
Q61312	A0A494B9E3	Tfap2c	A0A494B9E3	True	False	False	False	False	False	C
Q61312	Q80VL1	Tfap2c	Tdrkh	True	False	False	False	False	False	C
Q61312	Q3UH45	Tfap2c	Q3UH45	True	False	False	False	False	False	B
Q61312	Q3UHK6	Tfap2c	Tenm4	True	False	False	False	False	False	B
Q61312	Q6ZPJ0	Tfap2c	Tex2	True	False	False	False	False	False	B
Q61312	D3YZM7	Tfap2c	D3YZM7	True	False	False	False	False	False	C
Q61312	O08710	Tfap2c	Tg	True	False	False	False	False	False	B
Q61312	A8C756	Tfap2c	Thada	True	False	False	False	False	False	B
Q61312	Q05895	Tfap2c	Thbs3	True	False	False	False	False	False	C
Q61312	Q3UTY6	Tfap2c	Thsd4	True	False	False	False	False	False	B
Q61312	G3UWG2	Tfap2c	G3UWG2	True	False	False	False	False	False	B
Q61312	Q08122	Tfap2c	Tle3	True	False	False	False	False	False	B
Q61312	A0A1L1SQ51	Tfap2c	A0A1L1SQ51	True	False	False	False	False	False	B
Q61312	Q3UHI4	Tfap2c	Tmed8	True	False	False	False	False	False	C
Q61312	Q6PHN7	Tfap2c	Tmem164	True	False	False	False	False	False	B
Q61312	A2A8U2	Tfap2c	Tmem201	True	False	False	False	False	False	C
Q61312	Q3UUA0	Tfap2c	Lhfpl7	True	False	False	False	False	False	C
Q61312	Q3UME2	Tfap2c	Tmem241	True	False	False	False	False	False	B
Q61312	B7ZWI3	Tfap2c	Tmem92	True	False	False	False	False	False	C
Q61312	D3Z3B6	Tfap2c	D3Z3B6	True	False	False	False	False	False	C
Q61312	Q8CGB6	Tfap2c	Tns2	True	False	False	False	False	False	C
Q61312	Q5SSZ5	Tfap2c	Tns3	True	False	False	False	False	False	B
Q61312	Q5SRX1	Tfap2c	Tom1l2	True	False	False	False	False	False	B
Q61312	Q9QYA2	Tfap2c	Tomm40	True	False	False	False	False	False	C
Q61312	Q01320	Tfap2c	Top2a	True	False	False	False	False	False	C
Q61312	Q64511	Tfap2c	Top2b	True	False	False	False	False	False	C
Q61312	O70157	Tfap2c	Top3a	True	False	False	False	False	False	C
Q61312	E5FYH1	Tfap2c	Topaz1	True	False	False	False	False	False	C
Q61312	Q99MU1	Tfap2c	Tpra1	True	False	False	False	False	False	C
Q61312	Q8CB49	Tfap2c	Tprg1	True	False	False	False	False	False	B
Q61312	A0A1B0GS38	Tfap2c	A0A1B0GS38	True	False	False	False	False	False	C
Q61312	Q6PD31	Tfap2c	Trak1	True	False	False	False	False	False	B
Q61312	Q3U0M1	Tfap2c	Trappc9	True	False	False	False	False	False	B
Q61312	Q9ESN6	Tfap2c	Trim2	True	False	False	False	False	False	B
Q61312	Q0KL02	Tfap2c	Trio	True	False	False	False	False	False	B
Q61312	Q9JJH7	Tfap2c	Trpm5	True	False	False	False	False	False	C
Q61312	G3UW90	Tfap2c	G3UW90	True	False	False	False	False	False	B
Q61312	Q91WD2	Tfap2c	Trpv6	True	False	False	False	False	False	B
Q61312	Q8CBR6	Tfap2c	Tsku	True	False	False	False	False	False	C
Q61312	Q8QZY6	Tfap2c	Tspan14	True	False	False	False	False	False	B
Q61312	Q9CQ88	Tfap2c	Tspan31	True	False	False	False	False	False	C
Q61312	Q8BJU2	Tfap2c	Tspan9	True	False	False	False	False	False	B
Q61312	Q8BYY4	Tfap2c	Ttc39b	True	False	False	False	False	False	C
Q61312	Q8BGB2	Tfap2c	Ttc7a	True	False	False	False	False	False	B
Q61312	E9Q6P5	Tfap2c	Ttc7b	True	False	False	False	False	False	B
Q61312	Q80UG8	Tfap2c	Ttll4	True	False	False	False	False	False	C
Q61312	Q9ERD7	Tfap2c	Tubb3	True	False	False	False	False	False	C
Q61312	Q80U95	Tfap2c	Ube3c	True	False	False	False	False	False	C
Q61312	Q5DID3	Tfap2c	Umodl1	True	False	False	False	False	False	B
Q61312	Q9EPU0	Tfap2c	Upf1	True	False	False	False	False	False	C
Q61312	Q9JKX8	Tfap2c	Upk3a	True	False	False	False	False	False	C
Q61312	B2RUQ2	Tfap2c	B2RUQ2	True	False	False	False	False	False	C
Q61312	P52479	Tfap2c	Usp10	True	False	False	False	False	False	B
Q61312	Q8C2S0	Tfap2c	Usp44	True	False	False	False	False	False	C
Q61312	Q8K387	Tfap2c	Usp45	True	False	False	False	False	False	C
Q61312	Q8BUB6	Tfap2c	Ust	True	False	False	False	False	False	B
Q61312	A0A1W2P8G5	Tfap2c	A0A1W2P8G5	True	False	False	False	False	False	B
Q61312	Q80Z96	Tfap2c	Vangl1	True	False	False	False	False	False	B
Q61312	Q60992	Tfap2c	Vav2	True	False	False	False	False	False	B
Q61312	Q9R0C8	Tfap2c	Vav3	True	False	False	False	False	False	B
Q61312	P49766	Tfap2c	Vegfb	True	False	False	False	False	False	C
Q61312	D3YWZ2	Tfap2c	D3YWZ2	True	False	False	False	False	False	C
Q61312	B1ART2	Tfap2c	B1ART2	True	False	False	False	False	False	B
Q61312	Q3U515	Tfap2c	Vwce	True	False	False	False	False	False	C
Q61312	O88342	Tfap2c	Wdr1	True	False	False	False	False	False	C
Q61312	Q9DB94	Tfap2c	Wdr53	True	False	False	False	False	False	C
Q61312	Q5ND34	Tfap2c	Wdr81	True	False	False	False	False	False	C
Q61312	E9QM73	Tfap2c	E9QM73	True	False	False	False	False	False	B
Q61312	P22726	Tfap2c	Wnt5b	True	False	False	False	False	False	B
Q61312	A0A3B2W4D2	Tfap2c	A0A3B2W4D2	True	False	False	False	False	False	C
Q61312	Q5SXA9	Tfap2c	Wwc1	True	False	False	False	False	False	B
Q61312	Q6NXJ0	Tfap2c	Wwc2	True	False	False	False	False	False	C
Q61312	Q3U4G3	Tfap2c	Xxylt1	True	False	False	False	False	False	B
Q61312	F8VPK6	Tfap2c	F8VPK6	True	False	False	False	False	False	B
Q61312	D3Z1Y7	Tfap2c	D3Z1Y7	True	False	False	False	False	False	B
Q61312	Q8VCZ7	Tfap2c	Zbtb7c	True	False	False	False	False	False	B
Q61312	Q7TS63	Tfap2c	Zfat	True	False	False	False	False	False	B
Q61312	A0A087WQ36	Tfap2c	A0A087WQ36	True	False	False	False	False	False	B
Q61312	P23950	Tfap2c	Zfp36l1	True	False	False	False	False	False	B
Q61312	G3X952	Tfap2c	G3X952	True	False	False	False	False	False	C
Q61312	Q6P1E1	Tfap2c	Zmiz1	True	False	False	False	False	False	B
Q61312	Q9CU65	Tfap2c	Zmym2	True	False	False	False	False	False	C
Q61312	Q3U2E2	Tfap2c	Zmym5	True	False	False	False	False	False	C
Q61312	A2A484	Tfap2c	A2A484	True	False	False	False	False	False	B
Q61312	Q3U0X6	Tfap2c	Q3U0X6	True	False	False	False	False	False	B
Q61312	Q99PP2	Tfap2c	Znf318	True	False	False	False	False	False	C
Q61312	Q8VD12	Tfap2c	Znf385a	True	False	False	False	False	False	C
Q61312	Q80TS5	Tfap2c	Znf423	True	False	False	False	False	False	C
Q61312	A0A571BDK1	Tfap2c	A0A571BDK1	True	False	False	False	False	False	C
Q61312	Q8BI66	Tfap2c	Znf526	True	False	False	False	False	False	C
Q61312	Q3V080	Tfap2c	Znf583	True	False	False	False	False	False	C
Q61312	Q91V17	Tfap2c	Znrf1	True	False	False	False	False	False	B
Q61312	Q8BGZ8	Tfap2c	Zpld1	True	False	False	False	False	False	B
A0A2R8W6R9	Q7TQI7	A0A2R8W6R9	Abtb2	True	False	False	False	False	False	C
A0A2R8W6R9	Q9D517	A0A2R8W6R9	Agpat3	True	False	False	False	False	False	C
A0A2R8W6R9	A2AWP8	A0A2R8W6R9	Arhgef10l	True	False	False	False	False	False	C
A0A2R8W6R9	F8WHB1	A0A2R8W6R9	F8WHB1	True	False	False	False	False	False	C
A0A2R8W6R9	Q61140	A0A2R8W6R9	Bcar1	True	False	False	False	False	False	C
A0A2R8W6R9	Q68ED7	A0A2R8W6R9	Crtc1	True	False	False	False	False	False	C
A0A2R8W6R9	Q9DC28	A0A2R8W6R9	Csnk1d	True	False	False	False	False	False	C
A0A2R8W6R9	Q3TZ02	A0A2R8W6R9	Q3TZ02	True	False	False	False	False	False	C
A0A2R8W6R9	Q8K382	A0A2R8W6R9	Dennd1a	True	False	False	False	False	False	C
A0A2R8W6R9	Q01279	A0A2R8W6R9	Egfr	True	False	False	False	False	False	C
A0A2R8W6R9	A2AFS3	A0A2R8W6R9	Elapor1	True	False	False	False	False	False	C
A0A2R8W6R9	O08856	A0A2R8W6R9	Ell	True	False	False	False	False	False	C
A0A2R8W6R9	A0A0J9YUX1	A0A2R8W6R9	A0A0J9YUX1	True	False	False	False	False	False	C
A0A2R8W6R9	P27600	A0A2R8W6R9	Gna12	True	False	False	False	False	False	C
A0A2R8W6R9	Q3UHK3	A0A2R8W6R9	Greb1	True	False	False	False	False	False	C
A0A2R8W6R9	B7ZDF4	A0A2R8W6R9	B7ZDF4	True	False	False	False	False	False	C
A0A2R8W6R9	Q02257	A0A2R8W6R9	Jup	True	False	False	False	False	False	C
A0A2R8W6R9	B1AY49	A0A2R8W6R9	B1AY49	True	False	False	False	False	False	C
A0A2R8W6R9	P11679	A0A2R8W6R9	Krt8	True	False	False	False	False	False	C
A0A2R8W6R9	Q924H2	A0A2R8W6R9	Med15	True	False	False	False	False	False	C
A0A2R8W6R9	Q62234	A0A2R8W6R9	Myom1	True	False	False	False	False	False	C
A0A2R8W6R9	Q61907	A0A2R8W6R9	Pemt	True	False	False	False	False	False	C
A0A2R8W6R9	Q66T02	A0A2R8W6R9	Plekhg5	True	False	False	False	False	False	C
A0A2R8W6R9	P70207	A0A2R8W6R9	Plxna2	True	False	False	False	False	False	C
A0A2R8W6R9	Q02956	A0A2R8W6R9	Prkcz	True	False	False	False	False	False	C
A0A2R8W6R9	F8VPQ4	A0A2R8W6R9	F8VPQ4	True	False	False	False	False	False	C
A0A2R8W6R9	Q8K4L3	A0A2R8W6R9	Svil	True	False	False	False	False	False	C
A0A2R8W6R9	D3YWM9	A0A2R8W6R9	D3YWM9	True	False	False	False	False	False	C
A0A2R8W6R9	Q3U0J8	A0A2R8W6R9	Tbc1d2b	True	False	False	False	False	False	C
A0A2R8W6R9	Q6ZPF3	A0A2R8W6R9	Tiam2	True	False	False	False	False	False	C
A0A2R8W6R9	Q6IRU2	A0A2R8W6R9	Tpm4	True	False	False	False	False	False	C
A0A2R8W6R9	Q0KL02	A0A2R8W6R9	Trio	True	False	False	False	False	False	C
A0A2R8W6R9	A0A286YDB9	A0A2R8W6R9	A0A286YDB9	True	False	False	False	False	False	B
Q08639	Q91V12	Tfdp1	Acot7	True	False	False	False	False	False	C
Q08639	Q80WC7	Tfdp1	Agfg2	True	False	False	False	False	False	C
Q08639	P97822	Tfdp1	Anp32e	True	False	False	False	False	False	C
Q08639	P17427	Tfdp1	Ap2a2	True	False	False	False	False	False	C
Q08639	P0DP26	Tfdp1	Calm1	True	False	False	False	False	False	C
Q08639	Q9CR86	Tfdp1	Carhsp1	True	False	False	False	False	False	C
Q08639	D3Z313	Tfdp1	D3Z313	True	False	False	False	False	False	C
Q08639	Q61686	Tfdp1	Cbx5	True	False	False	False	False	False	C
Q08639	Q9Z238	Tfdp1	Ccne2	True	False	False	False	False	False	B
Q08639	Q8C4M7	Tfdp1	Cenpu	True	False	False	False	False	False	C
Q08639	Q7TS74	Tfdp1	Ckap2l	True	False	False	False	False	False	B
Q08639	A0A087WPL5	Tfdp1	A0A087WPL5	True	False	False	False	False	False	C
Q08639	P13864	Tfdp1	Dnmt1	True	False	False	False	False	False	C
Q08639	Q9D903	Tfdp1	Ebna1bp2	True	False	False	False	False	False	C
Q08639	Q8BGB7	Tfdp1	Enoph1	True	False	False	False	False	False	C
Q08639	Q7TSG3	Tfdp1	Fbxo5	True	False	False	False	False	False	C
Q08639	S4R1N5	Tfdp1	S4R1N5	True	False	False	False	False	False	C
Q08639	A0A1D5RLD8	Tfdp1	A0A1D5RLD8	True	False	False	False	False	False	C
Q08639	P16858	Tfdp1	Gapdh	True	False	False	False	False	False	C
Q08639	Q99JX3	Tfdp1	Gorasp2	True	False	False	False	False	False	C
Q08639	P84244	Tfdp1	H3-3a; H3-3b	True	False	False	False	False	False	C
Q08639	O88569	Tfdp1	Hnrnpa2b1	True	False	False	False	False	False	C
Q08639	Q8VDM6	Tfdp1	Hnrnpul1	True	False	False	False	False	False	B
Q08639	O89091	Tfdp1	Klf10	True	False	False	False	False	False	C
Q08639	P70168	Tfdp1	Kpnb1	True	False	False	False	False	False	C
Q08639	P14733	Tfdp1	Lmnb1	True	False	False	False	False	False	C
Q08639	Q8R516	Tfdp1	Mib2	True	False	False	False	False	False	C
Q08639	Q8C156	Tfdp1	Ncaph	True	False	False	False	False	False	C
Q08639	Q60795	Tfdp1	Nfe2l2	True	False	False	False	False	False	C
Q08639	Q3TZG8	Tfdp1	Q3TZG8	True	False	False	False	False	False	C
Q08639	P58281	Tfdp1	Opa1	True	False	False	False	False	False	C
Q08639	Q9CQX4	Tfdp1	Pclaf	True	False	False	False	False	False	C
Q08639	A0A0R4J0Z1	Tfdp1	A0A0R4J0Z1	True	False	False	False	False	False	C
Q08639	A2AUP1	Tfdp1	A2AUP1	True	False	False	False	False	False	C
Q08639	Q8C398	Tfdp1	Pigw	True	False	False	False	False	False	C
Q08639	P17742	Tfdp1	Ppia	True	False	False	False	False	False	C
Q08639	Q8BQ30	Tfdp1	Ppp1r18	True	False	False	False	False	False	C
Q08639	G3UXA6	Tfdp1	G3UXA6	True	False	False	False	False	False	C
Q08639	P26350	Tfdp1	Ptma	True	False	False	False	False	False	B
Q08639	Q9ERI2	Tfdp1	Rab27a	True	False	False	False	False	False	C
Q08639	Q03385	Tfdp1	Ralgds	True	False	False	False	False	False	C
Q08639	P31266	Tfdp1	Rbpj	True	False	False	False	False	False	C
Q08639	Q8VE37	Tfdp1	Rcc1	True	False	False	False	False	False	C
Q08639	Q8VCQ6	Tfdp1	Sgms1	True	False	False	False	False	False	C
Q08639	Q3TKT4	Tfdp1	Smarca4	True	False	False	False	False	False	C
Q08639	Q8CI15	Tfdp1	Sphk1	True	False	False	False	False	False	C
Q08639	Q9WTK7	Tfdp1	Stk11	True	False	False	False	False	False	C
Q08639	G3UZA7	Tfdp1	G3UZA7	True	False	False	False	False	False	C
Q08639	G3UZ60	Tfdp1	G3UZ60	True	False	False	False	False	False	C
Q08639	P61957	Tfdp1	Sumo2	True	False	False	False	False	False	C
Q08639	A0A0J9YVA2	Tfdp1	A0A0J9YVA2	True	False	False	False	False	False	C
Q08639	Q3TVW5	Tfdp1	Tchp	True	False	False	False	False	False	C
Q08639	Q99JT6	Tfdp1	Tlcd1	True	False	False	False	False	False	C
Q08639	Q921L3	Tfdp1	Tmco1	True	False	False	False	False	False	C
Q08639	Q61029	Tfdp1	Tmpo	True	False	False	False	False	False	C
Q08639	Q61033	Tfdp1	Tmpo	True	False	False	False	False	False	C
Q08639	Q8K4K2	Tfdp1	Trib3	True	False	False	False	False	False	C
Q08639	Q9WV55	Tfdp1	Vapa	True	False	False	False	False	False	C
Q08639	Q3U4G3	Tfdp1	Xxylt1	True	False	False	False	False	False	C
Q08639	Q52KG4	Tfdp1	Zbtb45	True	False	False	False	False	False	C
Q08639	Q0VDT2	Tfdp1	Znf367	True	False	False	False	False	False	C
Q8C0Y1	P50247	Tgif2	Ahcy	True	False	False	False	False	False	C
Q8C0Y1	O08715	Tgif2	Akap1	True	False	False	False	False	False	C
Q8C0Y1	P59598	Tgif2	Asxl1	True	False	False	False	False	False	C
Q8C0Y1	Q60936	Tgif2	Coq8a	True	False	False	False	False	False	C
Q8C0Y1	P42867	Tgif2	Dpagt1	True	False	False	False	False	False	C
Q8C0Y1	Q78T81	Tgif2	Eeig1	True	False	False	False	False	False	C
Q8C0Y1	G3X9M3	Tgif2	G3X9M3	True	False	False	False	False	False	C
Q8C0Y1	Q9CX00	Tgif2	Ist1	True	False	False	False	False	False	C
Q8C0Y1	P54276	Tgif2	Msh6	True	False	False	False	False	False	C
Q8C0Y1	Q9WTK5	Tgif2	Nfkb2	True	False	False	False	False	False	C
Q8C0Y1	Q99PG2	Tgif2	Ogfr	True	False	False	False	False	False	C
Q8C0Y1	Q811B5	Tgif2	Prr3	True	False	False	False	False	False	C
Q8C0Y1	P27659	Tgif2	Rpl3	True	False	False	False	False	False	C
Q8C0Y1	Q99K82	Tgif2	Smox	True	False	False	False	False	False	C
Q8C0Y1	A0A494B9E3	Tgif2	A0A494B9E3	True	False	False	False	False	False	C
Q8C0Y1	Q3V3W4	Tgif2	Q3V3W4	True	False	False	False	False	False	C
Q8C0Y1	Q07230	Tgif2	Zscan2	True	False	False	False	False	False	C
Q8CHW1	Q6NXL5	Thap1	Q6NXL5	True	False	False	False	False	False	C
Q8CHW1	Q99PT1	Thap1	Arhgdia	True	False	False	False	False	False	C
Q8CHW1	Q8CGN4	Thap1	Bcor	True	False	False	False	False	False	C
Q8CHW1	A0A5F8MPH2	Thap1	A0A5F8MPH2	True	False	False	False	False	False	C
Q8CHW1	D3Z556	Thap1	D3Z556	True	False	False	False	False	False	C
Q8CHW1	Q8C0P5	Thap1	Coro2a	True	False	False	False	False	False	C
Q8CHW1	Q9DC28	Thap1	Csnk1d	True	False	False	False	False	False	C
Q8CHW1	Q7TMB8	Thap1	Cyfip1	True	False	False	False	False	False	C
Q8CHW1	A0A1L1SQR4	Thap1	A0A1L1SQR4	True	False	False	False	False	False	C
Q8CHW1	Q99K30	Thap1	Eps8l2	True	False	False	False	False	False	C
Q8CHW1	A2ACJ2	Thap1	Faap100	True	False	False	False	False	False	C
Q8CHW1	Q8VCS3	Thap1	Fam20b	True	False	False	False	False	False	B
Q8CHW1	Q8C552	Thap1	Fam78a	True	False	False	False	False	False	C
Q8CHW1	A0A0J9YUX1	Thap1	A0A0J9YUX1	True	False	False	False	False	False	C
Q8CHW1	Q91V87	Thap1	Fgfrl1	True	False	False	False	False	False	C
Q8CHW1	A2A9Q0	Thap1	Fndc10	True	False	False	False	False	False	C
Q8CHW1	A0A0R4J0F6	Thap1	A0A0R4J0F6	True	False	False	False	False	False	C
Q8CHW1	Q8R059	Thap1	Gale	True	False	False	False	False	False	C
Q8CHW1	P62874	Thap1	Gnb1	True	False	False	False	False	False	C
Q8CHW1	Q8BGT5	Thap1	Gpt2	True	False	False	False	False	False	C
Q8CHW1	Q8VEF1	Thap1	Gramd1a	True	False	False	False	False	False	C
Q8CHW1	Q91WA3	Thap1	Hdac11	True	False	False	False	False	False	C
Q8CHW1	Q7TMK6	Thap1	Hook2	True	False	False	False	False	False	C
Q8CHW1	P07901	Thap1	Hsp90aa1	True	False	False	False	False	False	C
Q8CHW1	P17950	Thap1	Ier2	True	False	False	False	False	False	C
Q8CHW1	E9PUA3	Thap1	E9PUA3	True	False	False	False	False	False	C
Q8CHW1	Q61810	Thap1	Ltbp3	True	False	False	False	False	False	C
Q8CHW1	G3X915	Thap1	G3X915	True	False	False	False	False	False	C
Q8CHW1	A0A1D5RM97	Thap1	A0A1D5RM97	True	False	False	False	False	False	C
Q8CHW1	Q8VE43	Thap1	Metrnl	True	False	False	False	False	False	C
Q8CHW1	Q3UHU5	Thap1	Mtcl1	True	False	False	False	False	False	C
Q8CHW1	Q9WTI7	Thap1	Myo1c	True	False	False	False	False	False	C
Q8CHW1	E9PY55	Thap1	E9PY55	True	False	False	False	False	False	C
Q8CHW1	Q8VE28	Thap1	Nkd2	True	False	False	False	False	False	C
Q8CHW1	Q9ERV7	Thap1	Pidd1	True	False	False	False	False	False	C
Q8CHW1	E9PUQ9	Thap1	E9PUQ9	True	False	False	False	False	False	C
Q8CHW1	Q9QXS1	Thap1	Plec	True	False	False	False	False	False	C
Q8CHW1	Q8CGA0	Thap1	Ppm1f	True	False	False	False	False	False	C
Q8CHW1	Q7TSI3	Thap1	Ppp6r1	True	False	False	False	False	False	C
Q8CHW1	A0A0N4SVR5	Thap1	A0A0N4SVR5	True	False	False	False	False	False	C
Q8CHW1	Q3UH06	Thap1	Rreb1	True	False	False	False	False	False	C
Q8CHW1	P28700	Thap1	Rxra	True	False	False	False	False	False	C
Q8CHW1	Q8VCQ6	Thap1	Sgms1	True	False	False	False	False	False	C
Q8CHW1	B1AUF1	Thap1	B1AUF1	True	False	False	False	False	False	C
Q8CHW1	A0A571BG39	Thap1	A0A571BG39	True	False	False	False	False	False	C
Q8CHW1	Q60864	Thap1	Stip1	True	False	False	False	False	False	C
Q8CHW1	Q80X82	Thap1	Sympk	True	False	False	False	False	False	C
Q8CHW1	Q8R3L2	Thap1	Tcf25	True	False	False	False	False	False	C
Q8CHW1	P63002	Thap1	Tle5	True	False	False	False	False	False	C
Q8CHW1	Q99JY4	Thap1	Trabd	True	False	False	False	False	False	C
Q8CHW1	A2AWT5	Thap1	A2AWT5	True	False	False	False	False	False	C
Q8CHW1	Q64705	Thap1	Usf2	True	False	False	False	False	False	C
Q8CHW1	P63101	Thap1	Ywhaz	True	False	False	False	False	False	C
Q8CHW1	Q8CE64	Thap1	Znf276	True	False	False	False	False	False	C
Q9JJD0	Q3V384	Thap11	Afg1l	True	False	False	False	False	False	C
Q9JJD0	P62743	Thap11	Ap2s1	True	False	False	False	False	False	C
Q9JJD0	P56212	Thap11	Arpp19	True	False	False	False	False	False	C
Q9JJD0	Q91YH5	Thap11	Atl3	True	False	False	False	False	False	C
Q9JJD0	Q3UI43	Thap11	Babam1	True	False	False	False	False	False	C
Q9JJD0	Q8VBU8	Thap11	Banp	True	False	False	False	False	False	C
Q9JJD0	Q9D8S9	Thap11	Bola1	True	False	False	False	False	False	C
Q9JJD0	Q9Z1S0	Thap11	Bub1b	True	False	False	False	False	False	C
Q9JJD0	Q9WVA3	Thap11	Bub3	True	False	False	False	False	False	C
Q9JJD0	Q8CGU1	Thap11	Calcoco1	True	False	False	False	False	False	C
Q9JJD0	A9C444	Thap11	A9C444	True	False	False	False	False	False	C
Q9JJD0	Q8C3X2	Thap11	Ccdc90b	True	False	False	False	False	False	C
Q9JJD0	Q8BI22	Thap11	Cep128	True	False	False	False	False	False	C
Q9JJD0	Q8VEA4	Thap11	Chchd4	True	False	False	False	False	False	C
Q9JJD0	P09690	Thap11	Chrnb1	True	False	False	False	False	False	C
Q9JJD0	Q9ET43	Thap11	Cldn12	True	False	False	False	False	False	C
Q9JJD0	Q9CX13	Thap11	Cnih4	True	False	False	False	False	False	B
Q9JJD0	Q9QXT0	Thap11	Cnpy2	True	False	False	False	False	False	C
Q9JJD0	Q8BV13	Thap11	Cops7b	True	False	False	False	False	False	C
Q9JJD0	Q8BHC4	Thap11	Dcakd	True	False	False	False	False	False	C
Q9JJD0	Q9D291	Thap11	Desi2	True	False	False	False	False	False	C
Q9JJD0	O54786	Thap11	Dffa	True	False	False	False	False	False	C
Q9JJD0	Q91WT4	Thap11	Dnajc17	True	False	False	False	False	False	C
Q9JJD0	Q9CZJ9	Thap11	Dnajc18	True	False	False	False	False	False	C
Q9JJD0	Q8K1M6	Thap11	Dnm1l	True	False	False	False	False	False	C
Q9JJD0	Q9D1Q4	Thap11	Dpm3	True	False	False	False	False	False	C
Q9JJD0	Q9CXU9	Thap11	Eif1b	True	False	False	False	False	False	C
Q9JJD0	Q61749	Thap11	Eif2b4	True	False	False	False	False	False	C
Q9JJD0	Q99L45	Thap11	Eif2s2	True	False	False	False	False	False	C
Q9JJD0	A0A2I3BRK6	Thap11	A0A2I3BRK6	True	False	False	False	False	False	C
Q9JJD0	Q9D1Q6	Thap11	Erp44	True	False	False	False	False	False	C
Q9JJD0	Q8BGZ2	Thap11	Fam168a	True	False	False	False	False	False	C
Q9JJD0	Q6PB97	Thap11	Fbxl19	True	False	False	False	False	False	C
Q9JJD0	Q8BGW1	Thap11	Fto	True	False	False	False	False	False	C
Q9JJD0	Q8VDC1	Thap11	Fyco1	True	False	False	False	False	False	C
Q9JJD0	Q56A08	Thap11	Gpkow	True	False	False	False	False	False	C
Q9JJD0	Q9CYQ5	Thap11	Hcfc1r1	True	False	False	False	False	False	C
Q9JJD0	Q3TVI4	Thap11	Hexim2	True	False	False	False	False	False	C
Q9JJD0	P08113	Thap11	Hsp90b1	True	False	False	False	False	False	C
Q9JJD0	Q61699	Thap11	Hsph1	True	False	False	False	False	False	C
Q9JJD0	A2AM57	Thap11	A2AM57	True	False	False	False	False	False	C
Q9JJD0	Q8C863	Thap11	Itch	True	False	False	False	False	False	C
Q9JJD0	P11881	Thap11	Itpr1	True	False	False	False	False	False	C
Q9JJD0	Q9D9J7	Thap11	Izumo1	True	False	False	False	False	False	C
Q9JJD0	Q8C561	Thap11	Lmbrd2	True	False	False	False	False	False	C
Q9JJD0	P48678	Thap11	Lmna	True	False	False	False	False	False	C
Q9JJD0	Q8QZX5	Thap11	Lsm10	True	False	False	False	False	False	B
Q9JJD0	Q9D0E3	Thap11	Lysmd1	True	False	False	False	False	False	C
Q9JJD0	Q9DCX1	Thap11	Mad2l1bp	True	False	False	False	False	False	C
Q9JJD0	G3UZ31	Thap11	G3UZ31	True	False	False	False	False	False	C
Q9JJD0	Q08874	Thap11	Mitf	True	False	False	False	False	False	C
Q9JJD0	Q9CQ06	Thap11	Mrpl24	True	False	False	False	False	False	C
Q9JJD0	Q9CPV3	Thap11	Mrpl42	True	False	False	False	False	False	C
Q9JJD0	Q8VDT9	Thap11	Mrpl50	True	False	False	False	False	False	C
Q9JJD0	A6H5Y3	Thap11	Mtr	True	False	False	False	False	False	C
Q9JJD0	Q8VCB1	Thap11	Ndc1	True	False	False	False	False	False	C
Q9JJD0	O70310	Thap11	Nmt1	True	False	False	False	False	False	C
Q9JJD0	Q8R3N1	Thap11	Nop14	True	False	False	False	False	False	C
Q9JJD0	Q6PIP5	Thap11	Nudcd1	True	False	False	False	False	False	C
Q9JJD0	E9Q3G8	Thap11	Nup153	True	False	False	False	False	False	C
Q9JJD0	P61971	Thap11	Nutf2	True	False	False	False	False	False	C
Q9JJD0	Q9R0L6	Thap11	Pcm1	True	False	False	False	False	False	C
Q9JJD0	Q8VE70	Thap11	Pdcd10	True	False	False	False	False	False	C
Q9JJD0	Q61907	Thap11	Pemt	True	False	False	False	False	False	C
Q9JJD0	P67778	Thap11	Phb1	True	False	False	False	False	False	C
Q9JJD0	Q8BSN5	Thap11	Phf23	True	False	False	False	False	False	C
Q9JJD0	Q69ZP3	Thap11	Pnkd	True	False	False	False	False	False	C
Q9JJD0	Q3TRM4	Thap11	Pnpla6	True	False	False	False	False	False	C
Q9JJD0	Q8K205	Thap11	Q8K205	True	False	False	False	False	False	C
Q9JJD0	Q8BZB2	Thap11	Ppcdc	True	False	False	False	False	False	C
Q9JJD0	A6H644	Thap11	A6H644	True	False	False	False	False	False	C
Q9JJD0	Q6PD28	Thap11	Ppp2r5b	True	False	False	False	False	False	C
Q9JJD0	Q9EQC8	Thap11	Q9EQC8	True	False	False	False	False	False	C
Q9JJD0	Q8CCF0	Thap11	Prpf31	True	False	False	False	False	False	B
Q9JJD0	P46061	Thap11	Rangap1	True	False	False	False	False	False	C
Q9JJD0	P52760	Thap11	Rida	True	False	False	False	False	False	C
Q9JJD0	Q8CG73	Thap11	Rpgrip1l	True	False	False	False	False	False	C
Q9JJD0	Q9Z2G6	Thap11	Sel1l	True	False	False	False	False	False	C
Q9JJD0	Q8VDQ8	Thap11	Sirt2	True	False	False	False	False	False	C
Q9JJD0	Q9Z0Z3	Thap11	Skp2	True	False	False	False	False	False	C
Q9JJD0	Q9DAM5	Thap11	Slc25a19	True	False	False	False	False	False	C
Q9JJD0	Q8CIA5	Thap11	Slc35b4	True	False	False	False	False	False	C
Q9JJD0	A0A0R4J101	Thap11	A0A0R4J101	True	False	False	False	False	False	B
Q9JJD0	Q8BJL0	Thap11	Smarcal1	True	False	False	False	False	False	C
Q9JJD0	E9Q942	Thap11	Smim13	True	False	False	False	False	False	C
Q9JJD0	Q8R570	Thap11	Snap47	True	False	False	False	False	False	C
Q9JJD0	Q8C080	Thap11	Snx16	True	False	False	False	False	False	C
Q9JJD0	Q8BVL3	Thap11	Snx17	True	False	False	False	False	False	B
Q9JJD0	Q3UHD6	Thap11	Snx27	True	False	False	False	False	False	C
Q9JJD0	P40645	Thap11	Sox6	True	False	False	False	False	False	C
Q9JJD0	Q9DBQ9	Thap11	Swt1	True	False	False	False	False	False	C
Q9JJD0	Q80X82	Thap11	Sympk	True	False	False	False	False	False	C
Q9JJD0	Q6NXY1	Thap11	Tbc1d31	True	False	False	False	False	False	C
Q9JJD0	Q569Z6	Thap11	Thrap3	True	False	False	False	False	False	C
Q9JJD0	Q3UBX0	Thap11	Tmem109	True	False	False	False	False	False	C
Q9JJD0	Q9WUH1	Thap11	Tmem115	True	False	False	False	False	False	B
Q9JJD0	Q9CR96	Thap11	Tmem208	True	False	False	False	False	False	C
Q9JJD0	A0A0R4J0U8	Thap11	A0A0R4J0U8	True	False	False	False	False	False	C
Q9JJD0	Q9CY00	Thap11	Ift70b	True	False	False	False	False	False	C
Q9JJD0	A2AKQ8	Thap11	Ift70a2	True	False	False	False	False	False	C
Q9JJD0	Q02053	Thap11	Uba1	True	False	False	False	False	False	C
Q9JJD0	Q6WKZ8	Thap11	Ubr2	True	False	False	False	False	False	C
Q9JJD0	A2ALR9	Thap11	A2ALR9	True	False	False	False	False	False	C
Q9JJD0	Q5KU39	Thap11	Vps41	True	False	False	False	False	False	C
Q9JJD0	Q8CI71	Thap11	Vps50	True	False	False	False	False	False	C
Q9JJD0	P97765	Thap11	Wbp2	True	False	False	False	False	False	C
Q9JJD0	P83741	Thap11	Wnk1	True	False	False	False	False	False	C
Q9JJD0	Q9CYA6	Thap11	Zcchc8	True	False	False	False	False	False	C
Q9JJD0	A0A140LI69	Thap11	A0A140LI69	True	False	False	False	False	False	C
Q9JJD0	D3Z778	Thap11	D3Z778	True	False	False	False	False	False	C
Q9JJD0	Q3TQC3	Thap11	Q3TQC3	True	False	False	False	False	False	C
P37242	O55143	Thrb	Atp2a2	True	False	False	False	False	False	C
P02340	P62737	Tp53	Acta2	True	False	False	False	False	False	A
P02340	P60710	Tp53	Actb	True	False	False	False	False	False	B
P02340	A0A0G2JGM8	Tp53	A0A0G2JGM8	True	False	False	False	False	False	B
P02340	Q60614	Tp53	Adora2b	True	False	False	False	False	False	B
P02340	P18762	Tp53	Adrb2	True	False	False	False	False	False	C
P02340	Q9Z248	Tp53	Aebp2	True	False	False	False	False	False	B
P02340	Q9CZI9	Tp53	Aen	True	False	False	False	False	False	B
P02340	Q8BXK8	Tp53	Agap1	True	False	False	False	False	False	B
P02340	Q6PAL7	Tp53	Ahdc1	True	False	False	False	False	False	C
P02340	E9Q9K8	Tp53	E9Q9K8	True	False	False	False	False	False	B
P02340	Q9JHW9	Tp53	Aldh1a3	True	False	False	False	False	False	A
P02340	A0A1Y7VL02	Tp53	A0A1Y7VL02	True	False	False	False	False	False	B
P02340	Q569N2	Tp53	Ankrd37	True	False	False	False	False	False	C
P02340	A0A5F8MPK3	Tp53	A0A5F8MPK3	True	False	False	False	False	False	C
P02340	P07356	Tp53	Anxa2	True	False	False	False	False	False	B
P02340	P51908	Tp53	Apobec1	True	False	False	False	False	False	C
P02340	Q8BL80	Tp53	Arhgap22	True	False	False	False	False	False	B
P02340	Q6ZQ82	Tp53	Arhgap26	True	False	False	False	False	False	B
P02340	Q91X46	Tp53	Arhgef3	True	False	False	False	False	False	B
P02340	A2BH40	Tp53	Arid1a	True	False	False	False	False	False	C
P02340	A0A338P6U8	Tp53	A0A338P6U8	True	False	False	False	False	False	B
P02340	Q9QWY8	Tp53	Asap1	True	False	False	False	False	False	B
P02340	Q80Z10	Tp53	Astn2	True	False	False	False	False	False	C
P02340	Q8BH66	Tp53	Atl1	True	False	False	False	False	False	B
P02340	O55143	Tp53	Atp2a2	True	False	False	False	False	False	B
P02340	A0A7N9VSJ5	Tp53	A0A7N9VSJ5	True	False	False	False	False	False	B
P02340	B1AR74	Tp53	B1AR74	True	False	False	False	False	False	B
P02340	Q9CPT0	Tp53	Bcl2l14	True	False	False	False	False	False	A
P02340	Q8CJ69	Tp53	Bmper	True	False	False	False	False	False	B
P02340	G5E8P1	Tp53	Brd1	True	False	False	False	False	False	C
P02340	P62325	Tp53	Btg1	True	False	False	False	False	False	A
P02340	Q06138	Tp53	Cab39	True	False	False	False	False	False	B
P02340	O08529	Tp53	Capn2	True	False	False	False	False	False	B
P02340	Q8C4J0	Tp53	Ccdc60	True	False	False	False	False	False	C
P02340	P09240	Tp53	Cck	True	False	False	False	False	False	C
P02340	Q7TT50	Tp53	Cdc42bpb	True	False	False	False	False	False	B
P02340	Q9CQC5	Tp53	Cdc42ep3	True	False	False	False	False	False	B
P02340	P55288	Tp53	Cdh11	True	False	False	False	False	False	C
P02340	Q9WTR5	Tp53	Cdh13	True	False	False	False	False	False	A
P02340	P97291	Tp53	Cdh8	True	False	False	False	False	False	B
P02340	Q8C0D9	Tp53	Cep68	True	False	False	False	False	False	C
P02340	A0A1W2P884	Tp53	Cep85l	True	False	False	False	False	False	B
P02340	A8Y5L4	Tp53	A8Y5L4	True	False	False	False	False	False	C
P02340	O35732	Tp53	Cflar	True	False	False	False	False	False	C
P02340	E9PZM4	Tp53	Chd2	True	False	False	False	False	False	B
P02340	Q8BYH8	Tp53	Chd9	True	False	False	False	False	False	B
P02340	Q3V2R3	Tp53	Q3V2R3	True	False	False	False	False	False	B
P02340	Q5NBX1	Tp53	Cobl	True	False	False	False	False	False	B
P02340	P11087	Tp53	Col1a1	True	False	False	False	False	False	B
P02340	E9Q7P1	Tp53	E9Q7P1	True	False	False	False	False	False	B
P02340	Q5QNQ9	Tp53	Col27a1	True	False	False	False	False	False	B
P02340	P97427	Tp53	Crmp1	True	False	False	False	False	False	C
P02340	Q80T79	Tp53	Csmd3	True	False	False	False	False	False	B
P02340	Q8R242	Tp53	Ctbs	True	False	False	False	False	False	B
P02340	Q8R3V6	Tp53	Cuedc1	True	False	False	False	False	False	B
P02340	Q64441	Tp53	Cyp24a1	True	False	False	False	False	False	A
P02340	G3UW81	Tp53	G3UW81	True	False	False	False	False	False	C
P02340	Q99N18	Tp53	Q99N18	True	False	False	False	False	False	C
P02340	Q9EP75	Tp53	Cyp4f14	True	False	False	False	False	False	C
P02340	A1E5L0	Tp53	A1E5L0	True	False	False	False	False	False	C
P02340	P97318	Tp53	Dab1	True	False	False	False	False	False	C
P02340	B9EIX0	Tp53	B9EIX0	True	False	False	False	False	False	B
P02340	Q8K0V2	Tp53	Dcun1d3	True	False	False	False	False	False	B
P02340	Q6NZQ2	Tp53	Ddx31	True	False	False	False	False	False	C
P02340	Q91YP3	Tp53	Dera	True	False	False	False	False	False	B
P02340	E9QKB1	Tp53	E9QKB1	True	False	False	False	False	False	B
P02340	Q8BLI4	Tp53	Dse	True	False	False	False	False	False	B
P02340	Q9D8U7	Tp53	Dtwd1	True	False	False	False	False	False	B
P02340	Q91Z46	Tp53	Dusp7	True	False	False	False	False	False	B
P02340	A0JP43	Tp53	Efcab5	True	False	False	False	False	False	B
P02340	O08543	Tp53	Efna5	True	False	False	False	False	False	B
P02340	A2AFS3	Tp53	Elapor1	True	False	False	False	False	False	C
P02340	Q7TNG5	Tp53	Eml2	True	False	False	False	False	False	B
P02340	Q61527	Tp53	Erbb4	True	False	False	False	False	False	B
P02340	P97360	Tp53	Etv6	True	False	False	False	False	False	B
P02340	P97464	Tp53	Ext1	True	False	False	False	False	False	B
P02340	P54731	Tp53	Faf1	True	False	False	False	False	False	B
P02340	Q9DBR2	Tp53	Fam13c	True	False	False	False	False	False	B
P02340	Q8BNA6	Tp53	Fat3	True	False	False	False	False	False	C
P02340	Q08879	Tp53	Fbln1	True	False	False	False	False	False	A
P02340	P37889	Tp53	Fbln2	True	False	False	False	False	False	A
P02340	Q3UQN2	Tp53	Fcho2	True	False	False	False	False	False	C
P02340	A2AJL3	Tp53	Fggy	True	False	False	False	False	False	B
P02340	Q76LL6	Tp53	Fhod3	True	False	False	False	False	False	B
P02340	P42128	Tp53	Foxk1	True	False	False	False	False	False	B
P02340	Q499D0	Tp53	Foxn3	True	False	False	False	False	False	B
P02340	H3BJ24	Tp53	H3BJ24	True	False	False	False	False	False	B
P02340	Q8C0V9	Tp53	Frmd6	True	False	False	False	False	False	B
P02340	A0A140LI67	Tp53	Frmpd2	True	False	False	False	False	False	C
P02340	P47931	Tp53	Fst	True	False	False	False	False	False	B
P02340	Q9R0S0	Tp53	Q9R0S0	True	True	False	True	True	False	A
P02340	Q6P9S7	Tp53	Galnt10	True	False	False	False	False	False	C
P02340	Q61592	Tp53	Gas6	True	False	False	False	False	False	B
P02340	F6QB26	Tp53	F6QB26	True	False	False	False	False	False	B
P02340	Q8CBY0	Tp53	Gatc	True	False	False	False	False	False	C
P02340	Q9D6Y9	Tp53	Gbe1	True	False	False	False	False	False	C
P02340	P48540	Tp53	Gdnf	True	False	False	False	False	False	B
P02340	E0CXS6	Tp53	E0CXS6	True	False	False	False	False	False	A
P02340	Q61602	Tp53	Gli3	True	False	False	False	False	False	B
P02340	P27600	Tp53	Gna12	True	False	False	False	False	False	C
P02340	B2RSH2	Tp53	Gnai1	True	False	False	False	False	False	B
P02340	Q9QZF2	Tp53	Gpc1	True	False	False	False	False	False	B
P02340	Q8R3X6	Tp53	Q8R3X6	True	False	False	False	False	False	B
P02340	Q8BW56	Tp53	Gtdc1	True	False	False	False	False	False	C
P02340	P58308	Tp53	Hcrtr2	True	False	False	False	False	False	C
P02340	Q8BMT9	Tp53	Hhat	True	False	False	False	False	False	B
P02340	Q3TC93	Tp53	Hs1bp3	True	False	False	False	False	False	B
P02340	Q9D4G2	Tp53	Hsf2bp	True	False	False	False	False	False	C
P02340	Q8R0V5	Tp53	Ido2	True	False	False	False	False	False	C
P02340	O89113	Tp53	Ier5	True	False	False	False	False	False	B
P02340	P10749	Tp53	Il1b	True	False	False	False	False	False	A
P02340	Q8K337	Tp53	Inpp5b	True	False	False	False	False	False	C
P02340	E9Q1P8	Tp53	Irf2bp2	True	False	False	False	False	False	B
P02340	E9Q604	Tp53	E9Q604	True	False	False	False	False	False	B
P02340	Q3U1U4	Tp53	Q3U1U4	True	False	False	False	False	False	B
P02340	Q9EQF4	Tp53	Izumo1r	True	False	False	False	False	False	C
P02340	Q62120	Tp53	Jak2	True	False	False	False	False	False	A
P02340	A2CG49	Tp53	Kalrn	True	False	False	False	False	False	B
P02340	F6TUN6	Tp53	F6TUN6	True	False	False	False	False	False	C
P02340	P52187	Tp53	Kcnj12	True	False	False	False	False	False	C
P02340	O88932	Tp53	Kcnj15	True	False	False	False	False	False	C
P02340	A0A087WQN5	Tp53	A0A087WQN5	True	False	False	False	False	False	B
P02340	Q8VCD7	Tp53	Kdm4c	True	False	False	False	False	False	B
P02340	Q9EQF2	Tp53	Kel	True	False	False	False	False	False	C
P02340	B1AY49	Tp53	B1AY49	True	False	False	False	False	False	B
P02340	A0A1B0GR85	Tp53	A0A1B0GR85	True	False	False	False	False	False	C
P02340	Q3U8K7	Tp53	Kmt5b	True	False	False	False	False	False	B
P02340	Q60960	Tp53	Kpna1	True	False	False	False	False	False	C
P02340	Q0VBK2	Tp53	Krt80	True	False	False	False	False	False	B
P02340	Q9D139	Tp53	Q9D139	True	False	False	False	False	False	C
P02340	Q9D149	Tp53	Q9D149	True	False	False	False	False	False	C
P02340	Q9D1K4	Tp53	Q9D1K4	True	False	False	False	False	False	C
P02340	B9EJP6	Tp53	B9EJP6	True	False	False	False	False	False	C
P02340	Q9D6P5	Tp53	Q9D6P5	True	False	False	False	False	False	C
P02340	Q9D1G7	Tp53	Q9D1G7	True	False	False	False	False	False	C
P02340	Q9CQH5	Tp53	Q9CQH5	True	False	False	False	False	False	C
P02340	Q9D731	Tp53	Q9D731	True	False	False	False	False	False	C
P02340	Q9D195	Tp53	Q9D195	True	False	False	False	False	False	C
P02340	J3QP15	Tp53	J3QP15	True	False	False	False	False	False	C
P02340	A0A0A6YX29	Tp53	A0A0A6YX29	True	False	False	False	False	False	C
P02340	Q9D1C5	Tp53	Q9D1C5	True	False	False	False	False	False	C
P02340	Q8BWJ4	Tp53	Ldlrad4	True	False	False	False	False	False	C
P02340	Q8R055	Tp53	Q8R055	True	False	False	False	False	False	A
P02340	P48678	Tp53	Lmna	True	False	False	False	False	False	B
P02340	Q6P1C6	Tp53	Lrig3	True	False	False	False	False	False	B
P02340	Q9WVQ1	Tp53	Magi2	True	False	False	False	False	False	B
P02340	P70236	Tp53	Map2k6	True	False	False	False	False	False	C
P02340	A0A1Y7VKX4	Tp53	A0A1Y7VKX4	True	False	False	False	False	False	C
P02340	E9PX79	Tp53	E9PX79	True	False	False	False	False	False	B
P02340	B1AST7	Tp53	B1AST7	True	False	False	False	False	False	C
P02340	Q811L6	Tp53	Mast4	True	False	False	False	False	False	B
P02340	Q8R3F5	Tp53	Mcat	True	False	False	False	False	False	C
P02340	E9PWI3	Tp53	E9PWI3	True	False	False	False	False	False	B
P02340	G3UZT5	Tp53	G3UZT5	True	False	False	False	False	False	B
P02340	Q9CQA5	Tp53	Med4	True	False	False	False	False	False	B
P02340	Q9D074	Tp53	Mgrn1	True	False	False	False	False	False	B
P02340	Q8BGT6	Tp53	Micall1	True	False	False	False	False	False	B
P02340	Q9JK54	Tp53	Msgn1	True	False	False	False	False	False	B
P02340	Q920Q6	Tp53	Msi2	True	False	False	False	False	False	B
P02340	Q3V3R1	Tp53	Mthfd1l	True	False	False	False	False	False	B
P02340	Q6KAU4	Tp53	Mvb12b	True	False	False	False	False	False	C
P02340	B1AR69	Tp53	B1AR69	True	False	False	False	False	False	C
P02340	D3Z4J3	Tp53	D3Z4J3	True	False	False	False	False	False	C
P02340	Q14BI5	Tp53	Q14BI5	True	False	False	False	False	False	C
P02340	A0A668KM70	Tp53	A0A668KM70	True	False	False	False	False	False	B
P02340	Q9EPN1	Tp53	Nbea	True	False	False	False	False	False	C
P02340	E9PY55	Tp53	E9PY55	True	False	False	False	False	False	B
P02340	Q3UHN9	Tp53	Ndst1	True	False	False	False	False	False	B
P02340	A0A668KLC0	Tp53	A0A668KLC0	True	False	False	False	False	False	B
P02340	A0A286YDV4	Tp53	A0A286YDV4	True	False	False	False	False	False	B
P02340	K3W4R8	Tp53	K3W4R8	True	False	False	False	False	False	C
P02340	P70353	Tp53	Nfyc	True	False	False	False	False	False	B
P02340	O70131	Tp53	Ninj1	True	False	False	False	False	False	A
P02340	Q924H0	Tp53	Npffr2	True	False	False	False	False	False	C
P02340	A0A140LIG9	Tp53	A0A140LIG9	True	False	False	False	False	False	B
P02340	O35375	Tp53	Nrp2	True	False	False	False	False	False	B
P02340	P0DI97	Tp53	Nrxn1	True	False	False	False	False	False	B
P02340	Q9CS84	Tp53	Nrxn1	True	False	False	False	False	False	B
P02340	Q99PJ0	Tp53	Ntm	True	False	False	False	False	False	B
P02340	P97346	Tp53	Nxn	True	False	False	False	False	False	B
P02340	A0A0N4SV33	Tp53	A0A0N4SV33	True	False	False	False	False	False	B
P02340	Q8CG71	Tp53	P3h2	True	False	False	False	False	False	B
P02340	Q9ET54	Tp53	Palld	True	False	False	False	False	False	B
P02340	Q7M753	Tp53	Pank2	True	False	False	False	False	False	B
P02340	Q9QYC1	Tp53	Pcnx1	True	False	False	False	False	False	B
P02340	Q3UEI1	Tp53	Pde4c	True	False	False	False	False	False	C
P02340	Q01063	Tp53	Pde4d	True	False	False	False	False	False	B
P02340	Q8CI19	Tp53	Pdgfc	True	False	False	False	False	False	B
P02340	P49764	Tp53	Pgf	True	False	False	False	False	False	B
P02340	Q9ESW8	Tp53	Pgpep1	True	False	False	False	False	False	B
P02340	Q501J7	Tp53	Phactr4	True	False	False	False	False	False	B
P02340	P52480	Tp53	Pkm	True	False	False	False	False	False	C
P02340	Q9JI48	Tp53	Plac8	True	False	False	False	False	False	B
P02340	Q3TTY0	Tp53	Plb1	True	False	False	False	False	False	B
P02340	Q9Z1B3	Tp53	Plcb1	True	False	False	False	False	False	B
P02340	Q8CIH5	Tp53	Plcg2	True	False	False	False	False	False	B
P02340	D3Z2V2	Tp53	D3Z2V2	True	False	False	False	False	False	B
P02340	P53351	Tp53	Plk2	True	False	False	False	False	False	A
P02340	P70206	Tp53	Plxna1	True	False	False	False	False	False	B
P02340	P70207	Tp53	Plxna2	True	False	False	False	False	False	B
P02340	B2RXS4	Tp53	Plxnb2	True	False	False	False	False	False	B
P02340	A0A140LIW6	Tp53	A0A140LIW6	True	False	False	False	False	False	C
P02340	G5E898	Tp53	G5E898	True	False	False	False	False	False	B
P02340	A0A1Y7VMI3	Tp53	A0A1Y7VMI3	True	False	False	False	False	False	B
P02340	Q91WG5	Tp53	Prkag2	True	False	False	False	False	False	B
P02340	P16054	Tp53	Prkce	True	False	False	False	False	False	B
P02340	P23298	Tp53	Prkch	True	False	False	False	False	False	B
P02340	Q812A5	Tp53	Prr5	True	False	False	False	False	False	B
P02340	A2A8L5	Tp53	Ptprf	True	False	False	False	False	False	B
P02340	B1AUH1	Tp53	Ptpru	True	False	False	False	False	False	B
P02340	Q3UQ28	Tp53	Pxdn	True	False	False	False	False	False	B
P02340	Q9JHK4	Tp53	Rabggta	True	False	False	False	False	False	A
P02340	Q91ZZ2	Tp53	Q91ZZ2	True	False	False	False	False	False	B
P02340	Q9EQZ6	Tp53	Rapgef4	True	False	False	False	False	False	C
P02340	Q60790	Tp53	Rasa3	True	False	False	False	False	False	B
P02340	Q8R3C6	Tp53	Rbm19	True	False	False	False	False	False	B
P02340	Q91WT8	Tp53	Rbm47	True	False	False	False	False	False	C
P02340	Q91W59	Tp53	Rbms1	True	False	False	False	False	False	B
P02340	Q8BWL5	Tp53	Rbms3	True	False	False	False	False	False	B
P02340	Q8BK67	Tp53	Rcc2	True	False	False	False	False	False	B
P02340	Q8CGE9	Tp53	Rgs12	True	False	False	False	False	False	B
P02340	Q9QUI0	Tp53	Rhoa	True	False	False	False	False	False	A
P02340	Q8BPM6	Tp53	Ric3	True	False	False	False	False	False	C
P02340	P58283	Tp53	Rnf216	True	False	False	False	False	False	B
P02340	Q9CQD0	Tp53	Rpl39l	True	False	False	False	False	False	B
P02340	P62892	Tp53	Rpl39	True	False	False	False	False	False	B
P02340	Q9CZX8	Tp53	Rps19	True	False	False	False	False	False	B
P02340	Q6ZWY3	Tp53	Rps27l	True	False	False	False	False	False	A
P02340	Q6ZWU9	Tp53	Rps27	True	False	False	False	False	False	A
P02340	A2ACM0	Tp53	A2ACM0	True	False	False	False	False	False	B
P02340	Q99P72	Tp53	Rtn4	True	False	False	False	False	False	B
P02340	F8VQK5	Tp53	F8VQK5	True	False	False	False	False	False	B
P02340	Q8BHK2	Tp53	Scn3b	True	False	False	False	False	False	A
P02340	Q3UH53	Tp53	Sdk1	True	False	False	False	False	False	B
P02340	Q6V4S5	Tp53	Sdk2	True	False	False	False	False	False	C
P02340	A8Y5H7	Tp53	Sec14l1	True	False	False	False	False	False	B
P02340	Q9JJG5	Tp53	Sertad2	True	False	False	False	False	False	B
P02340	Q3USH5	Tp53	Sfswap	True	False	False	False	False	False	B
P02340	Q921I6	Tp53	Sh3bp4	True	False	False	False	False	False	B
P02340	D3Z5K8	Tp53	D3Z5K8	True	False	False	False	False	False	B
P02340	Q8C0T5	Tp53	Sipa1l1	True	False	False	False	False	False	B
P02340	Q9JIS8	Tp53	Slc12a4	True	False	False	False	False	False	B
P02340	Q75N73	Tp53	Slc39a14	True	False	False	False	False	False	C
P02340	A0A0R4J1E4	Tp53	A0A0R4J1E4	True	False	False	False	False	False	B
P02340	Q9JJY3	Tp53	Smpd3	True	False	False	False	False	False	A
P02340	Q9CWR2	Tp53	Smyd3	True	False	False	False	False	False	B
P02340	Q8R570	Tp53	Snap47	True	False	False	False	False	False	B
P02340	Q9EPR5	Tp53	Sorcs2	True	False	False	False	False	False	B
P02340	Q91WJ7	Tp53	Spats2l	True	False	False	False	False	False	B
P02340	P05480	Tp53	Src	True	False	False	False	False	False	B
P02340	Q76I79	Tp53	Ssh1	True	False	False	False	False	False	B
P02340	Q7TNE1	Tp53	Sugct	True	False	False	False	False	False	B
P02340	E9Q3H4	Tp53	E9Q3H4	True	False	False	False	False	False	B
P02340	Q8K4L3	Tp53	Svil	True	False	False	False	False	False	B
P02340	P48025	Tp53	Syk	True	False	False	False	False	False	A
P02340	Q6ZWQ0	Tp53	Syne2	True	False	False	False	False	False	B
P02340	Q9R0N6	Tp53	Syt8	True	False	False	False	False	False	B
P02340	Q99K90	Tp53	Tab2	True	False	False	False	False	False	B
P02340	Q7TPG7	Tp53	Tafa2	True	False	False	False	False	False	B
P02340	A2A690	Tp53	Tanc2	True	False	False	False	False	False	C
P02340	P21958	Tp53	Tap1	True	False	False	False	False	False	A
P02340	Q6NXY1	Tp53	Tbc1d31	True	False	False	False	False	False	A
P02340	P48428	Tp53	Tbca	True	False	False	False	False	False	B
P02340	Q61286	Tp53	Tcf12	True	False	False	False	False	False	B
P02340	P51865	Tp53	Cripto	True	False	False	False	False	False	C
P02340	A0A0A0MQB7	Tp53	A0A0A0MQB7	True	False	False	False	False	False	C
P02340	Q3UHK6	Tp53	Tenm4	True	False	False	False	False	False	B
P02340	Q6PB75	Tp53	Tent4a	True	False	False	False	False	False	A
P02340	P97499	Tp53	Tep1	True	False	False	False	False	False	C
P02340	P82198	Tp53	Tgfbi	True	False	False	False	False	False	B
P02340	Q3UTY6	Tp53	Thsd4	True	False	False	False	False	False	B
P02340	Q62440	Tp53	Tle1	True	False	False	False	False	False	B
P02340	A0A1L1SQ51	Tp53	A0A1L1SQ51	True	False	False	False	False	False	B
P02340	B2RVY9	Tp53	Tmem182	True	False	False	False	False	False	C
P02340	Q14AF1	Tp53	Q14AF1	True	False	False	False	False	False	B
P02340	Q8VEK0	Tp53	Tmem30a	True	False	False	False	False	False	B
P02340	Q9D850	Tp53	Tmem68	True	False	False	False	False	False	C
P02340	D3YWJ5	Tp53	D3YWJ5	True	False	False	False	False	False	B
P02340	Q5SSZ5	Tp53	Tns3	True	False	False	False	False	False	B
P02340	E9Q0B9	Tp53	E9Q0B9	True	False	False	False	False	False	B
P02340	D3Z2U2	Tp53	D3Z2U2	True	False	False	False	False	False	B
P02340	Q8CB49	Tp53	Tprg1	True	False	False	False	False	False	B
P02340	Q8N7N6	Tp53	Traf3ip2	True	False	False	False	False	False	C
P02340	Q3U0M1	Tp53	Trappc9	True	False	False	False	False	False	B
P02340	Q8CH72	Tp53	Trim32	True	False	False	False	False	False	C
P02340	G3X8Y1	Tp53	Trim55	True	False	False	False	False	False	B
P02340	A0A2I3BPE9	Tp53	A0A2I3BPE9	True	False	False	False	False	False	A
P02340	Q8QZY6	Tp53	Tspan14	True	False	False	False	False	False	B
P02340	Q8BJU2	Tp53	Tspan9	True	False	False	False	False	False	B
P02340	Q8BGG7	Tp53	Ubash3b	True	False	False	False	False	False	C
P02340	Q9CY34	Tp53	Ube2f	True	False	False	False	False	False	B
P02340	P68037	Tp53	Ube2l3	True	False	False	False	False	False	A
P02340	Q9CWU6	Tp53	Uqcc1	True	False	False	False	False	False	B
P02340	Q6ZQ93	Tp53	Usp34	True	False	False	False	False	False	B
P02340	E9PWA9	Tp53	E9PWA9	True	False	False	False	False	False	B
P02340	A0A1W2P8G5	Tp53	A0A1W2P8G5	True	False	False	False	False	False	B
P02340	Q80WQ2	Tp53	Vac14	True	False	False	False	False	False	B
P02340	Q60992	Tp53	Vav2	True	False	False	False	False	False	B
P02340	Q9R0C8	Tp53	Vav3	True	False	False	False	False	False	C
P02340	Q99KU0	Tp53	Vmp1	True	False	False	False	False	False	B
P02340	Q3U4G3	Tp53	Xxylt1	True	False	False	False	False	False	B
P02340	Q9JKB3	Tp53	Ybx3	True	False	False	False	False	False	B
P02340	D3Z1Y7	Tp53	D3Z1Y7	True	False	False	False	False	False	C
P02340	Q8VCZ7	Tp53	Zbtb7c	True	False	False	False	False	False	B
P02340	Q69ZB8	Tp53	Zcchc2	True	False	False	False	False	False	B
P02340	Q8BQQ1	Tp53	Zdhhc14	True	False	False	False	False	False	B
P02340	P23950	Tp53	Zfp36l1	True	False	False	False	False	False	C
P02340	A2A484	Tp53	A2A484	True	False	False	False	False	False	B
P02340	A0A1L1SR49	Tp53	A0A1L1SR49	True	False	False	False	False	False	C
O88898	E9Q4K0	Tp63	E9Q4K0	True	False	False	False	False	False	C
O88898	Q91V12	Tp63	Acot7	True	False	False	False	False	False	C
O88898	F8VQE9	Tp63	F8VQE9	True	False	False	False	False	False	C
O88898	Q6PAL7	Tp63	Ahdc1	True	False	False	False	False	False	C
O88898	A2AWP8	Tp63	Arhgef10l	True	False	False	False	False	False	C
O88898	Q9QZK2	Tp63	Bcar3	True	False	False	False	False	False	C
O88898	Q6GQW0	Tp63	Abtb3	True	False	False	False	False	False	C
O88898	E9Q3C1	Tp63	C2cd2	True	False	False	False	False	False	C
O88898	A0A0A0MQE5	Tp63	A0A0A0MQE5	True	False	False	False	False	False	C
O88898	Q8BPM0	Tp63	Daam1	True	False	False	False	False	False	C
O88898	Q9DBN9	Tp63	Ddx59	True	False	False	False	False	False	C
O88898	B1AZP2	Tp63	Dlgap4	True	False	False	False	False	False	C
O88898	Q9D3N2	Tp63	Clxn	True	False	False	False	False	False	C
O88898	O70273	Tp63	Ehf	True	False	False	False	False	False	C
O88898	Q5F226	Tp63	Fat2	True	False	False	False	False	False	C
O88898	Q8BNA6	Tp63	Fat3	True	False	False	False	False	False	C
O88898	P59113	Tp63	Fermt1	True	False	False	False	False	False	C
O88898	E9QK53	Tp63	E9QK53	True	False	False	False	False	False	C
O88898	Q61575	Tp63	Foxn1	True	False	False	False	False	False	B
O88898	Q61553	Tp63	Fscn1	True	False	False	False	False	False	C
O88898	F6QB26	Tp63	F6QB26	True	False	False	False	False	False	C
O88898	E0CX93	Tp63	E0CX93	True	False	False	False	False	False	C
O88898	Q8CB44	Tp63	Gramd4	True	False	False	False	False	False	C
O88898	Q5FWH3	Tp63	Grhl3	True	False	False	False	False	False	C
O88898	Q9Z0T9	Tp63	Itgb6	True	False	False	False	False	False	C
O88898	Q02257	Tp63	Jup	True	False	False	False	False	False	C
O88898	A2CG49	Tp63	Kalrn	True	False	False	False	False	False	C
O88898	O88932	Tp63	Kcnj15	True	False	False	False	False	False	C
O88898	A0A1B0GR85	Tp63	A0A1B0GR85	True	False	False	False	False	False	B
O88898	A0A0R4J0I9	Tp63	A0A0R4J0I9	True	False	False	False	False	False	C
O88898	A0A0A0MQ83	Tp63	A0A0A0MQ83	True	False	False	False	False	False	C
O88898	O70583	Tp63	Mid1	True	False	False	False	False	False	C
O88898	D3Z4J3	Tp63	D3Z4J3	True	False	False	False	False	False	C
O88898	Q3UHN9	Tp63	Ndst1	True	False	False	False	False	False	C
O88898	A0A668KLC0	Tp63	A0A668KLC0	True	False	False	False	False	False	C
O88898	Q01063	Tp63	Pde4d	True	False	False	False	False	False	C
O88898	A2AUP1	Tp63	A2AUP1	True	False	False	False	False	False	C
O88898	P97350	Tp63	Pkp1	True	False	False	False	False	False	C
O88898	F7C3A0	Tp63	F7C3A0	True	False	False	False	False	False	C
O88898	Q4VAC9	Tp63	Plekhg3	True	False	False	False	False	False	C
O88898	P70206	Tp63	Plxna1	True	False	False	False	False	False	C
O88898	Q8BG02	Tp63	Ppp2r2c	True	False	False	False	False	False	C
O88898	P59729	Tp63	Rin3	True	False	False	False	False	False	C
O88898	Q9ERK0	Tp63	Ripk4	True	False	False	False	False	False	C
O88898	P61588	Tp63	Rnd3	True	False	False	False	False	False	C
O88898	F8VQK5	Tp63	F8VQK5	True	False	False	False	False	False	C
O88898	P18828	Tp63	Sdc1	True	False	False	False	False	False	C
O88898	Q91XT4	Tp63	Sec16b	True	False	False	False	False	False	C
O88898	Q8BZT2	Tp63	Sh3rf2	True	False	False	False	False	False	C
O88898	Q8C0T5	Tp63	Sipa1l1	True	False	False	False	False	False	C
O88898	P41438	Tp63	Slc19a1	True	False	False	False	False	False	C
O88898	Q8BZ60	Tp63	Ston2	True	False	False	False	False	False	C
O88898	Q8K4L3	Tp63	Svil	True	False	False	False	False	False	C
O88898	Q9R0N6	Tp63	Syt8	True	False	False	False	False	False	C
O88898	A0A0A0MQB7	Tp63	A0A0A0MQB7	True	False	False	False	False	False	C
O88898	Q3UTY6	Tp63	Thsd4	True	False	False	False	False	False	B
O88898	Q8R2Q0	Tp63	Trim29	True	False	False	False	False	False	C
O88898	Q8BGG7	Tp63	Ubash3b	True	False	False	False	False	False	C
O88898	Q8BWR4	Tp63	Usp40	True	False	False	False	False	False	C
O88898	Q9R0C8	Tp63	Vav3	True	False	False	False	False	False	B
O88898	P70701	Tp63	Wnt10a	True	False	False	False	False	False	C
O88898	P28047	Tp63	Wnt7b	True	False	False	False	False	False	C
Q9JJP2	Q5SSE9	Tp73	Abca13	True	False	False	False	False	False	C
Q9JJP2	Q8K209	Tp73	Adgrg1	True	False	False	False	False	False	C
Q9JJP2	B8JJE0	Tp73	B8JJE0	True	False	False	False	False	False	B
Q9JJP2	Q6EDY6	Tp73	Carmil1	True	False	False	False	False	False	C
Q9JJP2	Q6VGS5	Tp73	Ccdc88c	True	False	False	False	False	False	C
Q9JJP2	Q8C0D9	Tp73	Cep68	True	False	False	False	False	False	C
Q9JJP2	F8WIA1	Tp73	F8WIA1	True	False	False	False	False	False	C
Q9JJP2	Q80UP3	Tp73	Dgkz	True	False	False	False	False	False	C
Q9JJP2	Q76LL6	Tp73	Fhod3	True	False	False	False	False	False	C
Q9JJP2	Q3UCQ1	Tp73	Foxk2	True	False	False	False	False	False	C
Q9JJP2	Q8C0V9	Tp73	Frmd6	True	False	False	False	False	False	C
Q9JJP2	Q9QZR5	Tp73	Hipk2	True	False	False	False	False	False	B
Q9JJP2	O88932	Tp73	Kcnj15	True	False	False	False	False	False	C
Q9JJP2	A0A0A0MQ83	Tp73	A0A0A0MQ83	True	False	False	False	False	False	C
Q9JJP2	Q6KAU4	Tp73	Mvb12b	True	False	False	False	False	False	C
Q9JJP2	D3Z4J3	Tp73	D3Z4J3	True	False	False	False	False	False	C
Q9JJP2	Q3UHN9	Tp73	Ndst1	True	False	False	False	False	False	C
Q9JJP2	E9PXZ2	Tp73	E9PXZ2	True	False	False	False	False	False	C
Q9JJP2	Q9JI48	Tp73	Plac8	True	False	False	False	False	False	C
Q9JJP2	Q64693	Tp73	Pou2af1	True	False	False	False	False	False	C
Q9JJP2	Q9EQZ6	Tp73	Rapgef4	True	False	False	False	False	False	C
Q9JJP2	Q91WT8	Tp73	Rbm47	True	False	False	False	False	False	C
Q9JJP2	P59729	Tp73	Rin3	True	False	False	False	False	False	C
Q9JJP2	F8VQK5	Tp73	F8VQK5	True	False	False	False	False	False	C
Q9JJP2	Q8BGX7	Tp73	Spidr	True	False	False	False	False	False	C
Q9JJP2	A0A0J9YTU7	Tp73	A0A0J9YTU7	True	False	False	False	False	False	C
Q9JJP2	Q62441	Tp73	Tle4	True	False	False	False	False	False	C
Q9JJP2	Q8BGG7	Tp73	Ubash3b	True	False	False	False	False	False	C
Q9JJP2	Q80WQ2	Tp73	Vac14	True	False	False	False	False	False	C
Q9JJP2	Q9R0C8	Tp73	Vav3	True	False	False	False	False	False	C
P26687	P00520	Twist1	Abl1	True	False	False	False	False	False	C
P26687	Q9QZK2	Twist1	Bcar3	True	False	False	False	False	False	C
P26687	Q3U148	Twist1	Q3U148	True	False	False	False	False	False	C
P26687	P51125	Twist1	Cast	True	False	False	False	False	False	C
P26687	O70374	Twist1	Cbfa2t2	True	False	False	False	False	False	C
P26687	E9QQ55	Twist1	E9QQ55	True	False	False	False	False	False	C
P26687	P24807	Twist1	Cd24	True	False	False	False	False	False	A
P26687	E9Q9Q6	Twist1	E9Q9Q6	True	False	False	False	False	False	C
P26687	Q9Z261	Twist1	Cldn7	True	False	False	False	False	False	A
P26687	Q8BLX7	Twist1	Col16a1	True	False	False	False	False	False	C
P26687	Q8BH52	Twist1	Creb3l2	True	False	False	False	False	False	C
P26687	A0A0N4SV71	Twist1	A0A0N4SV71	True	False	False	False	False	False	C
P26687	P59055	Twist1	Csrnp3	True	False	False	False	False	False	C
P26687	Q62371	Twist1	Ddr2	True	False	False	False	False	False	C
P26687	E9QKB1	Twist1	E9QKB1	True	False	False	False	False	False	B
P26687	O35382	Twist1	Exoc4	True	False	False	False	False	False	C
P26687	Q08879	Twist1	Fbln1	True	False	False	False	False	False	C
P26687	P39688	Twist1	Fyn	True	False	False	False	False	False	C
P26687	A0A1B0GSQ5	Twist1	A0A1B0GSQ5	True	False	False	False	False	False	C
P26687	P62748	Twist1	Hpcal1	True	False	False	False	False	False	C
P26687	P47879	Twist1	Igfbp4	True	False	False	False	False	False	C
P26687	P02469	Twist1	Lamb1	True	False	False	False	False	False	C
P26687	Q6RHR9	Twist1	Magi1	True	False	False	False	False	False	C
P26687	A0A0A6YVZ8	Twist1	A0A0A6YVZ8	True	False	False	False	False	False	C
P26687	E9PWI3	Twist1	E9PWI3	True	False	False	False	False	False	C
P26687	P23804	Twist1	Mdm2	True	False	False	False	False	False	A
P26687	Q9D306	Twist1	Mgat4c	True	False	False	False	False	False	C
P26687	Q6PDN3	Twist1	Mylk	True	False	False	False	False	False	C
P26687	Q69ZN7	Twist1	Myof	True	False	False	False	False	False	C
P26687	O35375	Twist1	Nrp2	True	False	False	False	False	False	C
P26687	P41778	Twist1	Pbx1	True	False	False	False	False	False	C
P26687	P05622	Twist1	Pdgfrb	True	False	False	False	False	False	C
P26687	Q91UZ1	Twist1	Q91UZ1	True	False	False	False	False	False	C
P26687	Q3UH93	Twist1	Plxnd1	True	False	False	False	False	False	C
P26687	A6H6A9	Twist1	Rabgap1l	True	False	False	False	False	False	C
P26687	Q91ZZ2	Twist1	Q91ZZ2	True	False	False	False	False	False	C
P26687	Q8BWL5	Twist1	Rbms3	True	False	False	False	False	False	C
P26687	Q9Z138	Twist1	Ror2	True	False	False	False	False	False	C
P26687	O08665	Twist1	Sema3a	True	False	False	False	False	False	C
P26687	O35464	Twist1	Sema6a	True	False	False	False	False	False	C
P26687	Q0VGY8	Twist1	Tanc1	True	False	False	False	False	False	C
P26687	P82198	Twist1	Tgfbi	True	False	False	False	False	False	C
P26687	Q6PI17	Twist1	Q6PI17	True	False	False	False	False	False	C
P26687	A0A1L1SQ51	Twist1	A0A1L1SQ51	True	False	False	False	False	False	C
P26687	Q3U0M1	Twist1	Trappc9	True	False	False	False	False	False	C
P26687	Q6P5F7	Twist1	Ttyh3	True	False	False	False	False	False	C
P26687	B1ART2	Twist1	B1ART2	True	False	False	False	False	False	C
P26687	P23949	Twist1	Zfp36l2	True	False	False	False	False	False	C
Q61069	E9Q4K0	Usf1	E9Q4K0	True	False	False	False	False	False	C
Q61069	A2A5R2	Usf1	Arfgef2	True	False	False	False	False	False	C
Q61069	Q8VBT9	Usf1	Aspscr1	True	False	False	False	False	False	B
Q61069	P28662	Usf1	Bri3	True	False	False	False	False	False	C
Q61069	E9QA15	Usf1	E9QA15	True	False	False	False	False	False	C
Q61069	Q99PF4	Usf1	Cdh23	True	False	False	False	False	False	C
Q61069	A0A0R4J217	Usf1	A0A0R4J217	True	False	False	False	False	False	C
Q61069	Q811D0	Usf1	Dlg1	True	False	False	False	False	False	C
Q61069	Q8C4C9	Usf1	Q8C4C9	True	False	False	False	False	False	C
Q61069	P39054	Usf1	Dnm2	True	False	False	False	False	False	C
Q61069	O88508	Usf1	Dnmt3a	True	False	False	False	False	False	C
Q61069	Q9CQ92	Usf1	Fis1	True	False	False	False	False	False	C
Q61069	Q6NZM9	Usf1	Hdac4	True	False	False	False	False	False	C
Q61069	P62482	Usf1	Kcnab2	True	False	False	False	False	False	C
Q61069	Q91YU6	Usf1	Lzts2	True	False	False	False	False	False	C
Q61069	Q8R001	Usf1	Mapre2	True	False	False	False	False	False	C
Q61069	Q924H2	Usf1	Med15	True	False	False	False	False	False	C
Q61069	O88502	Usf1	Pde8a	True	False	False	False	False	False	C
Q61069	Q9QWH1	Usf1	Phc2	True	False	False	False	False	False	C
Q61069	P70268	Usf1	Pkn1	True	False	False	False	False	False	C
Q61069	Q91ZV7	Usf1	Plxdc1	True	False	False	False	False	False	C
Q61069	Q8CCF0	Usf1	Prpf31	True	False	False	False	False	False	C
Q61069	Q61115	Usf1	Ptch1	True	False	False	False	False	False	C
Q61069	Q9Z1X2	Usf1	Ptdss2	True	False	False	False	False	False	C
Q61069	Q80WQ6	Usf1	Rhbdf2	True	False	False	False	False	False	C
Q61069	Q99P72	Usf1	Rtn4	True	False	False	False	False	False	C
Q61069	Q8BTK5	Usf1	Smyd4	True	False	False	False	False	False	C
Q61069	E9PX29	Usf1	E9PX29	True	False	False	False	False	False	C
Q61069	A0A0J9YTR8	Usf1	A0A0J9YTR8	True	False	False	False	False	False	C
Q61069	Q60949	Usf1	Tbc1d1	True	False	False	False	False	False	C
Q61069	Q5SRX1	Usf1	Tom1l2	True	False	False	False	False	False	C
Q61069	Q0KK59	Usf1	Unc79	True	False	False	False	False	False	C
Q61069	P27870	Usf1	Vav1	True	False	False	False	False	False	C
Q61069	Q9DBH0	Usf1	Wwp2	True	False	False	False	False	False	C
Q61069	Q3U4G3	Usf1	Xxylt1	True	False	False	False	False	False	C
Q61069	A2A484	Usf1	A2A484	True	False	False	False	False	False	C
Q64705	Q921Q3	Usf2	Alg1	True	False	False	False	False	False	C
Q64705	Q4LDD4	Usf2	Arap1	True	False	False	False	False	False	B
Q64705	Q8VBT9	Usf2	Aspscr1	True	False	False	False	False	False	B
Q64705	Q06507	Usf2	Atf4	True	False	False	False	False	False	C
Q64705	Q91YY4	Usf2	Atpaf2	True	False	False	False	False	False	C
Q64705	Q9D6W8	Usf2	Borcs6	True	False	False	False	False	False	C
Q64705	Q7JJ13	Usf2	Brd2	True	False	False	False	False	False	C
Q64705	Q921H9	Usf2	Coa7	True	False	False	False	False	False	C
Q64705	P0DW87	Usf2	Zftraf1	True	False	False	False	False	False	C
Q64705	Q60925	Usf2	Dbp	True	False	False	False	False	False	C
Q64705	Q8K4L0	Usf2	Ddx54	True	False	False	False	False	False	C
Q64705	Q9D2H9	Usf2	Dnaaf1	True	False	False	False	False	False	C
Q64705	P28563	Usf2	Dusp1	True	False	False	False	False	False	B
Q64705	Q9CQ92	Usf2	Fis1	True	False	False	False	False	False	C
Q64705	Q9D1H7	Usf2	Get4	True	False	False	False	False	False	C
Q64705	E9QLV1	Usf2	E9QLV1	True	False	False	False	False	False	C
Q64705	P27601	Usf2	Gna13	True	False	False	False	False	False	C
Q64705	Q6NZM9	Usf2	Hdac4	True	False	False	False	False	False	C
Q64705	P09602	Usf2	Hmgn2	True	False	False	False	False	False	C
Q64705	E9Q3D4	Usf2	Hsd17b14	True	False	False	False	False	False	C
Q64705	Q9Z2G9	Usf2	Htatip2	True	False	False	False	False	False	C
Q64705	Q9EPW2	Usf2	Klf15	True	False	False	False	False	False	C
Q64705	Q61810	Usf2	Ltbp3	True	False	False	False	False	False	C
Q64705	O54791	Usf2	Maff	True	False	False	False	False	False	C
Q64705	P28574	Usf2	Max	True	False	False	False	False	False	C
Q64705	Q99N90	Usf2	Mrpl36	True	False	False	False	False	False	C
Q64705	Q80WJ7	Usf2	Mtdh	True	False	False	False	False	False	C
Q64705	Q8VE10	Usf2	Naa40	True	False	False	False	False	False	C
Q64705	Q9DBU2	Usf2	Naa60	True	False	False	False	False	False	C
Q64705	O88325	Usf2	O88325	True	False	False	False	False	False	C
Q64705	Q8BJ48	Usf2	Nagpa	True	False	False	False	False	False	C
Q64705	A2AQM9	Usf2	A2AQM9	True	False	False	False	False	False	C
Q64705	B1AY10	Usf2	Nfx1	True	False	False	False	False	False	C
Q64705	Q8VIJ8	Usf2	Nprl3	True	False	False	False	False	False	C
Q64705	P97300	Usf2	Nptn	True	False	False	False	False	False	C
Q64705	P54846	Usf2	Nrl	True	False	False	False	False	False	C
Q64705	P23798	Usf2	Pcgf2	True	False	False	False	False	False	C
Q64705	Q9QWH1	Usf2	Phc2	True	False	False	False	False	False	C
Q64705	Q3TCN2	Usf2	Plbd2	True	False	False	False	False	False	C
Q64705	P43883	Usf2	Plin2	True	False	False	False	False	False	C
Q64705	A2AJ88	Usf2	Pnpla7	True	False	False	False	False	False	C
Q64705	A0A140LIN3	Usf2	A0A140LIN3	True	False	False	False	False	False	C
Q64705	Q8BKR5	Usf2	Ppp1r37	True	False	False	False	False	False	C
Q64705	Q8CCF0	Usf2	Prpf31	True	False	False	False	False	False	C
Q64705	Q61115	Usf2	Ptch1	True	False	False	False	False	False	C
Q64705	Q9Z1X2	Usf2	Ptdss2	True	False	False	False	False	False	C
Q64705	Q921E2	Usf2	Rab31	True	False	False	False	False	False	C
Q64705	Q9Z0F6	Usf2	Rad9a	True	False	False	False	False	False	C
Q64705	Q9WUB0	Usf2	Rbck1	True	False	False	False	False	False	C
Q64705	Q04863	Usf2	Relb	True	False	False	False	False	False	C
Q64705	Q9D1H0	Usf2	Rita1	True	False	False	False	False	False	C
Q64705	Q07235	Usf2	Serpine2	True	False	False	False	False	False	C
Q64705	Q9WVL3	Usf2	Slc12a7	True	False	False	False	False	False	C
Q64705	Q8VE96	Usf2	Slc35f6	True	False	False	False	False	False	C
Q64705	Q8BTK5	Usf2	Smyd4	True	False	False	False	False	False	C
Q64705	E9PX29	Usf2	E9PX29	True	False	False	False	False	False	C
Q64705	Q60864	Usf2	Stip1	True	False	False	False	False	False	C
Q64705	P11031	Usf2	Sub1	True	False	False	False	False	False	C
Q64705	Q9QVN7	Usf2	Tcea2	True	False	False	False	False	False	C
Q64705	Q3UR70	Usf2	Tgfbrap1	True	False	False	False	False	False	C
Q64705	A4Q9F4	Usf2	Ttll11	True	False	False	False	False	False	C
Q64705	Q91YL3	Usf2	Uckl1	True	False	False	False	False	False	C
Q64705	Q0KK59	Usf2	Unc79	True	False	False	False	False	False	C
Q64705	E9PYK0	Usf2	E9PYK0	True	False	False	False	False	False	C
Q64705	Q5ND34	Usf2	Wdr81	True	False	False	False	False	False	B
Q64705	P46938	Usf2	Yap1	True	False	False	False	False	False	C
Q64705	Q6PCS8	Usf2	Q6PCS8	True	False	False	False	False	False	C
Q64705	G3X8T2	Usf2	G3X8T2	True	False	False	False	False	False	C
Q64705	Q91WU6	Usf2	Zdhhc7	True	False	False	False	False	False	C
Q64705	B1ASA5	Usf2	B1ASA5	True	False	False	False	False	False	C
Q64705	Q6ZPY5	Usf2	Znf507	True	False	False	False	False	False	C
P48281	P00520	Vdr	Abl1	True	False	False	False	False	False	B
P48281	P60710	Vdr	Actb	True	False	False	False	False	False	B
P48281	A0A1L1SV25	Vdr	A0A1L1SV25	True	False	False	False	False	False	B
P48281	A0A571BEJ4	Vdr	A0A571BEJ4	True	False	False	False	False	False	B
P48281	B8JJE0	Vdr	B8JJE0	True	False	False	False	False	False	B
P48281	Q80WC7	Vdr	Agfg2	True	False	False	False	False	False	C
P48281	Q9WVK0	Vdr	Agtrap	True	False	False	False	False	False	C
P48281	A0A0R4J020	Vdr	A0A0R4J020	True	False	False	False	False	False	C
P48281	P05064	Vdr	Aldoa	True	False	False	False	False	False	B
P48281	Q6P6J4	Vdr	Alkbh2	True	False	False	False	False	False	C
P48281	P07356	Vdr	Anxa2	True	False	False	False	False	False	C
P48281	P28352	Vdr	Apex1	True	False	False	False	False	False	C
P48281	P08030	Vdr	Aprt	True	False	False	False	False	False	B
P48281	D3Z7R7	Vdr	D3Z7R7	True	False	False	False	False	False	C
P48281	Q99PT1	Vdr	Arhgdia	True	False	False	False	False	False	B
P48281	A2AWP8	Vdr	Arhgef10l	True	False	False	False	False	False	C
P48281	Q9WTL8	Vdr	Bmal1	True	False	False	False	False	False	B
P48281	Q06507	Vdr	Atf4	True	False	False	False	False	False	B
P48281	Q99J83	Vdr	Atg5	True	False	False	False	False	False	B
P48281	Q91V37	Vdr	Atp6v0b	True	False	False	False	False	False	C
P48281	P51863	Vdr	Atp6v0d1	True	False	False	False	False	False	C
P48281	Q9Z222	Vdr	B3GNT2	True	False	False	False	False	False	B
P48281	Q9JLV1	Vdr	Bag3	True	False	False	False	False	False	B
P48281	Q8BKX1	Vdr	Baiap2	True	False	False	False	False	False	B
P48281	P24288	Vdr	Bcat1	True	False	False	False	False	False	B
P48281	Q8CJ69	Vdr	Bmper	True	False	False	False	False	False	B
P48281	Q9DAA3	Vdr	Q9DAA3	True	False	False	False	False	False	C
P48281	P14211	Vdr	Calr	True	False	False	False	False	False	C
P48281	P40124	Vdr	Cap1	True	False	False	False	False	False	B
P48281	O55187	Vdr	Cbx4	True	False	False	False	False	False	B
P48281	Q9DBT3	Vdr	Ccdc97	True	False	False	False	False	False	B
P48281	Q9EP73	Vdr	Cd274	True	False	False	False	False	False	C
P48281	Q64261	Vdr	Cdk6	True	False	False	False	False	False	B
P48281	Q4VAA2	Vdr	Cdv3	True	False	False	False	False	False	C
P48281	Q9R1K9	Vdr	Cetn2	True	False	False	False	False	False	C
P48281	Q9JME2	Vdr	Chst11	True	False	False	False	False	False	C
P48281	O35054	Vdr	Cldn4	True	False	False	False	False	False	C
P48281	Q9EPL2	Vdr	Clstn1	True	False	False	False	False	False	C
P48281	Q8BLX7	Vdr	Col16a1	True	False	False	False	False	False	B
P48281	P28481	Vdr	Col2a1	True	False	False	False	False	False	C
P48281	P12787	Vdr	Cox5a	True	False	False	False	False	False	B
P48281	Q8JZW4	Vdr	Cpne5	True	False	False	False	False	False	C
P48281	Q68ED7	Vdr	Crtc1	True	False	False	False	False	False	C
P48281	Q9DC28	Vdr	Csnk1d	True	False	False	False	False	False	C
P48281	Q8R3V6	Vdr	Cuedc1	True	False	False	False	False	False	B
P48281	Q80YW0	Vdr	Cyth4	True	False	False	False	False	False	B
P48281	Q8C4C9	Vdr	Q8C4C9	True	False	False	False	False	False	B
P48281	B2RY04	Vdr	Dock5	True	False	False	False	False	False	B
P48281	Q8BVG4	Vdr	Dpp9	True	False	False	False	False	False	B
P48281	P10126	Vdr	Eef1a1	True	False	False	False	False	False	B
P48281	Q6PCQ6	Vdr	Q6PCQ6	True	False	False	False	False	False	B
P48281	Q8C0D5	Vdr	Efl1	True	False	False	False	False	False	C
P48281	E9QP49	Vdr	E9QP49	True	False	False	False	False	False	B
P48281	O70273	Vdr	Ehf	True	False	False	False	False	False	C
P48281	O08856	Vdr	Ell	True	False	False	False	False	False	A
P48281	Q8CGC7	Vdr	Eprs1	True	False	False	False	False	False	C
P48281	A2AJL3	Vdr	Fggy	True	False	False	False	False	False	B
P48281	Q76LL6	Vdr	Fhod3	True	False	False	False	False	False	C
P48281	Q8R2I0	Vdr	Foxe1	True	False	False	False	False	False	C
P48281	P42128	Vdr	Foxk1	True	False	False	False	False	False	B
P48281	Q9WVH4	Vdr	Foxo3	True	False	False	False	False	False	B
P48281	H3BJ24	Vdr	H3BJ24	True	False	False	False	False	False	B
P48281	Q8BGW1	Vdr	Fto	True	False	False	False	False	False	B
P48281	P56959	Vdr	Fus	True	False	False	False	False	False	C
P48281	F6QB26	Vdr	F6QB26	True	False	False	False	False	False	B
P48281	Q61602	Vdr	Gli3	True	False	False	False	False	False	B
P48281	D3Z7P3	Vdr	Gls	True	False	False	False	False	False	C
P48281	P27600	Vdr	Gna12	True	False	False	False	False	False	C
P48281	Q8BGT5	Vdr	Gpt2	True	False	False	False	False	False	B
P48281	Q3U3C9	Vdr	Gse1	True	False	False	False	False	False	B
P48281	Q06186	Vdr	Hbegf	True	False	False	False	False	False	B
P48281	Q9JLZ6	Vdr	Hic2	True	False	False	False	False	False	C
P48281	Q3UHF7	Vdr	Hivep2	True	False	False	False	False	False	B
P48281	A2A884	Vdr	Hivep3	True	False	False	False	False	False	B
P48281	Q5EBP8	Vdr	Q5EBP8	True	False	False	False	False	False	B
P48281	Q9Z2X1	Vdr	Hnrnpf	True	False	False	False	False	False	B
P48281	P63017	Vdr	Hspa8	True	False	False	False	False	False	B
P48281	P41133	Vdr	Id3	True	False	False	False	False	False	C
P48281	Q8BGI3	Vdr	Insig1	True	False	False	False	False	False	B
P48281	E9Q1P8	Vdr	Irf2bp2	True	False	False	False	False	False	B
P48281	Q64287	Vdr	Irf4	True	False	False	False	False	False	C
P48281	A0A338P795	Vdr	A0A338P795	True	False	False	False	False	False	B
P48281	Q9Z0T9	Vdr	Itgb6	True	False	False	False	False	False	C
P48281	Q8BX02	Vdr	Kank2	True	False	False	False	False	False	C
P48281	A2RSY1	Vdr	Kansl3	True	False	False	False	False	False	B
P48281	A2A786	Vdr	A2A786	True	False	False	False	False	False	C
P48281	B1AY49	Vdr	B1AY49	True	False	False	False	False	False	C
P48281	P70168	Vdr	Kpnb1	True	False	False	False	False	False	B
P48281	P11679	Vdr	Krt8	True	False	False	False	False	False	C
P48281	Q8BTY1	Vdr	Kyat1	True	False	False	False	False	False	C
P48281	Q61087	Vdr	Lamb3	True	False	False	False	False	False	C
P48281	Q61792	Vdr	Lasp1	True	False	False	False	False	False	C
P48281	Q8BGA2	Vdr	Lhfpl2	True	False	False	False	False	False	C
P48281	O70263	Vdr	Lnx1	True	False	False	False	False	False	B
P48281	Q8BFW7	Vdr	Lpp	True	False	False	False	False	False	B
P48281	P70193	Vdr	Lrig1	True	False	False	False	False	False	B
P48281	Q80WG5	Vdr	Lrrc8a	True	False	False	False	False	False	B
P48281	Q3TF33	Vdr	Q3TF33	True	False	False	False	False	False	B
P48281	Q9Z1B7	Vdr	Mapk13	True	False	False	False	False	False	C
P48281	Q924H2	Vdr	Med15	True	False	False	False	False	False	C
P48281	Q99KX1	Vdr	Mlf2	True	False	False	False	False	False	C
P48281	Q07243	Vdr	Mtf1	True	False	False	False	False	False	C
P48281	Q8VDD5	Vdr	Myh9	True	False	False	False	False	False	B
P48281	Q9JMH9	Vdr	Myo18a	True	False	False	False	False	False	B
P48281	O35136	Vdr	Ncam2	True	False	False	False	False	False	B
P48281	E9PY55	Vdr	E9PY55	True	False	False	False	False	False	B
P48281	Q62433	Vdr	Ndrg1	True	False	False	False	False	False	B
P48281	Q60591	Vdr	Nfatc2	True	False	False	False	False	False	B
P48281	E9PUH7	Vdr	E9PUH7	True	False	False	False	False	False	B
P48281	Q8R1F1	Vdr	Niban2	True	False	False	False	False	False	C
P48281	Q8BJ71	Vdr	Nup93	True	False	False	False	False	False	C
P48281	Q8VBT3	Vdr	Oscar	True	False	False	False	False	False	C
P48281	Q91ZD1	Vdr	Osr2	True	False	False	False	False	False	B
P48281	P29341	Vdr	Pabpc1	True	False	False	False	False	False	B
P48281	P60335	Vdr	Pcbp1	True	False	False	False	False	False	B
P48281	Q61990	Vdr	Pcbp2	True	False	False	False	False	False	B
P48281	F7D3W5	Vdr	F7D3W5	True	False	False	False	False	False	C
P48281	Q5PR72	Vdr	Q5PR72	True	False	False	False	False	False	C
P48281	Q01063	Vdr	Pde4d	True	False	False	False	False	False	B
P48281	Q9QWH1	Vdr	Phc2	True	False	False	False	False	False	B
P48281	K4DI61	Vdr	K4DI61	True	False	False	False	False	False	C
P48281	Q8CHE4	Vdr	Phlpp1	True	False	False	False	False	False	B
P48281	E9PUQ9	Vdr	E9PUQ9	True	False	False	False	False	False	C
P48281	O70139	Vdr	Pkig	True	False	False	False	False	False	B
P48281	P52480	Vdr	Pkm	True	False	False	False	False	False	C
P48281	A2APR1	Vdr	A2APR1	True	False	False	False	False	False	C
P48281	Q9Z1B3	Vdr	Plcb1	True	False	False	False	False	False	C
P48281	Q9QXS1	Vdr	Plec	True	False	False	False	False	False	B
P48281	Q9ERS5	Vdr	Plekha2	True	False	False	False	False	False	B
P48281	P70207	Vdr	Plxna2	True	False	False	False	False	False	B
P48281	Q8BZB2	Vdr	Ppcdc	True	False	False	False	False	False	B
P48281	Q80W00	Vdr	Ppp1r10	True	False	False	False	False	False	C
P48281	P63328	Vdr	Ppp3ca	True	False	False	False	False	False	B
P48281	P05132	Vdr	Prkaca	True	False	False	False	False	False	C
P48281	Q91WG5	Vdr	Prkag2	True	False	False	False	False	False	B
P48281	P16054	Vdr	Prkce	True	False	False	False	False	False	B
P48281	P23298	Vdr	Prkch	True	False	False	False	False	False	B
P48281	F8WIU7	Vdr	F8WIU7	True	False	False	False	False	False	B
P48281	A2AVJ5	Vdr	Prr5l	True	False	False	False	False	False	C
P48281	Q62035	Vdr	Ptafr	True	False	False	False	False	False	C
P48281	Q9QVP9	Vdr	Ptk2b	True	False	False	False	False	False	A
P48281	P26350	Vdr	Ptma	True	False	False	False	False	False	B
P48281	O70274	Vdr	Ptp4a2	True	False	False	False	False	False	B
P48281	P49446	Vdr	Ptpre	True	False	False	False	False	False	B
P48281	Q504M8	Vdr	Rab26	True	False	False	False	False	False	B
P48281	Q0VBL3	Vdr	Rbm15	True	False	False	False	False	False	C
P48281	Q91WT8	Vdr	Rbm47	True	False	False	False	False	False	C
P48281	Q8BX43	Vdr	Relt	True	False	False	False	False	False	B
P48281	Q6A0D4	Vdr	Rftn1	True	False	False	False	False	False	C
P48281	Q3U319	Vdr	Rnf40	True	False	False	False	False	False	C
P48281	O35445	Vdr	Rnf5	True	False	False	False	False	False	C
P48281	P27659	Vdr	Rpl3	True	False	False	False	False	False	B
P48281	A0A087WR05	Vdr	A0A087WR05	True	False	False	False	False	False	B
P48281	Q61909	Vdr	Runx1t1	True	False	False	False	False	False	C
P48281	Q6P5E3	Vdr	Q6P5E3	True	False	False	False	False	False	C
P48281	Q8BQB6	Vdr	Saxo2	True	False	False	False	False	False	C
P48281	Q61009	Vdr	Scarb1	True	False	False	False	False	False	B
P48281	Q78YZ6	Vdr	Scoc	True	False	False	False	False	False	B
P48281	Q66PY1	Vdr	Scube3	True	False	False	False	False	False	C
P48281	Q62179	Vdr	Sema4b	True	False	False	False	False	False	C
P48281	Q8K0E7	Vdr	Serinc2	True	False	False	False	False	False	B
P48281	O09039	Vdr	Sh2b3	True	False	False	False	False	False	B
P48281	Q9D7V1	Vdr	Sh2d4a	True	False	False	False	False	False	B
P48281	O89032	Vdr	Sh3pxd2a	True	False	False	False	False	False	B
P48281	Q8BZT2	Vdr	Sh3rf2	True	False	False	False	False	False	B
P48281	G3X9F6	Vdr	G3X9F6	True	False	False	False	False	False	C
P48281	P98083	Vdr	Shc1	True	False	False	False	False	False	B
P48281	Q8VI23	Vdr	Slc12a8	True	False	False	False	False	False	C
P48281	Q3UHH2	Vdr	Slc22a23	True	False	False	False	False	False	B
P48281	O35488	Vdr	Slc27a2	True	False	False	False	False	False	B
P48281	Q80SU6	Vdr	Slc34a3	True	False	False	False	False	False	C
P48281	Q09143	Vdr	Slc7a1	True	False	False	False	False	False	C
P48281	Q9D7Y9	Vdr	Slx4ip	True	False	False	False	False	False	B
P48281	P63163	Vdr	Snrpn	True	False	False	False	False	False	C
P48281	Q9WTN3	Vdr	Srebf1	True	False	False	False	False	False	B
P48281	P54751	Vdr	St3gal1	True	False	False	False	False	False	B
P48281	Q8R0L1	Vdr	Stap2	True	False	False	False	False	False	C
P48281	O55098	Vdr	Stk10	True	False	False	False	False	False	C
P48281	D3YWM9	Vdr	D3YWM9	True	False	False	False	False	False	B
P48281	Q9D9I4	Vdr	Tbc1d20	True	False	False	False	False	False	C
P48281	P29037	Vdr	Tbp	True	False	False	False	False	False	B
P48281	A0A0J9YTU7	Vdr	A0A0J9YTU7	True	False	False	False	False	False	C
P48281	P70284	Vdr	Tgif1	True	False	False	False	False	False	B
P48281	A8C756	Vdr	Thada	True	False	False	False	False	False	B
P48281	Q62441	Vdr	Tle4	True	False	False	False	False	False	C
P48281	Q80YX1	Vdr	Tnc	True	False	False	False	False	False	C
P48281	P25118	Vdr	Tnfrsf1a	True	False	False	False	False	False	B
P48281	Q5SSZ5	Vdr	Tns3	True	False	False	False	False	False	B
P48281	A2APB8	Vdr	Tpx2	True	False	False	False	False	False	B
P48281	Q6PD31	Vdr	Trak1	True	False	False	False	False	False	B
P48281	Q5NCC3	Vdr	Trim41	True	False	False	False	False	False	B
P48281	A0A0R4J0Q6	Vdr	A0A0R4J0Q6	True	False	False	False	False	False	B
P48281	Q91YD4	Vdr	Trpm2	True	False	False	False	False	False	C
P48281	Q8QZY6	Vdr	Tspan14	True	False	False	False	False	False	B
P48281	Q8BQH4	Vdr	Ubald2	True	False	False	False	False	False	B
P48281	Q7TMI3	Vdr	Uhrf2	True	False	False	False	False	False	C
P48281	A0A1W2P8G5	Vdr	A0A1W2P8G5	True	False	False	False	False	False	B
P48281	Q99KU0	Vdr	Vmp1	True	False	False	False	False	False	B
P48281	Q8R1C3	Vdr	Vopp1	True	False	False	False	False	False	C
P48281	B1ART2	Vdr	B1ART2	True	False	False	False	False	False	C
P48281	Q3UVL4	Vdr	Vps51	True	False	False	False	False	False	B
P48281	Q8K3G5	Vdr	Vrk3	True	False	False	False	False	False	B
P48281	Q8CFJ9	Vdr	Wdr24	True	False	False	False	False	False	C
P48281	Q5SXA9	Vdr	Wwc1	True	False	False	False	False	False	C
P48281	Q3U4G3	Vdr	Xxylt1	True	False	False	False	False	False	B
P48281	Q8VCZ7	Vdr	Zbtb7c	True	False	False	False	False	False	C
P48281	P23949	Vdr	Zfp36l2	True	False	False	False	False	False	B
P48281	Q6P1E1	Vdr	Zmiz1	True	False	False	False	False	False	B
P48281	Q7TSH3	Vdr	Znf516	True	False	False	False	False	False	C
P48281	Q6KAS7	Vdr	Znf521	True	False	False	False	False	False	C
Q00899	Q3V384	Yy1	Afg1l	True	False	True	True	False	True	A
Q00899	Q8BXK8	Yy1	Agap1	True	False	False	False	False	False	C
Q00899	O54774	Yy1	Ap3d1	True	False	False	False	False	False	C
Q00899	Q9EPE9	Yy1	Atp13a1	True	False	True	True	False	True	A
Q00899	Q66JX5	Yy1	Cep43	True	False	True	True	False	True	A
Q00899	Q8C9B9	Yy1	Dido1	True	False	False	False	False	False	C
Q00899	Q99M87	Yy1	Dnaja3	True	False	True	True	False	True	A
Q00899	O08856	Yy1	Ell	True	False	False	False	False	False	C
Q00899	Q6P1H4	Yy1	Q6P1H4	True	False	False	False	False	False	C
Q00899	Q499D0	Yy1	Foxn3	True	False	False	False	False	False	C
Q00899	Q9CR59	Yy1	Gadd45gip1	True	False	False	False	False	False	C
Q00899	Q61543	Yy1	Glg1	True	False	False	False	False	False	C
Q00899	Q8R081	Yy1	Hnrnpl	True	False	True	True	False	True	A
Q00899	Q62406	Yy1	Irak1	True	False	True	True	False	True	A
Q00899	A0A5F8MQ39	Yy1	A0A5F8MQ39	True	False	False	False	False	False	C
Q00899	F6YRW4	Yy1	F6YRW4	True	False	False	False	False	False	B
Q00899	Q6ZQ58	Yy1	Larp1	True	False	False	False	False	False	C
Q00899	Q8CD10	Yy1	Micu2	True	False	True	True	False	True	A
Q00899	O89050	Yy1	Mkln1	True	False	True	True	False	True	A
Q00899	G5E8U5	Yy1	G5E8U5	True	False	True	True	False	True	A
Q00899	Q99N84	Yy1	Mrps18b	True	False	True	True	False	True	A
Q00899	D3YTP3	Yy1	D3YTP3	True	False	False	False	False	False	C
Q00899	Q9D0B6	Yy1	Pbdc1	True	False	True	True	False	True	A
Q00899	Q8CHE4	Yy1	Phlpp1	True	False	False	False	False	False	C
Q00899	Q76MZ3	Yy1	Ppp2r1a	True	False	True	True	False	True	A
Q00899	Q9CX56	Yy1	Psmd8	True	False	True	True	False	True	A
Q00899	P34152	Yy1	Ptk2	True	False	False	False	False	False	C
Q00899	O70274	Yy1	Ptp4a2	True	False	False	False	False	False	C
Q00899	Q6VN19	Yy1	Ranbp10	True	False	True	True	False	True	A
Q00899	Q80TZ9	Yy1	Rere	True	False	False	False	False	False	C
Q00899	Q6NXI6	Yy1	Rprd2	True	False	True	True	False	True	A
Q00899	Q60520	Yy1	Sin3a	True	False	False	False	False	False	C
Q00899	B1AUF1	Yy1	B1AUF1	True	False	False	False	False	False	C
Q00899	Q3UHD6	Yy1	Snx27	True	False	True	True	False	True	A
Q00899	Q8R0G7	Yy1	Spns1	True	False	True	True	False	True	A
Q00899	Q8BMA6	Yy1	Srp68	True	False	True	True	False	True	A
Q00899	D3YWM7	Yy1	D3YWM7	True	False	False	False	False	False	C
Q00899	E9PVB5	Yy1	Ttc17	True	False	True	True	False	True	A
Q00899	F8VPX1	Yy1	F8VPX1	True	False	False	False	False	False	B
Q00899	D3Z1Y7	Yy1	D3Z1Y7	True	False	False	False	False	False	C
G5E8B9	Q9Z0F8	Zbtb11	Adam17	True	False	False	False	False	False	C
G5E8B9	E9PYF7	Zbtb11	E9PYF7	True	False	False	False	False	False	C
G5E8B9	O35484	Zbtb11	Azin1	True	False	False	False	False	False	C
G5E8B9	Q8BGS7	Zbtb11	Cept1	True	False	False	False	False	False	C
G5E8B9	Q8BHG9	Zbtb11	Cggbp1	True	False	False	False	False	False	C
G5E8B9	P41158	Zbtb11	Elk4	True	False	False	False	False	False	C
G5E8B9	Q80TH2	Zbtb11	Erbin	True	False	False	False	False	False	C
G5E8B9	Q8BIG4	Zbtb11	Fbxo28	True	False	False	False	False	False	C
G5E8B9	Q00422	Zbtb11	Gabpa	True	False	False	False	False	False	C
G5E8B9	P27601	Zbtb11	Gna13	True	False	False	False	False	False	C
G5E8B9	Q3TMP1	Zbtb11	Q3TMP1	True	False	False	False	False	False	C
G5E8B9	Q3UXZ9	Zbtb11	Kdm5a	True	False	False	False	False	False	C
G5E8B9	Q8BFW3	Zbtb11	Ppp1r15b	True	False	False	False	False	False	C
G5E8B9	A0A0R4J0U2	Zbtb11	A0A0R4J0U2	True	False	False	False	False	False	C
G5E8B9	O08848	Zbtb11	RO60	True	False	False	False	False	False	C
G5E8B9	O08547	Zbtb11	Sec22b	True	False	False	False	False	False	C
G5E8B9	A0A0G2JE32	Zbtb11	A0A0G2JE32	True	False	False	False	False	False	C
G5E8B9	Q9WUP7	Zbtb11	Uchl5	True	False	False	False	False	False	C
G5E8B9	D3Z5G1	Zbtb11	D3Z5G1	True	False	False	False	False	False	C
G5E8B9	A0A0R4J0M9	Zbtb11	A0A0R4J0M9	True	False	False	False	False	False	C
G5E8B9	Q00899	Zbtb11	Yy1	True	False	False	False	False	False	C
G5E8B9	Q8K3J5	Zbtb11	Znf131	True	False	False	False	False	False	C
Q8BN78	Q9ESC8	Zbtb33	Aff4	True	False	False	False	False	False	C
Q8BN78	Q99NH0	Zbtb33	Ankrd17	True	False	False	False	False	False	C
Q8BN78	P61205	Zbtb33	Arf3	True	False	False	False	False	False	C
Q8BN78	B1AR74	Zbtb33	B1AR74	True	False	False	False	False	False	C
Q8BN78	Q14AX6	Zbtb33	Cdk12	True	False	False	False	False	False	C
Q8BN78	P27790	Zbtb33	Cenpb	True	False	False	False	False	False	C
Q8BN78	Q3TJM4	Zbtb33	Cenpt	True	False	False	False	False	False	C
Q8BN78	Q99LL3	Zbtb33	Chst12	True	False	False	False	False	False	C
Q8BN78	Q91W50	Zbtb33	Csde1	True	False	False	False	False	False	C
Q8BN78	Q9JLV5	Zbtb33	Cul3	True	False	False	False	False	False	B
Q8BN78	Q922B2	Zbtb33	Dars1	True	False	False	False	False	False	C
Q8BN78	Q9D832	Zbtb33	Dnajb4	True	False	False	False	False	False	C
Q8BN78	Q9WVK4	Zbtb33	Ehd1	True	False	False	False	False	False	C
Q8BN78	P41158	Zbtb33	Elk4	True	False	False	False	False	False	C
Q8BN78	Q9CR89	Zbtb33	Ergic2	True	False	False	False	False	False	C
Q8BN78	P84089	Zbtb33	Erh	True	False	False	False	False	False	C
Q8BN78	E0CXC4	Zbtb33	E0CXC4	True	False	False	False	False	False	C
Q8BN78	Q3TUE1	Zbtb33	Q3TUE1	True	False	False	False	False	False	C
Q8BN78	Q60779	Zbtb33	Gas8	True	False	False	False	False	False	C
Q8BN78	Q8BMI3	Zbtb33	Gga3	True	False	False	False	False	False	C
Q8BN78	Q5SV77	Zbtb33	Ggnbp2	True	False	False	False	False	False	C
Q8BN78	Q99PM3	Zbtb33	Gtf2a1	True	False	False	False	False	False	B
Q8BN78	P61979	Zbtb33	Hnrnpk	True	False	False	False	False	False	C
Q8BN78	Q3U2G2	Zbtb33	Q3U2G2	True	False	False	False	False	False	C
Q8BN78	Q8BKE9	Zbtb33	Ift74	True	False	False	False	False	False	C
Q8BN78	Q811J3	Zbtb33	Ireb2	True	False	False	False	False	False	B
Q8BN78	Q60677	Zbtb33	Itgae	True	False	False	False	False	False	C
Q8BN78	Q99N69	Zbtb33	Lpxn	True	False	False	False	False	False	C
Q8BN78	Q80ZI6	Zbtb33	Lrsam1	True	False	False	False	False	False	C
Q8BN78	Q8K2F8	Zbtb33	Lsm14a	True	False	False	False	False	False	B
Q8BN78	Q9WTX8	Zbtb33	Mad1l1	True	False	False	False	False	False	C
Q8BN78	P47811	Zbtb33	Mapk14	True	False	False	False	False	False	C
Q8BN78	Q9WTZ2	Zbtb33	Mbtps1	True	False	False	False	False	False	C
Q8BN78	P08249	Zbtb33	Mdh2	True	False	False	False	False	False	C
Q8BN78	Q925J9	Zbtb33	Med1	True	False	False	False	False	False	C
Q8BN78	Q7TNS2	Zbtb33	Micos10	True	False	False	False	False	False	C
Q8BN78	B1AUR6	Zbtb33	Mms22l	True	False	False	False	False	False	C
Q8BN78	Q9JLB2	Zbtb33	Pals1	True	False	False	False	False	False	C
Q8BN78	Q9CWE0	Zbtb33	Mtfr1l	True	False	False	False	False	False	C
Q8BN78	Q9CPT3	Zbtb33	Nanp	True	False	False	False	False	False	B
Q8BN78	E9PWU9	Zbtb33	E9PWU9	True	False	False	False	False	False	C
Q8BN78	P70353	Zbtb33	Nfyc	True	False	False	False	False	False	C
Q8BN78	P97300	Zbtb33	Nptn	True	False	False	False	False	False	C
Q8BN78	P58501	Zbtb33	Paxbp1	True	False	False	False	False	False	C
Q8BN78	E9QPI5	Zbtb33	E9QPI5	True	False	False	False	False	False	C
Q8BN78	P42669	Zbtb33	Pura	True	False	False	False	False	False	B
Q8BN78	A0A0A6YVQ2	Zbtb33	A0A0A6YVQ2	True	False	False	False	False	False	C
Q8BN78	Q5NCJ5	Zbtb33	Q5NCJ5	True	False	False	False	False	False	C
Q8BN78	Q0VBL3	Zbtb33	Rbm15	True	False	False	False	False	False	B
Q8BN78	Q8VH51	Zbtb33	Rbm39	True	False	False	False	False	False	C
Q8BN78	P31266	Zbtb33	Rbpj	True	False	False	False	False	False	C
Q8BN78	A0A087WRM8	Zbtb33	A0A087WRM8	True	False	False	False	False	False	C
Q8BN78	Q6QI06	Zbtb33	Rictor	True	False	False	False	False	False	C
Q8BN78	Q9D4G9	Zbtb33	Rmi1	True	False	False	False	False	False	B
Q8BN78	Q91XF4	Zbtb33	Rnf167	True	False	False	False	False	False	C
Q8BN78	P35979	Zbtb33	Rpl12	True	False	False	False	False	False	C
Q8BN78	P61255	Zbtb33	Rpl26	True	False	False	False	False	False	C
Q8BN78	P12970	Zbtb33	Rpl7a	True	False	False	False	False	False	C
Q8BN78	Q9JKD3	Zbtb33	Scamp5	True	False	False	False	False	False	C
Q8BN78	Q91W98	Zbtb33	Slc15a4	True	False	False	False	False	False	C
Q8BN78	Q8BFU1	Zbtb33	Slc39a9	True	False	False	False	False	False	B
Q8BN78	Q91ZW3	Zbtb33	Smarca5	True	False	False	False	False	False	C
Q8BN78	Q99JR8	Zbtb33	Smarcd2	True	False	False	False	False	False	C
Q8BN78	Q8CG47	Zbtb33	Smc4	True	False	False	False	False	False	C
Q8BN78	Q5RJH6	Zbtb33	Smg7	True	False	False	False	False	False	C
Q8BN78	Q9D8U8	Zbtb33	Snx5	True	False	False	False	False	False	C
Q8BN78	Q923A2	Zbtb33	Spdl1	True	False	False	False	False	False	C
Q8BN78	Q9DAR2	Zbtb33	Q9DAR2	True	False	False	False	False	False	C
Q8BN78	O55201	Zbtb33	Supt5h	True	False	False	False	False	False	C
Q8BN78	O54864	Zbtb33	Suv39h1	True	False	False	False	False	False	C
Q8BN78	Q8CHW1	Zbtb33	Thap1	True	False	False	False	False	False	C
Q8BN78	Q99JT6	Zbtb33	Tlcd1	True	False	False	False	False	False	C
Q8BN78	Q80Z37	Zbtb33	Topors	True	False	False	False	False	False	C
Q8BN78	Q8BKN5	Zbtb33	Tubgcp5	True	False	False	False	False	False	C
Q8BN78	P62838	Zbtb33	Ube2d2	True	False	False	False	False	False	C
Q8BN78	A0A0G2JE32	Zbtb33	A0A0G2JE32	True	False	False	False	False	False	B
Q8BN78	Q7TMI3	Zbtb33	Uhrf2	True	False	False	False	False	False	C
Q8BN78	Q3ULJ3	Zbtb33	Q3ULJ3	True	False	False	False	False	False	C
Q8BN78	P15975	Zbtb33	Usp53	True	False	False	False	False	False	C
Q8BN78	E9PWA9	Zbtb33	E9PWA9	True	False	False	False	False	False	C
Q8BN78	Q8CB27	Zbtb33	Yod1	True	False	False	False	False	False	B
Q8BN78	Q00899	Zbtb33	Yy1	True	False	False	False	False	False	C
Q8BN78	G3UW50	Zbtb33	G3UW50	True	False	False	False	False	False	C
Q8BN78	Q8VDZ4	Zbtb33	Zdhhc5	True	False	False	False	False	False	C
Q8BN78	E0CY81	Zbtb33	E0CY81	True	False	False	False	False	False	C
Q8BN78	Q62511	Zbtb33	Zfp91	True	False	False	False	False	False	C
Q8BN78	Q6KAQ7	Zbtb33	Zzz3	True	False	False	False	False	False	B
O88939	A0A571BG95	Zbtb7a	A0A571BG95	True	False	False	False	False	False	C
O88939	Q6NXL5	Zbtb7a	Q6NXL5	True	False	False	False	False	False	C
O88939	P60710	Zbtb7a	Actb	True	False	False	False	False	False	C
O88939	Q05910	Zbtb7a	Adam8	True	False	False	False	False	False	C
O88939	M0QWP1	Zbtb7a	M0QWP1	True	False	False	False	False	False	C
O88939	Q6PAL7	Zbtb7a	Ahdc1	True	False	False	False	False	False	C
O88939	A0A0R4J020	Zbtb7a	A0A0R4J020	True	False	False	False	False	False	C
O88939	P31750	Zbtb7a	Akt1	True	False	False	False	False	False	C
O88939	O54774	Zbtb7a	Ap3d1	True	False	False	False	False	False	C
O88939	B1AQY2	Zbtb7a	B1AQY2	True	False	False	False	False	False	C
O88939	D3Z7R7	Zbtb7a	D3Z7R7	True	False	False	False	False	False	C
O88939	Q8VBT9	Zbtb7a	Aspscr1	True	False	False	False	False	False	C
O88939	F8WHB1	Zbtb7a	F8WHB1	True	False	False	False	False	False	C
O88939	Q80TT2	Zbtb7a	Baiap3	True	False	False	False	False	False	C
O88939	Q61140	Zbtb7a	Bcar1	True	False	False	False	False	False	C
O88939	Q67FY2	Zbtb7a	Bcl9l	True	False	False	False	False	False	C
O88939	Q6PAJ1	Zbtb7a	Bcr	True	False	False	False	False	False	C
O88939	O35185	Zbtb7a	Bhlhe40	True	False	False	False	False	False	C
O88939	Q80UW5	Zbtb7a	Cdc42bpg	True	False	False	False	False	False	C
O88939	Q9JM96	Zbtb7a	Cdc42ep4	True	False	False	False	False	False	C
O88939	O88587	Zbtb7a	Comt	True	False	False	False	False	False	C
O88939	A2AUX5	Zbtb7a	A2AUX5	True	False	False	False	False	False	C
O88939	O88508	Zbtb7a	Dnmt3a	True	False	False	False	False	False	C
O88939	Q4PZA2	Zbtb7a	Ece1	True	False	False	False	False	False	C
O88939	P52801	Zbtb7a	Efna2	True	False	False	False	False	False	C
O88939	Q9WVK4	Zbtb7a	Ehd1	True	False	False	False	False	False	C
O88939	Q7TNG5	Zbtb7a	Eml2	True	False	False	False	False	False	C
O88939	Q99K30	Zbtb7a	Eps8l2	True	False	False	False	False	False	C
O88939	A2RT62	Zbtb7a	Fbxl16	True	False	False	False	False	False	C
O88939	A0A1W2P6X3	Zbtb7a	A0A1W2P6X3	True	False	False	False	False	False	C
O88939	A0A1D5RM07	Zbtb7a	A0A1D5RM07	True	False	False	False	False	False	C
O88939	Q9QYK5	Zbtb7a	Hs6st1	True	False	False	False	False	False	C
O88939	O88477	Zbtb7a	Igf2bp1	True	False	False	False	False	False	C
O88939	A2A7S8	Zbtb7a	Nhsl3	True	False	False	False	False	False	C
O88939	P11679	Zbtb7a	Krt8	True	False	False	False	False	False	C
O88939	Q61001	Zbtb7a	Lama5	True	False	False	False	False	False	C
O88939	P48678	Zbtb7a	Lmna	True	False	False	False	False	False	C
O88939	Q61810	Zbtb7a	Ltbp3	True	False	False	False	False	False	C
O88939	Q8CIP4	Zbtb7a	Mark4	True	False	False	False	False	False	C
O88939	Q8VE43	Zbtb7a	Metrnl	True	False	False	False	False	False	C
O88939	Q9D074	Zbtb7a	Mgrn1	True	False	False	False	False	False	C
O88939	Q8CDB0	Zbtb7a	Mknk2	True	False	False	False	False	False	C
O88939	O08789	Zbtb7a	Mnt	True	False	False	False	False	False	C
O88939	Q61468	Zbtb7a	Msln	True	False	False	False	False	False	C
O88939	Q9DBV4	Zbtb7a	Mxra8	True	False	False	False	False	False	C
O88939	Q9DCM7	Zbtb7a	Nacc2	True	False	False	False	False	False	C
O88939	E9PY55	Zbtb7a	E9PY55	True	False	False	False	False	False	C
O88939	Q9QYG0	Zbtb7a	Ndrg2	True	False	False	False	False	False	C
O88939	P70255	Zbtb7a	Nfic	True	False	False	False	False	False	C
O88939	Q8R1F1	Zbtb7a	Niban2	True	False	False	False	False	False	C
O88939	Q01705	Zbtb7a	Notch1	True	False	False	False	False	False	C
O88939	P97459	Zbtb7a	Npas1	True	False	False	False	False	False	C
O88939	P43136	Zbtb7a	Nr2f6	True	False	False	False	False	False	C
O88939	D3YYU8	Zbtb7a	Obsl1	True	False	False	False	False	False	C
O88939	Q9Z0P4	Zbtb7a	Palm	True	False	False	False	False	False	C
O88939	P60335	Zbtb7a	Pcbp1	True	False	False	False	False	False	C
O88939	A0A0A6YX79	Zbtb7a	A0A0A6YX79	True	False	False	False	False	False	C
O88939	A0A0R4IZW4	Zbtb7a	A0A0R4IZW4	True	False	False	False	False	False	C
O88939	Q9JM05	Zbtb7a	Pias4	True	False	False	False	False	False	C
O88939	E9PUQ9	Zbtb7a	E9PUQ9	True	False	False	False	False	False	C
O88939	Q9QXS1	Zbtb7a	Plec	True	False	False	False	False	False	C
O88939	B2RXS4	Zbtb7a	Plxnb2	True	False	False	False	False	False	C
O88939	Q3TRM4	Zbtb7a	Pnpla6	True	False	False	False	False	False	B
O88939	Q6R891	Zbtb7a	Ppp1r9b	True	False	False	False	False	False	C
O88939	P17225	Zbtb7a	Ptbp1	True	False	False	False	False	False	C
O88939	Q61115	Zbtb7a	Ptch1	True	False	False	False	False	False	C
O88939	E9Q9M8	Zbtb7a	Pwwp2b	True	False	False	False	False	False	C
O88939	Q61818	Zbtb7a	Rai1	True	False	False	False	False	False	C
O88939	P28700	Zbtb7a	Rxra	True	False	False	False	False	False	C
O88939	Q9JLZ8	Zbtb7a	Sigirr	True	False	False	False	False	False	C
O88939	B1AUF1	Zbtb7a	B1AUF1	True	False	False	False	False	False	C
O88939	P41438	Zbtb7a	Slc19a1	True	False	False	False	False	False	C
O88939	Q3UHH2	Zbtb7a	Slc22a23	True	False	False	False	False	False	C
O88939	P05480	Zbtb7a	Src	True	False	False	False	False	False	C
O88939	A0A571BG39	Zbtb7a	A0A571BG39	True	False	False	False	False	False	C
O88939	E0CYK1	Zbtb7a	E0CYK1	True	False	False	False	False	False	C
O88939	P63058	Zbtb7a	Thra	True	False	False	False	False	False	C
O88939	P63002	Zbtb7a	Tle5	True	False	False	False	False	False	C
O88939	Q64321	Zbtb7a	Zbtb7b	True	False	False	False	False	False	C
O88939	O35615	Zbtb7a	Zfpm1	True	False	False	False	False	False	C
O88939	Q3U288	Zbtb7a	Znf710	True	False	False	False	False	False	C
Q9JJ48	O08650	Zc3h8	Has3	True	False	False	False	False	False	C
Q9JJ48	A0A087WQP2	Zc3h8	A0A087WQP2	True	False	False	False	False	False	C
Q9JJ48	Q8K224	Zc3h8	Nat10	True	False	False	False	False	False	C
Q9JJ48	Q6P7W5	Zc3h8	Tsen2	True	False	False	False	False	False	C
Q9JJ48	Q9CWU6	Zc3h8	Uqcc1	True	False	False	False	False	False	C
Q64318	E9Q6G4	Zeb1	E9Q6G4	True	False	False	False	False	False	C
Q64318	Q6NXL5	Zeb1	Q6NXL5	True	False	False	False	False	False	C
Q64318	E9PY16	Zeb1	E9PY16	True	False	False	False	False	False	C
Q64318	Q80YS6	Zeb1	Afap1	True	False	False	False	False	False	C
Q64318	Q8K3K7	Zeb1	Agpat2	True	False	False	False	False	False	C
Q64318	A0A494BBD5	Zeb1	A0A494BBD5	True	False	False	False	False	False	C
Q64318	Q8BVF9	Zeb1	Amz1	True	False	False	False	False	False	C
Q64318	P97384	Zeb1	Anxa11	True	False	False	False	False	False	C
Q64318	Q3U5C8	Zeb1	Arhgef16	True	False	False	False	False	False	C
Q64318	P24288	Zeb1	Bcat1	True	False	False	False	False	False	C
Q64318	P10417	Zeb1	Bcl2	True	False	False	False	False	False	C
Q64318	Q6PAJ1	Zeb1	Bcr	True	False	False	False	False	False	C
Q64318	Q6VGS5	Zeb1	Ccdc88c	True	False	False	False	False	False	C
Q64318	Q91XQ5	Zeb1	Chst15	True	False	False	False	False	False	C
Q64318	Q80U30	Zeb1	Clec16a	True	False	False	False	False	False	C
Q64318	P08122	Zeb1	Col4a2	True	False	False	False	False	False	C
Q64318	Q9DC28	Zeb1	Csnk1d	True	False	False	False	False	False	C
Q64318	P97315	Zeb1	Csrp1	True	False	False	False	False	False	B
Q64318	P30999	Zeb1	Ctnnd1	True	False	False	False	False	False	C
Q64318	Q80YW0	Zeb1	Cyth4	True	False	False	False	False	False	C
Q64318	Q9D3F7	Zeb1	Ddit4	True	False	False	False	False	False	C
Q64318	Q80UP3	Zeb1	Dgkz	True	False	False	False	False	False	C
Q64318	B1AZP2	Zeb1	Dlgap4	True	False	False	False	False	False	C
Q64318	A0A1L1SQR4	Zeb1	A0A1L1SQR4	True	False	False	False	False	False	C
Q64318	Q99K30	Zeb1	Eps8l2	True	False	False	False	False	False	C
Q64318	Q3UN58	Zeb1	Faap20	True	False	False	False	False	False	C
Q64318	A6PWD2	Zeb1	Fhad1	True	False	False	False	False	False	C
Q64318	B7FAU9	Zeb1	B7FAU9	True	False	False	False	False	False	B
Q64318	B7FAT7	Zeb1	B7FAT7	True	False	False	False	False	False	C
Q64318	Q3U3C9	Zeb1	Gse1	True	False	False	False	False	False	C
Q64318	P13020	Zeb1	Gsn	True	False	False	False	False	False	C
Q64318	Q6NZM9	Zeb1	Hdac4	True	False	False	False	False	False	C
Q64318	A2AS03	Zeb1	A2AS03	True	False	False	False	False	False	C
Q64318	E9PZ16	Zeb1	E9PZ16	True	False	False	False	False	False	C
Q64318	Q7TNC9	Zeb1	Inpp5a	True	False	False	False	False	False	C
Q64318	P09055	Zeb1	Itgb1	True	False	False	False	False	False	B
Q64318	Q02257	Zeb1	Jup	True	False	False	False	False	False	C
Q64318	Q5NCY0	Zeb1	Kdm6b	True	False	False	False	False	False	C
Q64318	F8VQJ3	Zeb1	F8VQJ3	True	False	False	False	False	False	C
Q64318	Q80VQ1	Zeb1	Lrrc1	True	False	False	False	False	False	C
Q64318	E9PZ55	Zeb1	E9PZ55	True	False	False	False	False	False	C
Q64318	P04370	Zeb1	Mbp	True	False	False	False	False	False	C
Q64318	Q3TZG8	Zeb1	Q3TZG8	True	False	False	False	False	False	C
Q64318	Q8BVE8	Zeb1	Nsd2	True	False	False	False	False	False	C
Q64318	A0A1L1SV46	Zeb1	A0A1L1SV46	True	False	False	False	False	False	C
Q64318	O89084	Zeb1	Pde4a	True	False	False	False	False	False	C
Q64318	Q9WUA3	Zeb1	Pfkp	True	False	False	False	False	False	C
Q64318	Q6PDH0	Zeb1	Phldb1	True	False	False	False	False	False	B
Q64318	O70172	Zeb1	Pip4k2a	True	False	False	False	False	False	C
Q64318	P70268	Zeb1	Pkn1	True	False	False	False	False	False	C
Q64318	Q8CIH5	Zeb1	Plcg2	True	False	False	False	False	False	C
Q64318	Q9QXS1	Zeb1	Plec	True	False	False	False	False	False	C
Q64318	Q66T02	Zeb1	Plekhg5	True	False	False	False	False	False	C
Q64318	B2RXS4	Zeb1	Plxnb2	True	False	False	False	False	False	C
Q64318	Q9QVP9	Zeb1	Ptk2b	True	False	False	False	False	False	C
Q64318	Q64434	Zeb1	Ptk6	True	False	False	False	False	False	C
Q64318	P29351	Zeb1	Ptpn6	True	False	False	False	False	False	C
Q64318	Q8BQP8	Zeb1	Rab11fip4	True	False	False	False	False	False	C
Q64318	Q91WT8	Zeb1	Rbm47	True	False	False	False	False	False	C
Q64318	Q8CBY1	Zeb1	Samd4a	True	False	False	False	False	False	C
Q64318	Q61180	Zeb1	Scnn1a	True	False	False	False	False	False	C
Q64318	A2ABP9	Zeb1	A2ABP9	True	False	False	False	False	False	C
Q64318	O09039	Zeb1	Sh2b3	True	False	False	False	False	False	C
Q64318	B1AUF1	Zeb1	B1AUF1	True	False	False	False	False	False	C
Q64318	Q9QZD8	Zeb1	Slc25a10	True	False	False	False	False	False	B
Q64318	Q9Z1K8	Zeb1	Slc7a7	True	False	False	False	False	False	C
Q64318	Q9JMD3	Zeb1	Stard10	True	False	False	False	False	False	C
Q64318	A0A0G2JDT3	Zeb1	A0A0G2JDT3	True	False	False	False	False	False	C
Q64318	Q9R097	Zeb1	Spint1	True	False	False	False	False	False	C
Q64318	Q60949	Zeb1	Tbc1d1	True	False	False	False	False	False	C
Q64318	A0A5K1VVQ7	Zeb1	A0A5K1VVQ7	True	False	False	False	False	False	C
Q64318	Q9CY27	Zeb1	Tecr	True	False	False	False	False	False	B
Q64318	B1ATB3	Zeb1	B1ATB3	True	False	False	False	False	False	C
Q64318	A0A7N9VSI9	Zeb1	A0A7N9VSI9	True	False	False	False	False	False	C
Q64318	Q5SXA9	Zeb1	Wwc1	True	False	False	False	False	False	C
Q64318	Q9EPK5	Zeb1	Wwtr1	True	False	False	False	False	False	C
Q64318	D3Z1Y7	Zeb1	D3Z1Y7	True	False	False	False	False	False	C
Q64318	Q64321	Zeb1	Zbtb7b	True	False	False	False	False	False	C
Q64318	P23950	Zeb1	Zfp36l1	True	False	False	False	False	False	C
Q9R0G7	P37172	Zeb2	Acvr1	True	False	False	False	False	False	C
Q9R0G7	Q80ZF8	Zeb2	Adgrb3	True	False	False	False	False	False	C
Q9R0G7	P97429	Zeb2	Anxa4	True	False	False	False	False	False	C
Q9R0G7	Q9QWY8	Zeb2	Asap1	True	False	False	False	False	False	C
Q9R0G7	Q6Q477	Zeb2	Atp2b4	True	False	False	False	False	False	C
Q9R0G7	B2RX70	Zeb2	B2RX70	True	False	False	False	False	False	C
Q9R0G7	Q8BH52	Zeb2	Creb3l2	True	False	False	False	False	False	C
Q9R0G7	O88668	Zeb2	Creg1	True	False	False	False	False	False	C
Q9R0G7	Q8K382	Zeb2	Dennd1a	True	False	False	False	False	False	C
Q9R0G7	O70318	Zeb2	Epb41l2	True	False	False	False	False	False	C
Q9R0G7	A0A0R4J0H8	Zeb2	A0A0R4J0H8	True	False	False	False	False	False	C
Q9R0G7	P39688	Zeb2	Fyn	True	False	False	False	False	False	C
Q9R0G7	Q3ZB57	Zeb2	Q3ZB57	True	False	False	False	False	False	C
Q9R0G7	Q8BW56	Zeb2	Gtdc1	True	False	False	False	False	False	C
Q9R0G7	Q8VD75	Zeb2	Hip1	True	False	False	False	False	False	C
Q9R0G7	P11881	Zeb2	Itpr1	True	False	False	False	False	False	C
Q9R0G7	Q8BGA2	Zeb2	Lhfpl2	True	False	False	False	False	False	C
Q9R0G7	A0A0R4J005	Zeb2	A0A0R4J005	True	False	False	False	False	False	C
Q9R0G7	A0A3Q4EGK3	Zeb2	A0A3Q4EGK3	True	False	False	False	False	False	C
Q9R0G7	Q8K4G1	Zeb2	Ltbp4	True	False	False	False	False	False	C
Q9R0G7	A0A0A6YVV8	Zeb2	A0A0A6YVV8	True	False	False	False	False	False	C
Q9R0G7	A0A0G2JEM8	Zeb2	A0A0G2JEM8	True	False	False	False	False	False	C
Q9R0G7	Q02780	Zeb2	Nfia	True	False	False	False	False	False	C
Q9R0G7	O35242	Zeb2	Nsmaf	True	False	False	False	False	False	C
Q9R0G7	Q7M6Y3	Zeb2	Picalm	True	False	False	False	False	False	C
Q9R0G7	Q9JHG7	Zeb2	Pik3cg	True	False	False	False	False	False	C
Q9R0G7	O70172	Zeb2	Pip4k2a	True	False	False	False	False	False	C
Q9R0G7	P31324	Zeb2	Prkar2b	True	False	False	False	False	False	C
Q9R0G7	P68404	Zeb2	Prkcb	True	False	False	False	False	False	C
Q9R0G7	Q9QYS9	Zeb2	Qki	True	False	False	False	False	False	C
Q9R0G7	Q921E2	Zeb2	Rab31	True	False	False	False	False	False	C
Q9R0G7	P61028	Zeb2	Rab8b	True	False	False	False	False	False	C
Q9R0G7	Q60841	Zeb2	Reln	True	False	False	False	False	False	C
Q9R0G7	Q62205	Zeb2	Scn9a	True	False	False	False	False	False	C
Q9R0G7	Q9JJG5	Zeb2	Sertad2	True	False	False	False	False	False	C
Q9R0G7	Q8VCQ6	Zeb2	Sgms1	True	False	False	False	False	False	C
Q9R0G7	Q11204	Zeb2	St3gal2	True	False	False	False	False	False	C
Q9R0G7	E9Q3H4	Zeb2	E9Q3H4	True	False	False	False	False	False	C
Q9R0G7	Q80XQ2	Zeb2	Tbc1d5	True	False	False	False	False	False	C
Q9R0G7	Q8BHJ5	Zeb2	Tbl1xr1	True	False	False	False	False	False	C
Q9R0G7	A0A0J9YTU7	Zeb2	A0A0J9YTU7	True	False	False	False	False	False	C
Q9R0G7	A0A1W2P8G5	Zeb2	A0A1W2P8G5	True	False	False	False	False	False	C
Q9R0G7	Q8CCH7	Zeb2	Zfpm2	True	False	False	False	False	False	C
P17012	Q9EST5	Zfx	Anp32b	True	False	False	False	False	False	C
P17012	A0A338P6U8	Zfx	A0A338P6U8	True	False	False	False	False	False	C
P17012	Q91X20	Zfx	Ash2l	True	False	False	False	False	False	C
P17012	Q6KAU8	Zfx	Atg16l2	True	False	False	False	False	False	C
P17012	G3X975	Zfx	G3X975	True	False	False	False	False	False	C
P17012	Q8BHG9	Zfx	Cggbp1	True	False	False	False	False	False	C
P17012	Q01147	Zfx	Creb1	True	False	False	False	False	False	C
P17012	P54823	Zfx	Ddx6	True	False	False	False	False	False	C
P17012	Q8BNI4	Zfx	Derl2	True	False	False	False	False	False	C
P17012	Q9EQM6	Zfx	Dgcr8	True	False	False	False	False	False	C
P17012	Q80TH2	Zfx	Erbin	True	False	False	False	False	False	C
P17012	Q8C2S5	Zfx	Fbxl5	True	False	False	False	False	False	C
P17012	Q00422	Zfx	Gabpa	True	False	False	False	False	False	C
P17012	Q9Z2X1	Zfx	Hnrnpf	True	False	False	False	False	False	C
P17012	P19182	Zfx	Ifrd1	True	False	False	False	False	False	C
P17012	Q3U410	Zfx	Klhl21	True	False	False	False	False	False	C
P17012	Q8BRK9	Zfx	Man2a2	True	False	False	False	False	False	C
P17012	Q61881	Zfx	Mcm7	True	False	False	False	False	False	C
P17012	Q99N90	Zfx	Mrpl36	True	False	False	False	False	False	C
P17012	P54276	Zfx	Msh6	True	False	False	False	False	False	C
P17012	O35682	Zfx	Myadm	True	False	False	False	False	False	C
P17012	Q9WTI7	Zfx	Myo1c	True	False	False	False	False	False	C
P17012	Q6KCD5	Zfx	Nipbl	True	False	False	False	False	False	C
P17012	Q8BVE8	Zfx	Nsd2	True	False	False	False	False	False	C
P17012	Q9QY81	Zfx	Nup210	True	False	False	False	False	False	C
P17012	Q3UK78	Zfx	Pcgf5	True	False	False	False	False	False	C
P17012	Q5SPL2	Zfx	Phf12	True	False	False	False	False	False	C
P17012	A0A0R4J1T0	Zfx	A0A0R4J1T0	True	False	False	False	False	False	C
P17012	Q80U58	Zfx	Pum2	True	False	False	False	False	False	C
P17012	A0A0A6YVQ2	Zfx	A0A0A6YVQ2	True	False	False	False	False	False	C
P17012	Q9CXK9	Zfx	Rbm33	True	False	False	False	False	False	C
P17012	Q9QZS2	Zfx	Rnf4	True	False	False	False	False	False	C
P17012	P67984	Zfx	Rpl22	True	False	False	False	False	False	C
P17012	Q8BXT9	Zfx	Sec22c	True	False	False	False	False	False	C
P17012	Q62432	Zfx	Smad2	True	False	False	False	False	False	C
P17012	Q6P5D8	Zfx	Smchd1	True	False	False	False	False	False	C
P17012	F8VPU0	Zfx	F8VPU0	True	False	False	False	False	False	C
P17012	Q6PB75	Zfx	Tent4a	True	False	False	False	False	False	C
P17012	A0A0G2JE32	Zfx	A0A0G2JE32	True	False	False	False	False	False	C
P17012	Q99KJ0	Zfx	Ubxn2a	True	False	False	False	False	False	C
P17012	Q64705	Zfx	Usf2	True	False	False	False	False	False	C
P17012	A0A087WQE4	Zfx	A0A087WQE4	True	False	False	False	False	False	C
P17012	O88939	Zfx	Zbtb7a	True	False	False	False	False	False	C
P17012	A2A484	Zfx	A2A484	True	False	False	False	False	False	C
P17012	O70230	Zfx	Znf143	True	False	False	False	False	False	C
P17012	Q8BV16	Zfx	Q8BV16	True	False	False	False	False	False	C
P70121	P81269	Zhx1	Atf1	True	False	False	False	False	False	C
P70121	P51125	Zhx1	Cast	True	False	False	False	False	False	C
P70121	Q8BYH8	Zhx1	Chd9	True	False	False	False	False	False	C
P70121	E9QLG3	Zhx1	E9QLG3	True	False	False	False	False	False	C
P70121	Q9ES74	Zhx1	Nek7	True	False	False	False	False	False	C
P70121	Q60795	Zhx1	Nfe2l2	True	False	False	False	False	False	C
P70121	P06537	Zhx1	Nr3c1	True	False	False	False	False	False	C
P70121	Q62245	Zhx1	Sos1	True	False	False	False	False	False	C
P70121	O35638	Zhx1	Stag2	True	False	False	False	False	False	C
Q8C0C0	A0A338P6U8	Zhx2	A0A338P6U8	True	False	False	False	False	False	C
Q8C0C0	H3BJ24	Zhx2	H3BJ24	True	False	False	False	False	False	C
Q8C0C0	Q3UHF7	Zhx2	Hivep2	True	False	False	False	False	False	C
Q8C0C0	Q9CX00	Zhx2	Ist1	True	False	False	False	False	False	C
Q8C0C0	Q62433	Zhx2	Ndrg1	True	False	False	False	False	False	C
Q8C0C0	P97346	Zhx2	Nxn	True	False	False	False	False	False	C
Q8C0C0	Q64337	Zhx2	Sqstm1	True	False	False	False	False	False	C
Q8C0C0	D3Z1Y7	Zhx2	D3Z1Y7	True	False	False	False	False	False	C
Q8C0C0	Q5F293	Zhx2	Zbtb4	True	False	False	False	False	False	C
Q8BGS3	E9Q4K0	Zkscan1	E9Q4K0	True	False	False	False	False	False	C
Q8BGS3	P60710	Zkscan1	Actb	True	False	False	False	False	False	C
Q8BGS3	Q8K209	Zkscan1	Adgrg1	True	False	False	False	False	False	C
Q8BGS3	Q80VQ0	Zkscan1	Aldh3b1	True	False	False	False	False	False	C
Q8BGS3	Q8BL80	Zkscan1	Arhgap22	True	False	False	False	False	False	C
Q8BGS3	Q8BWA8	Zkscan1	Arhgef19	True	False	False	False	False	False	C
Q8BGS3	F8VPZ9	Zkscan1	Bicra	True	False	False	False	False	False	C
Q8BGS3	P47757	Zkscan1	Capzb	True	False	False	False	False	False	C
Q8BGS3	Q8BYH8	Zkscan1	Chd9	True	False	False	False	False	False	C
Q8BGS3	Q80YA8	Zkscan1	Crb2	True	False	False	False	False	False	C
Q8BGS3	Q921M7	Zkscan1	Cyrib	True	False	False	False	False	False	C
Q8BGS3	Q3TZ02	Zkscan1	Q3TZ02	True	False	False	False	False	False	C
Q8BGS3	A2AUX5	Zkscan1	A2AUX5	True	False	False	False	False	False	C
Q8BGS3	A0A0R4J0H9	Zkscan1	A0A0R4J0H9	True	False	False	False	False	False	C
Q8BGS3	P70372	Zkscan1	Elavl1	True	False	False	False	False	False	C
Q8BGS3	P54761	Zkscan1	Ephb4	True	False	False	False	False	False	C
Q8BGS3	Q7TNS8	Zkscan1	Epop	True	False	False	False	False	False	C
Q8BGS3	A6PWD2	Zkscan1	Fhad1	True	False	False	False	False	False	C
Q8BGS3	Q80T41	Zkscan1	Gabbr2	True	False	False	False	False	False	C
Q8BGS3	Q8JZP9	Zkscan1	Gas2l1	True	False	False	False	False	False	C
Q8BGS3	Q7TMK6	Zkscan1	Hook2	True	False	False	False	False	False	C
Q8BGS3	Q80W32	Zkscan1	Iqcg	True	False	False	False	False	False	C
Q8BGS3	Q61810	Zkscan1	Ltbp3	True	False	False	False	False	False	C
Q8BGS3	Q924H2	Zkscan1	Med15	True	False	False	False	False	False	C
Q8BGS3	Q920Q6	Zkscan1	Msi2	True	False	False	False	False	False	C
Q8BGS3	A0A087WPX3	Zkscan1	A0A087WPX3	True	False	False	False	False	False	C
Q8BGS3	Q6U7H8	Zkscan1	Pip5kl1	True	False	False	False	False	False	C
Q8BGS3	Q812A5	Zkscan1	Prr5	True	False	False	False	False	False	C
Q8BGS3	A2A8L5	Zkscan1	Ptprf	True	False	False	False	False	False	C
Q8BGS3	Q61818	Zkscan1	Rai1	True	False	False	False	False	False	C
Q8BGS3	Q03385	Zkscan1	Ralgds	True	False	False	False	False	False	C
Q8BGS3	Q8VCC8	Zkscan1	Rapgef3	True	False	False	False	False	False	C
Q8BGS3	P97348	Zkscan1	Rhod	True	False	False	False	False	False	C
Q8BGS3	Q68FE6	Zkscan1	Ripor1	True	False	False	False	False	False	C
Q8BGS3	Q99K82	Zkscan1	Smox	True	False	False	False	False	False	C
Q8BGS3	Q58A65	Zkscan1	Spag9	True	False	False	False	False	False	C
Q8BGS3	O35400	Zkscan1	Sult2b1	True	False	False	False	False	False	C
Q8BGS3	Q80UF7	Zkscan1	Ticam1	True	False	False	False	False	False	C
Q8BGS3	E9Q6P5	Zkscan1	Ttc7b	True	False	False	False	False	False	C
Q8BGS3	P68037	Zkscan1	Ube2l3	True	False	False	False	False	False	C
Q8BGS3	Q9CZY3	Zkscan1	Ube2v1	True	False	False	False	False	False	C
Q8BGS3	Q80VW5	Zkscan1	Whrn	True	False	False	False	False	False	C
O70230	Q9WTK2	Znf143	Cdyl	True	False	False	False	False	False	C
O70230	Q6ZQ06	Znf143	Cep162	True	False	False	False	False	False	C
O70230	E9Q1U6	Znf143	E9Q1U6	True	False	False	False	False	False	C
O70230	Q8K382	Znf143	Dennd1a	True	False	False	False	False	False	C
O70230	B2RQ71	Znf143	B2RQ71	True	False	False	False	False	False	C
O70230	Q62108	Znf143	Dlg4	True	False	False	False	False	False	C
O70230	O54946	Znf143	Dnajb6	True	False	False	False	False	False	C
O70230	P59764	Znf143	Dock4	True	False	False	False	False	False	C
O70230	Q9EQF6	Znf143	Dpysl5	True	False	False	False	False	False	C
O70230	Q6PB97	Znf143	Fbxl19	True	False	False	False	False	False	C
O70230	A0A0R4J0H8	Znf143	A0A0R4J0H8	True	False	False	False	False	False	C
O70230	Q8BIE6	Znf143	Frmd4a	True	False	False	False	False	False	C
O70230	Q8BGW1	Znf143	Fto	True	False	False	False	False	False	C
O70230	A0A1D5RM07	Znf143	A0A1D5RM07	True	False	False	False	False	False	C
O70230	P11881	Znf143	Itpr1	True	False	False	False	False	False	C
O70230	P48678	Znf143	Lmna	True	False	False	False	False	False	C
O70230	A0A0A6YVZ8	Znf143	A0A0A6YVZ8	True	False	False	False	False	False	C
O70230	Q9D074	Znf143	Mgrn1	True	False	False	False	False	False	C
O70230	A0A1Y7VP67	Znf143	A0A1Y7VP67	True	False	False	False	False	False	C
O70230	Q9CXW2	Znf143	Mrps22	True	False	False	False	False	False	C
O70230	Q920Q6	Znf143	Msi2	True	False	False	False	False	False	C
O70230	P70365	Znf143	Ncoa1	True	False	False	False	False	False	C
O70230	Q02819	Znf143	Nucb1	True	False	False	False	False	False	C
O70230	Q5QNQ6	Znf143	Osbp2	True	False	False	False	False	False	C
O70230	Q9DAK2	Znf143	Pacrg	True	False	False	False	False	False	C
O70230	G3XA13	Znf143	G3XA13	True	False	False	False	False	False	C
O70230	P60335	Znf143	Pcbp1	True	False	False	False	False	False	C
O70230	O89084	Znf143	Pde4a	True	False	False	False	False	False	C
O70230	Q9QXS1	Znf143	Plec	True	False	False	False	False	False	C
O70230	Q3TRM4	Znf143	Pnpla6	True	False	False	False	False	False	C
O70230	P16054	Znf143	Prkce	True	False	False	False	False	False	C
O70230	Q9WVS6	Znf143	Prkn	True	False	False	False	False	False	C
O70230	Q8CCF0	Znf143	Prpf31	True	False	False	False	False	False	C
O70230	A6H6A9	Znf143	Rabgap1l	True	False	False	False	False	False	C
O70230	A2ACM0	Znf143	A2ACM0	True	False	False	False	False	False	C
O70230	Q8K2P7	Znf143	Slc38a1	True	False	False	False	False	False	C
O70230	Q8JZP2	Znf143	Syn3	True	False	False	False	False	False	C
O70230	E9Q368	Znf143	Tarbp1	True	False	False	False	False	False	C
O70230	F8VPX1	Znf143	F8VPX1	True	False	False	False	False	False	C
O70230	P70460	Znf143	Vasp	True	False	False	False	False	False	C
O70230	Q5SXA9	Znf143	Wwc1	True	False	False	False	False	False	C
O70230	Q6P1E1	Znf143	Zmiz1	True	False	False	False	False	False	C
Q3U0X6	Q8BM75	Q3U0X6	Arid5b	True	False	False	False	False	False	C
Q3U0X6	Q5FWI3	Q3U0X6	Cemip2	True	False	False	False	False	False	C
Q3U0X6	A0A0R4J0H8	Q3U0X6	A0A0R4J0H8	True	False	False	False	False	False	C
Q3U0X6	P13504	Q3U0X6	Il1r1	True	False	False	False	False	False	C
Q3U0X6	Q9JKF1	Q3U0X6	Iqgap1	True	False	False	False	False	False	C
Q3U0X6	A0A0R4J150	Q3U0X6	A0A0R4J150	True	False	False	False	False	False	C
Q3U0X6	Q8BHJ6	Q3U0X6	Serinc5	True	False	False	False	False	False	C
Q3U0X6	Q8BG87	Q3U0X6	Tet3	True	False	False	False	False	False	C
Q3U0X6	F8VPZ3	Q3U0X6	Usp32	True	False	False	False	False	False	C
Q3U0X6	Q9R0C8	Q3U0X6	Vav3	True	False	False	False	False	False	C
Q91VN1	Q9D0L4	Znf24	Adck1	True	False	False	False	False	False	C
Q91VN1	E9QQ10	Znf24	E9QQ10	True	False	False	False	False	False	C
Q91VN1	Q80U30	Znf24	Clec16a	True	False	False	False	False	False	C
Q91VN1	Q68ED7	Znf24	Crtc1	True	False	False	False	False	False	C
Q91VN1	V9GX34	Znf24	V9GX34	True	False	False	False	False	False	C
Q91VN1	Q80TZ3	Znf24	Dnajc6	True	False	False	False	False	False	C
Q91VN1	Q8K285	Znf24	Fcho1	True	False	False	False	False	False	C
Q91VN1	Q03717	Znf24	Kcnb1	True	False	False	False	False	False	C
Q91VN1	A0A7N9VSW1	Znf24	A0A7N9VSW1	True	False	False	False	False	False	C
Q91VN1	Q8BNY6	Znf24	Ncs1	True	False	False	False	False	False	C
Q91VN1	B1AZ99	Znf24	Otud3	True	False	False	False	False	False	C
Q91VN1	Q9ESK9	Znf24	Rb1cc1	True	False	False	False	False	False	C
Q91VN1	Q9WVC6	Znf24	Sgk1	True	False	False	False	False	False	C
Q91VN1	A0A0G2JDT3	Znf24	A0A0G2JDT3	True	False	False	False	False	False	C
Q91VN1	O35400	Znf24	Sult2b1	True	False	False	False	False	False	C
Q91VN1	P36423	Znf24	Tbxas1	True	False	False	False	False	False	C
Q91VN1	Q9EPK8	Znf24	Trpv4	True	False	False	False	False	False	C
Q91VN1	Q8K3J5	Znf24	Znf131	True	False	False	False	False	False	C
Q8CF60	A0A668KLA4	Znf263	A0A668KLA4	True	False	False	False	False	False	B
Q8CF60	E9Q6G4	Znf263	E9Q6G4	True	False	False	False	False	False	B
Q8CF60	A0A571BG95	Znf263	A0A571BG95	True	False	False	False	False	False	B
Q8CF60	Q9JIX8	Znf263	Acin1	True	False	False	False	False	False	C
Q8CF60	Q91V12	Znf263	Acot7	True	False	False	False	False	False	B
Q8CF60	Q3URE1	Znf263	Acsf3	True	False	False	False	False	False	B
Q8CF60	Q9D9L5	Znf263	Actrt2	True	False	False	False	False	False	B
Q8CF60	P37172	Znf263	Acvr1	True	False	False	False	False	False	C
Q8CF60	Q3UHD1	Znf263	Adgrb1	True	False	False	False	False	False	B
Q8CF60	Q8K209	Znf263	Adgrg1	True	False	False	False	False	False	B
Q8CF60	Q8R0T6	Znf263	Adgrg3	True	False	False	False	False	False	C
Q8CF60	Q9Z248	Znf263	Aebp2	True	False	False	False	False	False	C
Q8CF60	Q8BXK8	Znf263	Agap1	True	False	False	False	False	False	B
Q8CF60	F8VQE9	Znf263	F8VQE9	True	False	False	False	False	False	B
Q8CF60	Q8K3K7	Znf263	Agpat2	True	False	False	False	False	False	B
Q8CF60	Q9D517	Znf263	Agpat3	True	False	False	False	False	False	B
Q8CF60	M0QWP1	Znf263	M0QWP1	True	False	False	False	False	False	B
Q8CF60	Q6PAL7	Znf263	Ahdc1	True	False	False	False	False	False	B
Q8CF60	A0A0R4J020	Znf263	A0A0R4J020	True	False	False	False	False	False	B
Q8CF60	A0A1D5RMI8	Znf263	A0A1D5RMI8	True	False	False	False	False	False	C
Q8CF60	G5E8J2	Znf263	G5E8J2	True	False	False	False	False	False	B
Q8CF60	E9Q4F7	Znf263	Ankrd11	True	False	False	False	False	False	B
Q8CF60	Q14AT5	Znf263	Ano7	True	False	False	False	False	False	B
Q8CF60	P17427	Znf263	Ap2a2	True	False	False	False	False	False	B
Q8CF60	P98084	Znf263	Apba2	True	False	False	False	False	False	B
Q8CF60	Q4LDD4	Znf263	Arap1	True	False	False	False	False	False	B
Q8CF60	Q8BL80	Znf263	Arhgap22	True	False	False	False	False	False	B
Q8CF60	B1AQY2	Znf263	B1AQY2	True	False	False	False	False	False	B
Q8CF60	O54834	Znf263	Arhgap6	True	False	False	False	False	False	C
Q8CF60	Q3U5C8	Znf263	Arhgef16	True	False	False	False	False	False	B
Q8CF60	Q80U35	Znf263	Arhgef17	True	False	False	False	False	False	B
Q8CF60	A0A338P6U8	Znf263	A0A338P6U8	True	False	False	False	False	False	B
Q8CF60	Q9QWY8	Znf263	Asap1	True	False	False	False	False	False	B
Q8CF60	E9PX52	Znf263	E9PX52	True	False	False	False	False	False	B
Q8CF60	P16460	Znf263	Ass1	True	False	False	False	False	False	B
Q8CF60	Q8BHE3	Znf263	Atcay	True	False	False	False	False	False	C
Q8CF60	P98197	Znf263	Atp11a	True	False	False	False	False	False	B
Q8CF60	F8WHB1	Znf263	F8WHB1	True	False	False	False	False	False	B
Q8CF60	P54254	Znf263	Atxn1	True	False	False	False	False	False	C
Q8CF60	Q80U56	Znf263	Avl9	True	False	False	False	False	False	C
Q8CF60	E9QMJ8	Znf263	E9QMJ8	True	False	False	False	False	False	C
Q8CF60	Q9JLV1	Znf263	Bag3	True	False	False	False	False	False	C
Q8CF60	Q8BKX1	Znf263	Baiap2	True	False	False	False	False	False	B
Q8CF60	Q8VIB5	Znf263	Barhl2	True	False	False	False	False	False	C
Q8CF60	Q61361	Znf263	Bcan	True	False	False	False	False	False	C
Q8CF60	Q8CGN4	Znf263	Bcor	True	False	False	False	False	False	B
Q8CF60	Q6PAJ1	Znf263	Bcr	True	False	False	False	False	False	B
Q8CF60	A0A3Q4EBR8	Znf263	A0A3Q4EBR8	True	False	False	False	False	False	B
Q8CF60	P25916	Znf263	Bmi1	True	False	False	False	False	False	C
Q8CF60	Q14AM7	Znf263	Hapstr1	True	False	False	False	False	False	C
Q8CF60	E9Q3C1	Znf263	C2cd2	True	False	False	False	False	False	B
Q8CF60	O70354	Znf263	Ca11	True	False	False	False	False	False	C
Q8CF60	P97445	Znf263	Cacna1a	True	False	False	False	False	False	B
Q8CF60	E9Q7P2	Znf263	E9Q7P2	True	False	False	False	False	False	B
Q8CF60	Q9CS00	Znf263	Cactin	True	False	False	False	False	False	C
Q8CF60	Q5SVJ0	Znf263	Q5SVJ0	True	False	False	False	False	False	B
Q8CF60	O35350	Znf263	Capn1	True	False	False	False	False	False	C
Q8CF60	Q9CWL2	Znf263	Casz1	True	False	False	False	False	False	B
Q8CF60	B7ZP57	Znf263	B7ZP57	True	False	False	False	False	False	B
Q8CF60	Q9QXV1	Znf263	Cbx8	True	False	False	False	False	False	B
Q8CF60	Q8BGU5	Znf263	Ccny	True	False	False	False	False	False	B
Q8CF60	Q61390	Znf263	Cct6b	True	False	False	False	False	False	C
Q8CF60	Q6GQT0	Znf263	Cdc14a	True	False	False	False	False	False	C
Q8CF60	Q9JM96	Znf263	Cdc42ep4	True	False	False	False	False	False	B
Q8CF60	Q9WTP5	Znf263	Cdh22	True	False	False	False	False	False	B
Q8CF60	Q99PF4	Znf263	Cdh23	True	False	False	False	False	False	B
Q8CF60	Q04899	Znf263	Cdk18	True	False	False	False	False	False	C
Q8CF60	E9Q2C0	Znf263	E9Q2C0	True	False	False	False	False	False	B
Q8CF60	B1AR17	Znf263	B1AR17	True	False	False	False	False	False	C
Q8CF60	E9PYL1	Znf263	E9PYL1	True	False	False	False	False	False	B
Q8CF60	A6H5Z6	Znf263	A6H5Z6	True	False	False	False	False	False	C
Q8CF60	Q8BQ86	Znf263	Chst8	True	False	False	False	False	False	B
Q8CF60	Q9Z0H8	Znf263	Clip2	True	False	False	False	False	False	B
Q8CF60	A0A0G2JE70	Znf263	A0A0G2JE70	True	False	False	False	False	False	C
Q8CF60	Q8BLX7	Znf263	Col16a1	True	False	False	False	False	False	B
Q8CF60	D3Z556	Znf263	D3Z556	True	False	False	False	False	False	B
Q8CF60	Q91VF6	Znf263	Col26a1	True	False	False	False	False	False	B
Q8CF60	Q5QNQ9	Znf263	Col27a1	True	False	False	False	False	False	B
Q8CF60	Q8JZW4	Znf263	Cpne5	True	False	False	False	False	False	B
Q8CF60	Q68ED7	Znf263	Crtc1	True	False	False	False	False	False	B
Q8CF60	Q9DC28	Znf263	Csnk1d	True	False	False	False	False	False	B
Q8CF60	P26231	Znf263	Ctnna1	True	False	False	False	False	False	B
Q8CF60	P70298	Znf263	Cux2	True	False	False	False	False	False	B
Q8CF60	Q91WA4	Znf263	Cxxc5	True	False	False	False	False	False	B
Q8CF60	Q8BHC4	Znf263	Dcakd	True	False	False	False	False	False	B
Q8CF60	A0A0A6YW72	Znf263	A0A0A6YW72	True	False	False	False	False	False	C
Q8CF60	Q03146	Znf263	Ddr1	True	False	False	False	False	False	C
Q8CF60	Q8K382	Znf263	Dennd1a	True	False	False	False	False	False	B
Q8CF60	Q9EQM6	Znf263	Dgcr8	True	False	False	False	False	False	B
Q8CF60	Q80UP3	Znf263	Dgkz	True	False	False	False	False	False	B
Q8CF60	B2RQ71	Znf263	B2RQ71	True	False	False	False	False	False	B
Q8CF60	E9QL24	Znf263	E9QL24	True	False	False	False	False	False	B
Q8CF60	E9Q9R9	Znf263	Dlg5	True	False	False	False	False	False	B
Q8CF60	B1AZP2	Znf263	Dlgap4	True	False	False	False	False	False	B
Q8CF60	Q8C4C9	Znf263	Q8C4C9	True	False	False	False	False	False	B
Q8CF60	O54946	Znf263	Dnajb6	True	False	False	False	False	False	B
Q8CF60	P39053	Znf263	Dnm1	True	False	False	False	False	False	B
Q8CF60	Q9Z218	Znf263	Dpp6	True	False	False	False	False	False	B
Q8CF60	Q6PCP3	Znf263	Q6PCP3	True	False	False	False	False	False	C
Q8CF60	Q8BK84	Znf263	Dusp29	True	False	False	False	False	False	C
Q8CF60	A0A0N4SV63	Znf263	A0A0N4SV63	True	False	False	False	False	False	B
Q8CF60	Q9WVK4	Znf263	Ehd1	True	False	False	False	False	False	B
Q8CF60	Q68FM6	Znf263	Elfn2	True	False	False	False	False	False	C
Q8CF60	O08856	Znf263	Ell	True	False	False	False	False	False	B
Q8CF60	Q03145	Znf263	Epha2	True	False	False	False	False	False	B
Q8CF60	P54763	Znf263	Ephb2	True	False	False	False	False	False	B
Q8CF60	P54761	Znf263	Ephb4	True	False	False	False	False	False	B
Q8CF60	P81270	Znf263	Erg	True	False	False	False	False	False	C
Q8CF60	Q9DC16	Znf263	Ergic1	True	False	False	False	False	False	B
Q8CF60	D3Z6S9	Znf263	Erich6	True	False	False	False	False	False	C
Q8CF60	Q9Z0R9	Znf263	Fads2	True	False	False	False	False	False	B
Q8CF60	Q78T81	Znf263	Eeig1	True	False	False	False	False	False	B
Q8CF60	Q8BGI4	Znf263	Fam13a	True	False	False	False	False	False	C
Q8CF60	Q6NSV7	Znf263	Fam149b1	True	False	False	False	False	False	C
Q8CF60	Q8CCS2	Znf263	Nalf1	True	False	False	False	False	False	C
Q8CF60	E9PXB2	Znf263	E9PXB2	True	False	False	False	False	False	B
Q8CF60	Q8C552	Znf263	Fam78a	True	False	False	False	False	False	B
Q8CF60	P37889	Znf263	Fbln2	True	False	False	False	False	False	B
Q8CF60	A0A1N9PTV1	Znf263	A0A1N9PTV1	True	False	False	False	False	False	B
Q8CF60	E9Q9T0	Znf263	E9Q9T0	True	False	False	False	False	False	B
Q8CF60	A0A0J9YUX1	Znf263	A0A0J9YUX1	True	False	False	False	False	False	B
Q8CF60	A2AJL3	Znf263	Fggy	True	False	False	False	False	False	C
Q8CF60	A2AV25	Znf263	Fibcd1	True	False	False	False	False	False	B
Q8CF60	Q8VHX6	Znf263	Flnc	True	False	False	False	False	False	B
Q8CF60	P35583	Znf263	Foxa2	True	False	False	False	False	False	C
Q8CF60	Q91XD4	Znf263	Ftcd	True	False	False	False	False	False	B
Q8CF60	Q9WV18	Znf263	Gabbr1	True	False	False	False	False	False	C
Q8CF60	Q80T41	Znf263	Gabbr2	True	False	False	False	False	False	B
Q8CF60	A0A0R4J0F6	Znf263	A0A0R4J0F6	True	False	False	False	False	False	B
Q8CF60	Q61592	Znf263	Gas6	True	False	False	False	False	False	C
Q8CF60	Q0VGT2	Znf263	Gli2	True	False	False	False	False	False	B
Q8CF60	Q61602	Znf263	Gli3	True	False	False	False	False	False	C
Q8CF60	P18872	Znf263	Gnao1	True	False	False	False	False	False	B
Q8CF60	O70443	Znf263	Gnaz	True	False	False	False	False	False	B
Q8CF60	A2AI16	Znf263	A2AI16	True	False	False	False	False	False	B
Q8CF60	G3XA20	Znf263	G3XA20	True	False	False	False	False	False	B
Q8CF60	Q3UYH7	Znf263	Grk3	True	False	False	False	False	False	C
Q8CF60	G3XA00	Znf263	G3XA00	True	False	False	False	False	False	B
Q8CF60	Q3U3C9	Znf263	Gse1	True	False	False	False	False	False	B
Q8CF60	P13020	Znf263	Gsn	True	False	False	False	False	False	B
Q8CF60	Q6NZM9	Znf263	Hdac4	True	False	False	False	False	False	B
Q8CF60	B7ZDF4	Znf263	B7ZDF4	True	False	False	False	False	False	B
Q8CF60	Q3SXD3	Znf263	Hddc2	True	False	False	False	False	False	C
Q8CF60	Q3UHF7	Znf263	Hivep2	True	False	False	False	False	False	C
Q8CF60	P17710	Znf263	Hk1	True	False	False	False	False	False	B
Q8CF60	P30681	Znf263	Hmgb2	True	False	False	False	False	False	C
Q8CF60	P62748	Znf263	Hpcal1	True	False	False	False	False	False	B
Q8CF60	E9PZ16	Znf263	E9PZ16	True	False	False	False	False	False	B
Q8CF60	P41136	Znf263	Id2	True	False	False	False	False	False	C
Q8CF60	E9QNX9	Znf263	E9QNX9	True	False	False	False	False	False	B
Q8CF60	Q9CPN8	Znf263	Igf2bp3	True	False	False	False	False	False	C
Q8CF60	Q7TNR6	Znf263	Igsf21	True	False	False	False	False	False	B
Q8CF60	E9PUA3	Znf263	E9PUA3	True	False	False	False	False	False	B
Q8CF60	E9QAD8	Znf263	E9QAD8	True	False	False	False	False	False	B
Q8CF60	D3YYP8	Znf263	D3YYP8	True	False	False	False	False	False	B
Q8CF60	Q8BYN3	Znf263	Itpk1	True	False	False	False	False	False	B
Q8CF60	B2RXC2	Znf263	B2RXC2	True	False	False	False	False	False	B
Q8CF60	P11881	Znf263	Itpr1	True	False	False	False	False	False	B
Q8CF60	Q922B9	Znf263	Itprid2	True	False	False	False	False	False	C
Q8CF60	Q62315	Znf263	Jarid2	True	False	False	False	False	False	C
Q8CF60	Q9ET77	Znf263	Jph3	True	False	False	False	False	False	C
Q8CF60	Q80UY2	Znf263	Kcmf1	True	False	False	False	False	False	C
Q8CF60	P62482	Znf263	Kcnab2	True	False	False	False	False	False	B
Q8CF60	Q53Z09	Znf263	Q53Z09	True	False	False	False	False	False	B
Q8CF60	P97414	Znf263	Kcnq1	True	False	False	False	False	False	B
Q8CF60	B7ZBV9	Znf263	B7ZBV9	True	False	False	False	False	False	B
Q8CF60	Q6P1G2	Znf263	Kdm2b	True	False	False	False	False	False	B
Q8CF60	Q5SYL3	Znf263	Bltp2	True	False	False	False	False	False	C
Q8CF60	Q8R0A7	Znf263	Kiaa0513	True	False	False	False	False	False	B
Q8CF60	A2A7S8	Znf263	Nhsl3	True	False	False	False	False	False	B
Q8CF60	A0A087WSU7	Znf263	A0A087WSU7	True	False	False	False	False	False	B
Q8CF60	Q80T74	Znf263	Klhl29	True	False	False	False	False	False	B
Q8CF60	Q61001	Znf263	Lama5	True	False	False	False	False	False	B
Q8CF60	Q9R0B6	Znf263	Lamc3	True	False	False	False	False	False	B
Q8CF60	Q8C142	Znf263	Ldlrap1	True	False	False	False	False	False	B
Q8CF60	Q8BGA2	Znf263	Lhfpl2	True	False	False	False	False	False	B
Q8CF60	Q9Z0S2	Znf263	Lhx2	True	False	False	False	False	False	C
Q8CF60	P50481	Znf263	Lhx3	True	False	False	False	False	False	B
Q8CF60	Q9R1R0	Znf263	Lhx6	True	False	False	False	False	False	C
Q8CF60	Q9D1T0	Znf263	Lingo1	True	False	False	False	False	False	B
Q8CF60	P48678	Znf263	Lmna	True	False	False	False	False	False	B
Q8CF60	Q3TFD2	Znf263	Lpcat1	True	False	False	False	False	False	B
Q8CF60	Q5DU41	Znf263	Lrrc8b	True	False	False	False	False	False	C
Q8CF60	Q61810	Znf263	Ltbp3	True	False	False	False	False	False	B
Q8CF60	Q8K4G1	Znf263	Ltbp4	True	False	False	False	False	False	B
Q8CF60	Q9WTX8	Znf263	Mad1l1	True	False	False	False	False	False	B
Q8CF60	P39098	Znf263	Man1a2	True	False	False	False	False	False	C
Q8CF60	Q63932	Znf263	Map2k2	True	False	False	False	False	False	B
Q8CF60	E9PXE2	Znf263	E9PXE2	True	False	False	False	False	False	B
Q8CF60	E9PW38	Znf263	E9PW38	True	False	False	False	False	False	C
Q8CF60	D3Z499	Znf263	D3Z499	True	False	False	False	False	False	B
Q8CF60	Q924H2	Znf263	Med15	True	False	False	False	False	False	B
Q8CF60	A0A0G2JEM8	Znf263	A0A0G2JEM8	True	False	False	False	False	False	C
Q8CF60	Q80T91	Znf263	Megf11	True	False	False	False	False	False	B
Q8CF60	A0A0A0MQ83	Znf263	A0A0A0MQ83	True	False	False	False	False	False	B
Q8CF60	Q5RKT9	Znf263	Q5RKT9	True	False	False	False	False	False	B
Q8CF60	Q8CJ19	Znf263	Mical3	True	False	False	False	False	False	B
Q8CF60	Q3TN34	Znf263	Micall2	True	False	False	False	False	False	B
Q8CF60	Q8CDB0	Znf263	Mknk2	True	False	False	False	False	False	B
Q8CF60	Q9ERL0	Znf263	Q9ERL0	True	False	False	False	False	False	C
Q8CF60	Q99MZ3	Znf263	Mlxipl	True	False	False	False	False	False	B
Q8CF60	Q6XE40	Znf263	Q6XE40	True	False	False	False	False	False	C
Q8CF60	Q9JLB0	Znf263	Pals2	True	False	False	False	False	False	C
Q8CF60	Q9D1Q1	Znf263	Mphosph6	True	False	False	False	False	False	C
Q8CF60	Q920Q6	Znf263	Msi2	True	False	False	False	False	False	B
Q8CF60	A0A0R4J139	Znf263	A0A0R4J139	True	False	False	False	False	False	C
Q8CF60	Q3UHU5	Znf263	Mtcl1	True	False	False	False	False	False	B
Q8CF60	A0A087WPA7	Znf263	A0A087WPA7	True	False	False	False	False	False	C
Q8CF60	Q9JMH9	Znf263	Myo18a	True	False	False	False	False	False	B
Q8CF60	P97479	Znf263	Myo7a	True	False	False	False	False	False	B
Q8CF60	A2ABU4	Znf263	Myom3	True	False	False	False	False	False	B
Q8CF60	P97500	Znf263	Myt1l	True	False	False	False	False	False	B
Q8CF60	Q9DCM7	Znf263	Nacc2	True	False	False	False	False	False	B
Q8CF60	A0A0R4IZX5	Znf263	A0A0R4IZX5	True	False	False	False	False	False	C
Q8CF60	Q61026	Znf263	Ncoa2	True	False	False	False	False	False	C
Q8CF60	E9PY55	Znf263	E9PY55	True	False	False	False	False	False	B
Q8CF60	Q8BNY6	Znf263	Ncs1	True	False	False	False	False	False	B
Q8CF60	Q3UHN9	Znf263	Ndst1	True	False	False	False	False	False	B
Q8CF60	A0A286YDV4	Znf263	A0A286YDV4	True	False	False	False	False	False	B
Q8CF60	A0A087WPX3	Znf263	A0A087WPX3	True	False	False	False	False	False	B
Q8CF60	Q60591	Znf263	Nfatc2	True	False	False	False	False	False	C
Q8CF60	P70255	Znf263	Nfic	True	False	False	False	False	False	B
Q8CF60	E9PUH7	Znf263	E9PUH7	True	False	False	False	False	False	B
Q8CF60	J3QK52	Znf263	J3QK52	True	False	False	False	False	False	C
Q8CF60	Q3TZG8	Znf263	Q3TZG8	True	False	False	False	False	False	B
Q8CF60	Q01705	Znf263	Notch1	True	False	False	False	False	False	B
Q8CF60	G3UYV8	Znf263	G3UYV8	True	False	False	False	False	False	C
Q8CF60	P43135	Znf263	Nr2f2	True	False	False	False	False	False	C
Q8CF60	E9Q7X7	Znf263	Nrxn2	True	False	False	False	False	False	B
Q8CF60	E9PUN2	Znf263	Nrxn2	True	False	False	False	False	False	B
Q8CF60	Q8R4F1	Znf263	Ntng2	True	False	False	False	False	False	B
Q8CF60	Q3UFB7	Znf263	Ntrk1	True	False	False	False	False	False	B
Q8CF60	Q9QY81	Znf263	Nup210	True	False	False	False	False	False	B
Q8CF60	Q9ER64	Znf263	Osbpl5	True	False	False	False	False	False	B
Q8CF60	Q91VE2	Znf263	P2rx5	True	False	False	False	False	False	C
Q8CF60	Q61644	Znf263	Pacsin1	True	False	False	False	False	False	B
Q8CF60	P41778	Znf263	Pbx1	True	False	False	False	False	False	C
Q8CF60	O35984	Znf263	Pbx2	True	False	False	False	False	False	C
Q8CF60	F6XJP7	Znf263	F6XJP7	True	False	False	False	False	False	B
Q8CF60	F7D3W5	Znf263	F7D3W5	True	False	False	False	False	False	B
Q8CF60	Q5PR72	Znf263	Q5PR72	True	False	False	False	False	False	B
Q8CF60	P05622	Znf263	Pdgfrb	True	False	False	False	False	False	B
Q8CF60	Q8K183	Znf263	Pdxk	True	False	False	False	False	False	B
Q8CF60	P12382	Znf263	Pfkl	True	False	False	False	False	False	B
Q8CF60	Q9WUA3	Znf263	Pfkp	True	False	False	False	False	False	B
Q8CF60	D3YZI9	Znf263	Pgbd5	True	False	False	False	False	False	B
Q8CF60	A0A140T8I9	Znf263	A0A140T8I9	True	False	False	False	False	False	B
Q8CF60	E9PUQ9	Znf263	E9PUQ9	True	False	False	False	False	False	B
Q8CF60	O70161	Znf263	Pip5k1c	True	False	False	False	False	False	B
Q8CF60	Q6ZPQ6	Znf263	Pitpnm2	True	False	False	False	False	False	B
Q8CF60	Q3UHE1	Znf263	Pitpnm3	True	False	False	False	False	False	B
Q8CF60	P97819	Znf263	Pla2g6	True	False	False	False	False	False	B
Q8CF60	Q8CIH5	Znf263	Plcg2	True	False	False	False	False	False	B
Q8CF60	F7C3A0	Znf263	F7C3A0	True	False	False	False	False	False	B
Q8CF60	Q9QXS1	Znf263	Plec	True	False	False	False	False	False	B
Q8CF60	Q66T02	Znf263	Plekhg5	True	False	False	False	False	False	B
Q8CF60	Q9DAX2	Znf263	Plpp2	True	False	False	False	False	False	C
Q8CF60	P70207	Znf263	Plxna2	True	False	False	False	False	False	B
Q8CF60	Q3UH93	Znf263	Plxnd1	True	False	False	False	False	False	B
Q8CF60	A2AJ88	Znf263	Pnpla7	True	False	False	False	False	False	B
Q8CF60	Q9WVF7	Znf263	Pole	True	False	False	False	False	False	B
Q8CF60	P37040	Znf263	Por	True	False	False	False	False	False	B
Q8CF60	Q8VHJ7	Znf263	Ppargc1b	True	False	False	False	False	False	B
Q8CF60	Q9D787	Znf263	Ppil2	True	False	False	False	False	False	B
Q8CF60	Q8CGA0	Znf263	Ppm1f	True	False	False	False	False	False	B
Q8CF60	P63328	Znf263	Ppp3ca	True	False	False	False	False	False	C
Q8CF60	A2AJ77	Znf263	Prdm12	True	False	False	False	False	False	C
Q8CF60	A2A935	Znf263	Prdm16	True	False	False	False	False	False	B
Q8CF60	Q91WG5	Znf263	Prkag2	True	False	False	False	False	False	B
Q8CF60	P12849	Znf263	Prkar1b	True	False	False	False	False	False	B
Q8CF60	P16054	Znf263	Prkce	True	False	False	False	False	False	B
Q8CF60	Q02956	Znf263	Prkcz	True	False	False	False	False	False	B
Q8CF60	Q8CCF0	Znf263	Prpf31	True	False	False	False	False	False	C
Q8CF60	Q812A5	Znf263	Prr5	True	False	False	False	False	False	B
Q8CF60	A0A0N4SVB5	Znf263	A0A0N4SVB5	True	False	False	False	False	False	C
Q8CF60	Q8BLR5	Znf263	Psd4	True	False	False	False	False	False	B
Q8CF60	Q8BKG3	Znf263	Ptk7	True	False	False	False	False	False	B
Q8CF60	Q9WU22	Znf263	Ptpn4	True	False	False	False	False	False	C
Q8CF60	A2A8L5	Znf263	Ptprf	True	False	False	False	False	False	B
Q8CF60	B1AUH1	Znf263	Ptpru	True	False	False	False	False	False	B
Q8CF60	Q9QYS9	Znf263	Qki	True	False	False	False	False	False	C
Q8CF60	Q69Z89	Znf263	Radil	True	False	False	False	False	False	B
Q8CF60	P63321	Znf263	Rala	True	False	False	False	False	False	C
Q8CF60	Q03385	Znf263	Ralgds	True	False	False	False	False	False	B
Q8CF60	A2AR50	Znf263	Ralgps1	True	False	False	False	False	False	B
Q8CF60	P62835	Znf263	Rap1a	True	False	False	False	False	False	C
Q8CF60	A2ALS5	Znf263	Rap1gap	True	False	False	False	False	False	B
Q8CF60	A0A0N4SVR5	Znf263	A0A0N4SVR5	True	False	False	False	False	False	B
Q8CF60	Q8R3C6	Znf263	Rbm19	True	False	False	False	False	False	B
Q8CF60	Q3UZA1	Znf263	Rcsd1	True	False	False	False	False	False	C
Q8CF60	P35546	Znf263	Ret	True	False	False	False	False	False	B
Q8CF60	Q8CGE9	Znf263	Rgs12	True	False	False	False	False	False	B
Q8CF60	Q9CQ18	Znf263	Rnaseh2c	True	False	False	False	False	False	C
Q8CF60	Q9Z138	Znf263	Ror2	True	False	False	False	False	False	B
Q8CF60	Q768S4	Znf263	Rph3al	True	False	False	False	False	False	B
Q8CF60	P62852	Znf263	Rps25	True	False	False	False	False	False	C
Q8CF60	G3UZI3	Znf263	G3UZI3	True	False	False	False	False	False	B
Q8CF60	Q9WUT3	Znf263	Rps6ka2	True	False	False	False	False	False	B
Q8CF60	A2ACM0	Znf263	A2ACM0	True	False	False	False	False	False	B
Q8CF60	Q3UH06	Znf263	Rreb1	True	False	False	False	False	False	C
Q8CF60	Q99PI8	Znf263	Rtn4r	True	False	False	False	False	False	B
Q8CF60	A0A087WR05	Znf263	A0A087WR05	True	False	False	False	False	False	B
Q8CF60	P28700	Znf263	Rxra	True	False	False	False	False	False	B
Q8CF60	A0A1L1SQG7	Znf263	A0A1L1SQG7	True	False	False	False	False	False	B
Q8CF60	Q99LB7	Znf263	Sardh	True	False	False	False	False	False	B
Q8CF60	Q7TNB8	Znf263	Sbno2	True	False	False	False	False	False	B
Q8CF60	Q61009	Znf263	Scarb1	True	False	False	False	False	False	B
Q8CF60	Q64519	Znf263	Sdc3	True	False	False	False	False	False	B
Q8CF60	Q6V4S5	Znf263	Sdk2	True	False	False	False	False	False	B
Q8CF60	A8Y5H7	Znf263	Sec14l1	True	False	False	False	False	False	B
Q8CF60	Q8CFT2	Znf263	Setd1b	True	False	False	False	False	False	C
Q8CF60	Q8VHL1	Znf263	Setd7	True	False	False	False	False	False	C
Q8CF60	Q925N2	Znf263	Sfxn2	True	False	False	False	False	False	C
Q8CF60	G3X9F6	Znf263	G3X9F6	True	False	False	False	False	False	B
Q8CF60	Q8C3Q5	Znf263	Shisa7	True	False	False	False	False	False	C
Q8CF60	O88520	Znf263	Shoc2	True	False	False	False	False	False	C
Q8CF60	P70390	Znf263	Shox2	True	False	False	False	False	False	C
Q8CF60	B1AUF1	Znf263	B1AUF1	True	False	False	False	False	False	B
Q8CF60	Q9WVL3	Znf263	Slc12a7	True	False	False	False	False	False	B
Q8CF60	Q3UHH2	Znf263	Slc22a23	True	False	False	False	False	False	B
Q8CF60	Q9QZD8	Znf263	Slc25a10	True	False	False	False	False	False	B
Q8CF60	Q8R139	Znf263	Slc29a4	True	False	False	False	False	False	C
Q8CF60	Q8C4N4	Znf263	Slc66a1	True	False	False	False	False	False	B
Q8CF60	O88576	Znf263	Slc6a18	True	False	False	False	False	False	B
Q8CF60	O35316	Znf263	Slc6a6	True	False	False	False	False	False	B
Q8CF60	Q8BUN5	Znf263	Smad3	True	False	False	False	False	False	B
Q8CF60	O35253	Znf263	Smad7	True	False	False	False	False	False	B
Q8CF60	Q6P9Z1	Znf263	Smarcd3	True	False	False	False	False	False	B
Q8CF60	A0A3B2WCK7	Znf263	A0A3B2WCK7	True	False	False	False	False	False	B
Q8CF60	Q78PY7	Znf263	Snd1	True	False	False	False	False	False	B
Q8CF60	E1U8D0	Znf263	Mtcl2	True	False	False	False	False	False	B
Q8CF60	Q9EPR5	Znf263	Sorcs2	True	False	False	False	False	False	B
Q8CF60	O70494	Znf263	Sp3	True	False	False	False	False	False	C
Q8CF60	Q9QXV8	Znf263	Spry2	True	False	False	False	False	False	C
Q8CF60	Q9D5L7	Znf263	Spsb1	True	False	False	False	False	False	B
Q8CF60	P05480	Znf263	Src	True	False	False	False	False	False	B
Q8CF60	D3YZW1	Znf263	D3YZW1	True	False	False	False	False	False	C
Q8CF60	Q9D032	Znf263	Ssbp3	True	False	False	False	False	False	B
Q8CF60	Q8QZV4	Znf263	Stk32c	True	False	False	False	False	False	B
Q8CF60	A0A0R4J0D3	Znf263	A0A0R4J0D3	True	False	False	False	False	False	C
Q8CF60	O35526	Znf263	Stx1a	True	False	False	False	False	False	B
Q8CF60	Q8BH32	Znf263	Susd4	True	False	False	False	False	False	C
Q8CF60	F6SEU4	Znf263	Syngap1	True	False	False	False	False	False	C
Q8CF60	D3YWM9	Znf263	D3YWM9	True	False	False	False	False	False	B
Q8CF60	E0CYK1	Znf263	E0CYK1	True	False	False	False	False	False	B
Q8CF60	E9Q8T1	Znf263	E9Q8T1	True	False	False	False	False	False	B
Q8CF60	A0A0J9YVA2	Znf263	A0A0J9YVA2	True	False	False	False	False	False	B
Q8CF60	P54797	Znf263	Tango2	True	False	False	False	False	False	B
Q8CF60	Q60949	Znf263	Tbc1d1	True	False	False	False	False	False	C
Q8CF60	Q8BYA0	Znf263	Tbcd	True	False	False	False	False	False	B
Q8CF60	B9EII4	Znf263	B9EII4	True	False	False	False	False	False	B
Q8CF60	Q3B807	Znf263	Tcerg1l	True	False	False	False	False	False	B
Q8CF60	E9PVV1	Znf263	E9PVV1	True	False	False	False	False	False	B
Q8CF60	A0A0J9YTU7	Znf263	A0A0J9YTU7	True	False	False	False	False	False	C
Q8CF60	P56844	Znf263	Tcl1b4	True	False	False	False	False	False	C
Q8CF60	P56842	Znf263	Tcl1b3	True	False	False	False	False	False	C
Q8CF60	P56845	Znf263	Tcl1b5	True	False	False	False	False	False	C
Q8CF60	Q9JKL5	Znf263	Tesc	True	False	False	False	False	False	B
Q8CF60	Q64092	Znf263	Tfe3	True	False	False	False	False	False	C
Q8CF60	D3YZM7	Znf263	D3YZM7	True	False	False	False	False	False	B
Q8CF60	P37242	Znf263	Thrb	True	False	False	False	False	False	C
Q8CF60	Q08122	Znf263	Tle3	True	False	False	False	False	False	B
Q8CF60	A0A0A6YVY4	Znf263	A0A0A6YVY4	True	False	False	False	False	False	C
Q8CF60	Q8R138	Znf263	Tmem119	True	False	False	False	False	False	C
Q8CF60	F7BAB2	Znf263	F7BAB2	True	False	False	False	False	False	B
Q8CF60	Q6PHN7	Znf263	Tmem164	True	False	False	False	False	False	C
Q8CF60	A2A8U2	Znf263	Tmem201	True	False	False	False	False	False	B
Q8CF60	Q5SSZ5	Znf263	Tns3	True	False	False	False	False	False	B
Q8CF60	Q9Z321	Znf263	Top3b	True	False	False	False	False	False	B
Q8CF60	Q9JJP2	Znf263	Tp73	True	False	False	False	False	False	B
Q8CF60	Q6IRU2	Znf263	Tpm4	True	False	False	False	False	False	C
Q8CF60	P39429	Znf263	Traf2	True	False	False	False	False	False	C
Q8CF60	Q3U0M1	Znf263	Trappc9	True	False	False	False	False	False	B
Q8CF60	Q8R2Q0	Znf263	Trim29	True	False	False	False	False	False	C
Q8CF60	E9QP19	Znf263	E9QP19	True	False	False	False	False	False	C
Q8CF60	Q0KL02	Znf263	Trio	True	False	False	False	False	False	B
Q8CF60	Q91YD4	Znf263	Trpm2	True	False	False	False	False	False	C
Q8CF60	Q9EQN3	Znf263	Tsc22d4	True	False	False	False	False	False	C
Q8CF60	Q7TNF8	Znf263	Tspoap1	True	False	False	False	False	False	C
Q8CF60	Q8BGB2	Znf263	Ttc7a	True	False	False	False	False	False	B
Q8CF60	Q6P5F7	Znf263	Ttyh3	True	False	False	False	False	False	B
Q8CF60	P55144	Znf263	Tyro3	True	False	False	False	False	False	C
Q8CF60	Q8VDI7	Znf263	Ubac1	True	False	False	False	False	False	B
Q8CF60	B1AY13	Znf263	Usp24	True	False	False	False	False	False	C
Q8CF60	Q60992	Znf263	Vav2	True	False	False	False	False	False	B
Q8CF60	E0CZC0	Znf263	E0CZC0	True	False	False	False	False	False	C
Q8CF60	A2ACD2	Znf263	A2ACD2	True	False	False	False	False	False	C
Q8CF60	D3Z757	Znf263	D3Z757	True	False	False	False	False	False	B
Q8CF60	E9QM73	Znf263	E9QM73	True	False	False	False	False	False	B
Q8CF60	P22724	Znf263	Wnt4	True	False	False	False	False	False	B
Q8CF60	P24383	Znf263	Wnt7a	True	False	False	False	False	False	B
Q8CF60	Q3U4G3	Znf263	Xxylt1	True	False	False	False	False	False	B
Q8CF60	Q3TUF7	Znf263	Yeats2	True	False	False	False	False	False	B
Q8CF60	Q3UQ17	Znf263	Q3UQ17	True	False	False	False	False	False	B
Q8CF60	Q8VCZ7	Znf263	Zbtb7c	True	False	False	False	False	False	B
Q8CF60	G3X8T2	Znf263	G3X8T2	True	False	False	False	False	False	B
Q8CF60	E9Q8K8	Znf263	E9Q8K8	True	False	False	False	False	False	C
Q8CF60	Q2MHN3	Znf263	Zfhx2	True	False	False	False	False	False	C
Q8CF60	Q6ZPK7	Znf263	Zfyve28	True	False	False	False	False	False	B
Q8CF60	F8VPV3	Znf263	F8VPV3	True	False	False	False	False	False	C
Q8CF60	Q6P1E1	Znf263	Zmiz1	True	False	False	False	False	False	B
Q8CF60	Q61624	Znf263	Znf148	True	False	False	False	False	False	C
Q8CF60	A0A571BDK1	Znf263	A0A571BDK1	True	False	False	False	False	False	B
Q8CF60	Q56A10	Znf263	Znf608	True	False	False	False	False	False	B
A0A0R4J249	A0A2C9F2E5	A0A0R4J249	A0A2C9F2E5	True	False	False	False	False	False	C
D3Z1J4	A0A2C9F2E5	D3Z1J4	A0A2C9F2E5	True	False	False	False	False	False	C
A0A0R4J249	P50295	A0A0R4J249	Nat2	True	False	False	False	False	False	C
D3Z1J4	P50295	D3Z1J4	Nat2	True	False	False	False	False	False	C
A0A0R4J249	Q920G8	A0A0R4J249	Slc25a37	True	False	False	False	False	False	C
D3Z1J4	Q920G8	D3Z1J4	Slc25a37	True	False	False	False	False	False	C
A0A0R4J249	D3YWJ5	A0A0R4J249	D3YWJ5	True	False	False	False	False	False	C
D3Z1J4	D3YWJ5	D3Z1J4	D3YWJ5	True	False	False	False	False	False	C
A0A0R4J249	Q9QZM4	A0A0R4J249	Tnfrsf10b	True	False	False	False	False	False	B
D3Z1J4	Q9QZM4	D3Z1J4	Tnfrsf10b	True	False	False	False	False	False	B
A0A0R4J249	Q7TSI0	A0A0R4J249	Znf12	True	False	False	False	False	False	C
D3Z1J4	Q7TSI0	D3Z1J4	Znf12	True	False	False	False	False	False	C
A0A0R4J249	Q8CF60	A0A0R4J249	Znf263	True	False	False	False	False	False	C
D3Z1J4	Q8CF60	D3Z1J4	Znf263	True	False	False	False	False	False	C
A0A0R4J249	Q8C0Q5	A0A0R4J249	Q8C0Q5	True	False	False	False	False	False	C
D3Z1J4	Q8C0Q5	D3Z1J4	Q8C0Q5	True	False	False	False	False	False	C
A0A0R4J249	A0A286YCD9	A0A0R4J249	A0A286YCD9	True	False	False	False	False	False	C
D3Z1J4	A0A286YCD9	D3Z1J4	A0A286YCD9	True	False	False	False	False	False	C
E9Q1A5	E9Q4F7	E9Q1A5	Ankrd11	True	False	False	False	False	False	C
E9Q1A5	O54774	E9Q1A5	Ap3d1	True	False	False	False	False	False	C
E9Q1A5	A2BH40	E9Q1A5	Arid1a	True	False	False	False	False	False	C
E9Q1A5	A0A286YDU2	E9Q1A5	A0A286YDU2	True	False	False	False	False	False	C
E9Q1A5	A0A494BBD0	E9Q1A5	A0A494BBD0	True	False	False	False	False	False	C
E9Q1A5	P97445	E9Q1A5	Cacna1a	True	False	False	False	False	False	C
E9Q1A5	Q91WE6	E9Q1A5	Cdkal1	True	False	False	False	False	False	C
E9Q1A5	Q6ZQ08	E9Q1A5	Cnot1	True	False	False	False	False	False	C
E9Q1A5	F8VPR5	E9Q1A5	F8VPR5	True	False	False	False	False	False	C
E9Q1A5	P10605	E9Q1A5	Ctsb	True	False	False	False	False	False	C
E9Q1A5	Q6PAL8	E9Q1A5	Dennd5a	True	False	False	False	False	False	C
E9Q1A5	Q61214	E9Q1A5	Dyrk1a	True	False	False	False	False	False	C
E9Q1A5	A0A0R4J0H9	E9Q1A5	A0A0R4J0H9	True	False	False	False	False	False	C
E9Q1A5	Q69ZW3	E9Q1A5	Ehbp1	True	False	False	False	False	False	C
E9Q1A5	Q60775	E9Q1A5	Elf1	True	False	False	False	False	False	C
E9Q1A5	Q80ZM3	E9Q1A5	Etfbkmt	True	False	False	False	False	False	C
E9Q1A5	P53798	E9Q1A5	Fdft1	True	False	False	False	False	False	C
E9Q1A5	Q80X90	E9Q1A5	Flnb	True	False	False	False	False	False	C
E9Q1A5	Q9DB00	E9Q1A5	Gon4l	True	False	False	False	False	False	C
E9Q1A5	Q9ESZ8	E9Q1A5	Gtf2i	True	False	False	False	False	False	C
E9Q1A5	Q9JJK5	E9Q1A5	Herpud1	True	False	False	False	False	False	C
E9Q1A5	Q9CPN8	E9Q1A5	Igf2bp3	True	False	False	False	False	False	C
E9Q1A5	Q07113	E9Q1A5	Igf2r	True	False	False	False	False	False	C
E9Q1A5	Q69ZK6	E9Q1A5	Jmjd1c	True	False	False	False	False	False	C
E9Q1A5	A2A5Y4	E9Q1A5	A2A5Y4	True	False	False	False	False	False	C
E9Q1A5	Q8VCD7	E9Q1A5	Kdm4c	True	False	False	False	False	False	C
E9Q1A5	Q9Z2X8	E9Q1A5	Keap1	True	False	False	False	False	False	C
E9Q1A5	O35345	E9Q1A5	Kpna6	True	False	False	False	False	False	C
E9Q1A5	A0A0A6YVZ8	E9Q1A5	A0A0A6YVZ8	True	False	False	False	False	False	C
E9Q1A5	Q8BJ34	E9Q1A5	Marf1	True	False	False	False	False	False	C
E9Q1A5	Q924H2	E9Q1A5	Med15	True	False	False	False	False	False	C
E9Q1A5	P97367	E9Q1A5	Meis2	True	False	False	False	False	False	C
E9Q1A5	Q9CZA6	E9Q1A5	Nde1	True	False	False	False	False	False	C
E9Q1A5	Q9WV30	E9Q1A5	Nfat5	True	False	False	False	False	False	C
E9Q1A5	E9PUH7	E9Q1A5	E9PUH7	True	False	False	False	False	False	C
E9Q1A5	Q7M753	E9Q1A5	Pank2	True	False	False	False	False	False	B
E9Q1A5	Q501J7	E9Q1A5	Phactr4	True	False	False	False	False	False	C
E9Q1A5	A0A1C7ZN08	E9Q1A5	A0A1C7ZN08	True	False	False	False	False	False	C
E9Q1A5	A0A140T8I9	E9Q1A5	A0A140T8I9	True	False	False	False	False	False	C
E9Q1A5	Q8CCF0	E9Q1A5	Prpf31	True	False	False	False	False	False	C
E9Q1A5	F8WHT3	E9Q1A5	F8WHT3	True	False	False	False	False	False	C
E9Q1A5	P34152	E9Q1A5	Ptk2	True	False	False	False	False	False	C
E9Q1A5	Q9WVM1	E9Q1A5	Racgap1	True	False	False	False	False	False	C
E9Q1A5	Q8CBY1	E9Q1A5	Samd4a	True	False	False	False	False	False	C
E9Q1A5	O35253	E9Q1A5	Smad7	True	False	False	False	False	False	C
E9Q1A5	A0A5F8MPJ2	E9Q1A5	A0A5F8MPJ2	True	False	False	False	False	False	C
E9Q1A5	P40645	E9Q1A5	Sox6	True	False	False	False	False	False	C
E9Q1A5	A2ADB0	E9Q1A5	A2ADB0	True	False	False	False	False	False	C
E9Q1A5	A0A0G2JDT6	E9Q1A5	A0A0G2JDT6	True	False	False	False	False	False	C
E9Q1A5	Q8BYC6	E9Q1A5	Taok3	True	False	False	False	False	False	C
E9Q1A5	D3YWM7	E9Q1A5	D3YWM7	True	False	False	False	False	False	C
E9Q1A5	A0A0J9YTU7	E9Q1A5	A0A0J9YTU7	True	False	False	False	False	False	C
E9Q1A5	P70284	E9Q1A5	Tgif1	True	False	False	False	False	False	C
E9Q1A5	Q569Z6	E9Q1A5	Thrap3	True	False	False	False	False	False	C
E9Q1A5	Q3U0M1	E9Q1A5	Trappc9	True	False	False	False	False	False	C
E9Q1A5	Q9CZY3	E9Q1A5	Ube2v1	True	False	False	False	False	False	C
E9Q1A5	Q6ZQ93	E9Q1A5	Usp34	True	False	False	False	False	False	C
E9Q1A5	F8VPX1	E9Q1A5	F8VPX1	True	False	False	False	False	False	C
E9Q1A5	A2A484	E9Q1A5	A2A484	True	False	False	False	False	False	C
Q8BHZ4	Q6PAL7	Znf592	Ahdc1	True	False	False	False	False	False	C
Q8BHZ4	Q67FY2	Znf592	Bcl9l	True	False	False	False	False	False	C
Q8BHZ4	E9PYR1	Znf592	E9PYR1	True	False	False	False	False	False	C
Q8BHZ4	Q9DBE9	Znf592	Ftsj3	True	False	False	False	False	False	C
Q8BHZ4	Q8K1C9	Znf592	Lrrc41	True	False	False	False	False	False	C
Q8BHZ4	P59114	Znf592	Pcif1	True	False	False	False	False	False	C
Q8BHZ4	Q80TJ7	Znf592	Phf8	True	False	False	False	False	False	C
Q8BHZ4	Q69ZK0	Znf592	Prex1	True	False	False	False	False	False	C
Q8BHZ4	Q99PV0	Znf592	Prpf8	True	False	False	False	False	False	C
Q8BHZ4	Q8C079	Znf592	Strip1	True	False	False	False	False	False	C
Q8BHZ4	O35075	Znf592	Vps26c	True	False	False	False	False	False	C
Q8BHZ4	Q6PEV3	Znf592	Wipf2	True	False	False	False	False	False	C
Q8BHZ4	Q6NV66	Znf592	Zfp646	True	False	False	False	False	False	C
Q99KZ6	Q8CJF7	Znf639	Ahctf1	True	False	False	False	False	False	C
Q99KZ6	Q91W50	Znf639	Csde1	True	False	False	False	False	False	C
Q99KZ6	Q8R242	Znf639	Ctbs	True	False	False	False	False	False	C
Q99KZ6	Q8K1M6	Znf639	Dnm1l	True	False	False	False	False	False	C
Q99KZ6	Q9WUA5	Znf639	Epm2a	True	False	False	False	False	False	C
Q99KZ6	Q9ERH7	Znf639	Hipk3	True	False	False	False	False	False	C
Q99KZ6	P63158	Znf639	Hmgb1	True	False	False	False	False	False	C
Q99KZ6	Q9WTU6	Znf639	Mapk9	True	False	False	False	False	False	C
Q99KZ6	Q60929	Znf639	Mef2a	True	False	False	False	False	False	C
Q99KZ6	Q80WJ7	Znf639	Mtdh	True	False	False	False	False	False	C
Q99KZ6	Q4VA53	Znf639	Pds5b	True	False	False	False	False	False	C
Q99KZ6	K4DI61	Znf639	K4DI61	True	False	False	False	False	False	C
Q99KZ6	Q60996	Znf639	Ppp2r5c	True	False	False	False	False	False	C
Q99KZ6	A0A1Y7VMI3	Znf639	A0A1Y7VMI3	True	False	False	False	False	False	C
Q99KZ6	O70274	Znf639	Ptp4a2	True	False	False	False	False	False	C
Q99KZ6	P35235	Znf639	Ptpn11	True	False	False	False	False	False	C
Q99KZ6	Q921J2	Znf639	Rheb	True	False	False	False	False	False	C
Q99KZ6	Q8BI21	Znf639	Rnf38	True	False	False	False	False	False	C
Q99KZ6	O08848	Znf639	RO60	True	False	False	False	False	False	C
Q99KZ6	Q9DA37	Znf639	Samd8	True	False	False	False	False	False	C
Q99KZ6	Q8BXT9	Znf639	Sec22c	True	False	False	False	False	False	C
Q99KZ6	P42208	Znf639	Septin2	True	False	False	False	False	False	C
Q99KZ6	Q60520	Znf639	Sin3a	True	False	False	False	False	False	C
Q99KZ6	Q8R4H9	Znf639	Slc30a5	True	False	False	False	False	False	C
Q99KZ6	O08759	Znf639	Ube3a	True	False	False	False	False	False	C
Q99KZ6	Q3TLD5	Znf639	Uri1	True	False	False	False	False	False	C
Q99KZ6	D3YVH9	Znf639	D3YVH9	True	False	False	False	False	False	C
Q99KZ6	O70230	Znf639	Znf143	True	False	False	False	False	False	C
Q99KZ6	Q6KAQ7	Znf639	Zzz3	True	False	False	False	False	False	C
D3YY78	Q8C9X6	D3YY78	Epc1	True	False	False	False	False	False	C
D3YY78	Q5SRY7	D3YY78	Fbxw11	True	False	False	False	False	False	C
D3YY78	P06537	D3YY78	Nr3c1	True	False	False	False	False	False	C
D3YY78	O70477	D3YY78	Pknox1	True	False	False	False	False	False	C
D3YY78	Q8K1J5	D3YY78	Sde2	True	False	False	False	False	False	C
D3YY78	D3Z079	D3YY78	D3Z079	True	False	False	False	False	False	C
D3YY78	Q68FE8	D3YY78	Znf280d	True	False	False	False	False	False	C
Q6NZQ6	Q9Z103	Znf740	Adnp	True	False	False	False	False	False	C
Q6NZQ6	E9Q4F7	Znf740	Ankrd11	True	False	False	False	False	False	C
Q6NZQ6	Q7JJ13	Znf740	Brd2	True	False	False	False	False	False	C
Q6NZQ6	Q9CWL2	Znf740	Casz1	True	False	False	False	False	False	C
Q6NZQ6	F8VPR5	Znf740	F8VPR5	True	False	False	False	False	False	C
Q6NZQ6	P13864	Znf740	Dnmt1	True	False	False	False	False	False	C
Q6NZQ6	Q6PB97	Znf740	Fbxl19	True	False	False	False	False	False	C
Q6NZQ6	P17095	Znf740	Hmga1	True	False	False	False	False	False	C
Q6NZQ6	P42581	Znf740	Hmx3	True	False	False	False	False	False	C
Q6NZQ6	Q8R081	Znf740	Hnrnpl	True	False	False	False	False	False	C
Q6NZQ6	Q02257	Znf740	Jup	True	False	False	False	False	False	C
Q6NZQ6	Q6P1G2	Znf740	Kdm2b	True	False	False	False	False	False	C
Q6NZQ6	Q6ZQ58	Znf740	Larp1	True	False	False	False	False	False	C
Q6NZQ6	A2ARP8	Znf740	A2ARP8	True	False	False	False	False	False	C
Q6NZQ6	D3YV97	Znf740	D3YV97	True	False	False	False	False	False	B
Q6NZQ6	Q9Z2D6	Znf740	Mecp2	True	False	False	False	False	False	C
Q6NZQ6	Q8K3A9	Znf740	Mepce	True	False	False	False	False	False	C
Q6NZQ6	Q02780	Znf740	Nfia	True	False	False	False	False	False	C
Q6NZQ6	Q3TZG8	Znf740	Q3TZG8	True	False	False	False	False	False	C
Q6NZQ6	A0A087WR61	Znf740	A0A087WR61	True	False	False	False	False	False	C
Q6NZQ6	P20033	Znf740	Pdgfa	True	False	False	False	False	False	C
Q6NZQ6	P60469	Znf740	Ppfia3	True	False	False	False	False	False	C
Q6NZQ6	Q76MZ3	Znf740	Ppp2r1a	True	False	False	False	False	False	C
Q6NZQ6	E9PYL2	Znf740	Prr12	True	False	False	False	False	False	C
Q6NZQ6	Q8BYP3	Znf740	Rhof	True	False	False	False	False	False	C
Q6NZQ6	Q8CFT2	Znf740	Setd1b	True	False	False	False	False	False	B
Q6NZQ6	Q5F2E8	Znf740	Taok1	True	False	False	False	False	False	C
Q6NZQ6	Q8BH80	Znf740	Q8BH80	True	False	False	False	False	False	C
Q6NZQ6	P83741	Znf740	Wnk1	True	False	False	False	False	False	C
Q6NZQ6	O88939	Znf740	Zbtb7a	True	False	False	False	False	False	C
Q6NZQ6	E0CY81	Znf740	E0CY81	True	False	False	False	False	False	C
Q6NZQ6	Q62511	Znf740	Zfp91	True	False	False	False	False	False	C
Q6NZQ6	Q8VD12	Znf740	Znf385a	True	False	False	False	False	False	C
Q6NZQ6	B7ZCR6	Znf740	B7ZCR6	True	False	False	False	False	False	C
Q6NZQ6	Q9D2D7	Znf740	Znf687	True	False	False	False	False	False	C
P01108	O70372	Myc	Tert	True	True	False	True	True	False	A
Q8BUN5	P05627	Smad3	Jun	True	True	False	True	True	False	A
P97471	P05627	Smad4	Jun	True	True	False	True	True	False	A
A0A979HLR9	P05064	A0A979HLR9	Aldoa	True	True	False	True	True	False	A
P02340	E9QNX9	Tp53	E9QNX9	True	False	True	True	False	True	A
Q3UQ17	P51943	Q3UQ17	Ccna2	True	False	True	True	False	True	A
A0A087WSP5	P39689	A0A087WSP5	Cdkn1a	True	True	False	True	True	False	A
Q04207	P21447	Rela	Abcb1a	True	True	False	True	True	False	A
P02340	P39689	Tp53	Cdkn1a	True	True	True	True	True	False	A
P02340	P13405	Tp53	Rb1	True	False	True	True	False	True	A
Q61501	P39689	E2f1	Cdkn1a	True	True	False	True	True	False	A
A0A1Y7VML1	P39689	A0A1Y7VML1	Cdkn1a	True	True	False	True	True	False	A
Q00899	P06537	Yy1	Nr3c1	True	True	False	True	True	False	A